3
1000 206 309
-0.120497 0.0302707  0.015 
0.0700041 0.0812922 0.297572 
0.14243 -0.0489007 0.273104 
0.0444899 0.0776172  0.315 
-0.00756911 0.0128638 0.450769 
-0.07530920000000001 -0.011633 -0.0530338 
0.093309 -0.0282714 0.0129056 
0.103424 -0.077763 0.0187127 
0.080125 0.0377052   0.01 
0.06281879999999999 -0.11743 0.250343 
-0.065 -0.0828063 0.0833692 
0.0411424 0.0205949 0.495869 
0.07531160000000001 0.008500000000000001 -0.00516391 
-0.0408122 0.122106 0.146842 
0.119797 0.107459   0.16 
-0.0776154 0.0645573 0.338673 
-0.009173509999999999 0.06625880000000001 0.0310933 
-0.007908220000000001 -0.116 0.0894766 
-0.052587 -0.0715987 0.172102 
0.06315 0.06511699999999999 0.128083 
0.0372611 -0.00286506 0.468054 
-0.135469 -0.0788881 0.19311 
0.13337 0.112502 0.131629 
0.0531374 -0.0679186 0.374888 
-0.109649   0.05 0.297413 
-0.0137382 0.0826026 0.173791 
0.0969169 -0.03385 0.318922 
0.160797 -0.0190165 0.0968055 
0.06378880000000001 0.0505639 0.469044 
0.030433 0.0588316 0.0233344 
-0.0546537 -0.0108765   0.01 
0.0456421 -0.0889677 0.15785 
0.00233507 -0.0456883 -2.38606e-09 
0.0289111 -0.120449 0.222185 
0.120551 0.1058 0.101129 
-0.00779147 -0.0180314 0.06985 
-0.0335434 -0.0138071 0.517286 
0.037735  0.122 0.243501 
0.07670879999999999 0.0382003 0.04566 
0.00928168 -0.06341049999999999  0.349 
0.0597716 0.0590495  0.015 
-0.065 -0.0778105 0.0976065 
0.146652 0.08903229999999999 0.291275 
0.161484 0.0225904 0.131499 
-0.037104 -0.0767893 0.38246 
-0.0512614 -0.0208898 0.139439 
-0.08599999999999999 0.00512142 -0.111248 
-0.203968 5.93041e-05 0.271111 
-0.225729 -0.00124309 0.235152 
  0.12 0.0571222 0.260738 
0.0668658  0.122 0.261386 
-0.121568 0.08900959999999999  0.315 
-0.145986 0.0125371 0.058008 
-0.0406535 -0.089716 0.010216 
-0.102163 -0.0307061 -0.0132339 
0.0666196 -0.0757838 0.23698 
-0.0505209 -0.0273861 0.50887 
-0.2238 -0.00711082 0.172876 
-0.0288906 -0.0102764 0.289283 
0.0796632 -0.0673047  0.015 
0.0477469 -0.0758829 0.327252 
  0.12 0.109526 0.208264 
0.130883   0.02 0.28928 
0.0261334 0.122106 0.110893 
-0.0429545 -0.0589157 0.15785 
-0.034806 0.0478297 0.06900000000000001 
-0.169755 -0.0620989 0.139868 
0.0394721 0.0317164 0.06985 
 0.065 -0.109052 0.0832324 
-0.229315 0.0182962 0.245371 
-0.042 0.0365386 0.410826 
 0.065 0.113192 0.120995 
0.0592658 0.0812205  0.304 
-0.0278004 -0.0491874  0.317 
0.033361 0.0490028 -2.38606e-09 
0.0163115 0.0186265 0.486318 
-0.0795695 -0.024393 0.132196 
0.167687 0.0988236 0.254077 
-0.0383948 0.09988039999999999 0.06900000000000001 
0.181497 -0.0376886 0.144209 
0.114214 0.08555500000000001 0.18479 
0.155957 0.0490789 0.145054 
-0.0412921 -0.0613152 0.510528 
-0.065 0.0195261 0.121114 
-0.113498 0.120946  0.304 
0.0650152 0.0511754 0.445968 
-0.054999 -0.115034 0.06900000000000001 
0.06315 0.0668605 0.13025 
-0.070053 -0.110028 0.0771047 
0.0952132 0.06462130000000001 0.222572 
0.015894 0.115811 0.222572 
0.0109695 -0.0447622 0.469247 
-0.138525 -0.0324053 0.282804 
-0.0283977 -0.0767683 0.492062 
-0.047 -0.000529839 0.351931 
0.070136 -0.0062883   0.01 
 0.176 -0.00223338 0.145943 
-0.09786010000000001 0.104346 0.297572 
0.12242 0.0747516 0.327772 
0.213176 -0.0120674 0.264749 
0.101529 0.11955   0.16 
-0.042 -0.00285358 0.387203 
0.0522 0.0822609 0.149858 
-0.08599999999999999 0.0212457 -0.0533791 
  0.12 0.127275 0.189085 
-0.0599387 -0.0421168 0.430206 
0.148253 -0.0669133 0.163905 
-0.146376 0.0760868 0.235126 
 0.135 0.0793476 0.163281 
0.0941866 0.06756470000000001  0.015 
-0.0879701 -0.0371878 0.009949680000000001 
0.0336969 -0.114877 0.250887 
0.0263387 -0.08689330000000001 -2.38606e-09 
-0.170551 0.0918276 0.23139 
0.0179578 0.059294 0.505351 
-0.0304533 -0.08696479999999999 0.461816 
-0.065 -0.0695534 0.12407 
-0.00893177 0.00680528 0.456588 
0.102807 0.127008 0.176008 
-0.08599999999999999 0.0256153 -0.08292869999999999 
-0.00388734   0.05 0.216188 
  0.17 -0.0165505 0.288501 
-0.07338219999999999 -0.00619871 0.289409 
 0.065 -0.120726 0.154996 
-0.148921 0.0997384 0.106678 
-0.0263234   0.09 0.0118043 
0.153061 -0.0242201 0.132373 
-0.028992 0.10728  0.174 
-0.0622969 0.0446281  0.315 
-0.232795 0.00220081 0.248765 
-0.246356 0.009463539999999999 0.229128 
-0.135 0.06656289999999999 0.263264 
0.169006 0.118681 0.173072 
-0.082868 -0.0263983 0.285309 
-0.018941 -0.09007660000000001 0.06985 
 0.039 0.0195418 0.36371 
0.0411663 -0.09236129999999999 0.313359 
0.00604482 -0.0593221  0.317 
-0.0952192 -0.0586965 0.335386 
-0.0487509 -0.0342345  0.317 
0.0483643 -0.0139168   0.01 
-0.0457189 -0.00176153 0.468179 
0.218131 -0.06812849999999999 0.199915 
-0.0552724 -0.0876141 0.08644110000000001 
-0.0715153 0.0724307  0.315 
-0.0399008 -0.043069 0.06900000000000001 
0.0498834 0.116673 0.0629764 
  0.17 -0.095452 0.1833 
-0.168133 -0.07688680000000001 0.138411 
0.238275 -0.0377971 0.183624 
-0.140107 -0.0793402 0.194871 
0.107748 0.072895 0.328335 
-0.107138 -0.1134 0.260683 
0.0380737 -0.0738573 0.15785 
0.139558 -0.00801525 0.0210026 
-0.0635337 0.008500000000000001 -0.00369848 
-0.0125937 -0.096344 0.313637 
0.0578127 0.121024   0.16 
0.0469224 0.0528689 0.06900000000000001 
-0.047 -0.00748745 0.420858 
-0.0878154 -0.0593685  0.327 
0.0113181 -0.0911467 0.15785 
0.0944518 -0.0996928 0.0803545 
0.00527359 -0.0966645 0.309975 
0.0420463   0.13 0.289964 
0.0149323 -0.114 0.0707888 
0.07349840000000001 0.125816 0.303184 
0.00185857 -0.0440746 0.06985 
 0.135 0.0743004 0.301579 
0.167783 0.0197416 0.315093 
0.115413 0.07821690000000001  0.315 
0.0766476 -0.0405361 0.139547 
-0.0118457 0.0399866 0.418071 
-0.0576301 -0.0379675 0.453948 
0.0999361 0.09667240000000001 0.297572 
-0.03049 0.116106 0.106895 
0.0155116 -0.12006 0.18838 
 0.065 -0.0645278 0.100279 
-0.06115 -0.051416 0.113368 
0.070532 0.0533829 0.007921569999999999 
0.0451321 -0.0669298   0.01 
0.0358374 0.0245662 0.06900000000000001 
0.0544645 0.0109265 0.507755 
0.0181334 -0.0133151 0.473041 
-0.237045 -0.011781 0.161254 
0.09181060000000001 0.112475 0.222572 
-0.127412 -0.0227845  0.015 
 0.135 0.0918414 0.265621 
0.0208971   0.05 0.289093 
0.126475 -0.0803613 0.204513 
 0.065 -0.07622809999999999 0.102774 
-0.0719365 -0.0768551 0.185192 
0.0659761 0.0481207   0.01 
 0.135 0.091408 0.306441 
0.0207295 0.0721016 0.461925 
0.06859 -0.0688843 0.25051 
0.0226725 0.0272238   0.01 
-0.06956660000000001 -0.013735 -0.0429668 
0.0397975 0.0496172  0.015 
0.0198742 -0.0310509 0.283515 
0.164314 0.06475350000000001 0.116754 
0.0212314   0.02 0.300424 
-0.111389 0.0541425  0.317 
0.0212678 0.0472948 0.07185 
0.00745468 0.0550814 0.13785 
 -0.17 0.0594779 0.290812 
0.0729592 -0.0123944 0.347789 
0.07843360000000001 0.00603533 0.0222852 
0.0521511 -0.0997316 0.06900000000000001 
0.00782685 0.00278605 0.127418 
0.00578269 0.0873612 0.173791 
-0.08305510000000001 0.00181611 -0.09962020000000001 
 0.065 -0.0803608 0.0908542 
-0.171555 -0.06884469999999999 0.258592 
0.159526 -0.090798 0.286761 
0.0244242 -0.114 0.07590379999999999 
-0.0168428 0.0132709 0.450841 
-0.134713 0.0132646   0.01 
-0.0479725 -0.0279713  0.015 
0.0242504 0.0357709 -2.38606e-09 
0.09766270000000001 -0.0290709 0.284051 
0.14318 -0.009981429999999999 0.0415428 
0.0278513 0.0114893  0.015 
-0.153092 0.0890225 0.101917 
0.150874 0.0620215 0.325608 
-0.0735135 0.00960958  0.015 
-0.042 0.0325987 0.380348 
-0.185365 -0.0574839 0.162495 
-0.0622879 0.0993464 0.0576203 
0.100702   0.13 0.235685 
0.0363728 0.055062 0.499219 
0.12803 0.0666954 0.335306 
-0.104332 0.0976326 0.222572 
0.14606 0.105435 0.237357 
-0.06906809999999999 0.0134211 0.288724 
-0.0333386 0.00306507  0.015 
0.0372183 0.07391499999999999  0.315 
-0.0724552   0.13 0.259982 
-0.065 -0.0765337 0.07094590000000001 
-0.231955 0.00863016 0.235283 
0.0154355 0.007878120000000001 0.47426 
-0.135 0.106738 0.169913 
-0.105399 0.04763 0.348801 
0.15014 -0.0494214 0.06701849999999999 
-0.142332 0.0140527 0.330334 
0.110318 -0.0786377 0.225865 
-0.170673 -0.083693 0.251073 
-0.0487728 0.018253 0.0435 
0.133215 -0.0626955 0.25972 
0.0884978 0.102714 0.0791871 
0.0593595 -0.0783717 0.07185 
0.115093 0.0903558 0.323043 
0.167849 -0.0836102 0.136801 
-0.0108783 0.0110542 0.06900000000000001 
-0.056223 0.116106 0.136245 
 0.042 0.00357995 0.386595 
-0.169404 0.0652131 0.312734 
-0.127456 0.0319332  0.015 
-0.166426 -0.0481966 0.144409 
0.08400000000000001 0.0252201 0.0235488 
-0.06900000000000001 -0.0207065 -0.0884651 
0.142331 -0.0547953 0.319876 
0.012643 -0.00775978 0.461013 
0.0300688 -0.116 0.153929 
-0.102039 -0.0595584 0.26297 
-0.0281823 0.0299628  0.315 
-0.0464344 -0.0342521 0.448324 
0.168873 0.112706 0.216405 
-0.0222858 0.0289535  0.015 
0.0145575 0.0203664 0.06900000000000001 
 -0.17 -0.0994669 0.160835 
0.05915 -0.0226784 0.08943669999999999 
0.0135208 -0.116 0.0713389 
0.0711676 -0.0939342 0.282496 
-0.0246641 0.00955576  0.348 
-0.117394 0.0932103   0.16 
0.00166904 -0.0116321 0.44643 
0.06315 -0.108036 0.14336 
0.0346317 0.0903514 0.222572 
-0.0123222 0.122106 0.0893689 
0.0576766 0.0805075  0.174 
-0.0130683 -0.00276751 0.15255 
0.0255075 -0.0427791 0.277359 
0.0737645 0.000905377 -0.0276816 
-0.0431433 0.0476438 0.420517 
-0.135 0.0759522 0.172967 
-0.0292175 0.0146078 0.06985 
0.065994 0.08296729999999999 0.297572 
0.232341 -0.0261825 0.178263 
-0.0795961 0.079429   0.01 
0.164001 -0.0225267 0.113702 
-0.142187 0.0966077 0.199924 
-0.0875992 -0.0784783  0.015 
0.00748013 0.0509497 0.354354 
0.004632  -0.12 0.203381 
-0.0619507 -0.0291383 0.06985 
-0.0424915  -0.04 0.000809773 
-0.184165 -0.0740189 0.20871 
0.05901 -0.114 0.0886822 
-0.0975926 0.0769587 0.327103 
-0.0877401 0.0156296 0.0150469 
0.113554 0.0513188 0.344723 
-0.0765744 -0.0229921 -0.065583 
-0.106904 -0.06270149999999999 0.259711 
0.114481 -0.123209 0.196853 
 0.135 0.103171 0.16548 
-0.17165 -0.09143660000000001 0.217258 
0.0437823 0.0584146 0.07185 
-0.002414 -0.0698531 0.168213 
0.0247395  0.122 0.271061 
0.0134601 -0.0156815 0.46008 
-0.0291843 0.07050770000000001 0.0106261 
0.103979 0.06671680000000001  0.015 
0.0343549  0.065 0.320628 
0.0544356 -0.111078 0.15785 
0.141615 0.00328594 0.032667 
 -0.12 0.115638 0.187874 
-0.0409321 -0.00416667 0.486012 
-0.0601629 -0.0112472 0.427638 
 0.065 0.0960795 0.103272 
 -0.17 -0.10867 0.213317 
0.051565 -0.0409744 0.476393 
0.19304 -0.0546155 0.161883 
-0.116732 -0.084826 0.092321 
-0.0196159 0.0486523 0.350294 
-0.00144645 0.0286473 0.06900000000000001 
-0.06115 -0.0454164 0.10901 
-0.104599 -0.12289 0.232491 
0.0334065 -0.0256089  0.015 
-0.219929 0.0320967 0.230462 
0.073561 0.06843340000000001  0.315 
 0.065 -0.105501 0.069838 
0.13956 0.07366640000000001 0.241515 
-0.06115 -0.0760058 0.116089 
-0.065 0.0167572 0.12258 
-0.0395224 -0.0709393 0.247776 
-0.137421 0.06798079999999999 0.0647693 
0.105147 0.038139  0.015 
-0.0880951 0.0612746 0.343843 
-0.151327 0.100019 0.251365 
-0.00767012 -0.00389118 0.503082 
-0.0753369   0.13 0.268899 
-0.172959 -0.0476518 0.250723 
-0.151254 -0.124395 0.221373 
-0.0802505 -0.0182382 -0.0581643 
-0.0224099 -0.0463188 0.06900000000000001 
0.0482636 -0.104334 0.0210389 
-0.105523 -0.0992818 0.103756 
0.104416 0.116259 0.141593 
-0.0317606 -0.0354799  0.015 
0.149327 0.11037 0.12513 
-0.143649 0.0331255 0.061157 
0.0708935   0.05 0.279218 
0.06680949999999999 -0.030949   0.01 
0.111602 0.0459946  0.015 
-0.00382934 0.0565205 0.0013617 
-0.08782 -0.0174027 0.0315998 
-0.153358 -0.107414 0.271989 
-0.130223 0.0465363  0.015 
0.0241992 -0.120297 0.189194 
-0.0563297 -0.036116  0.349 
0.0409036  0.052 0.192485 
 0.065 0.0635878 0.07346809999999999 
0.055729  0.052 0.195098 
-0.135 0.0843665 0.168379 
-0.111605 0.027274  0.317 
-0.0125612 0.0645005  0.317 
-0.0205017 -0.091958 0.015264 
0.00599766 0.090001 0.32315 
-0.100312 -0.0834773 0.294319 
0.0265835 0.0144955 0.519378 
0.185235 -0.0652242 0.23689 
0.0578193 -0.07839649999999999 0.188957 
0.0320932 -0.08237029999999999 0.42396 
0.0238646 0.0561968 0.06900000000000001 
-0.0667209 0.0103566 0.450325 
-0.0313847 0.0634773 0.483373 
-0.0312153 -0.0412095 0.381593 
0.0169278 0.0615291  0.015 
-0.0698627 0.0921717   0.16 
-0.142823 -0.08437890000000001 0.292259 
-0.09106980000000001 -0.0640386  0.329 
-0.06115 0.0141793 0.104177 
-0.0491617 0.00412147  0.348 
0.0582263 -0.11079 0.07943219999999999 
-0.0533316 -0.0837126 0.301977 
-0.0516264 -0.06948020000000001 0.167585 
0.0605163 -0.0115172 0.490346 
-0.0556425 -0.0291626 -2.38606e-09 
0.179693 0.0285293 0.140946 
-0.0227021 0.00384838 0.06900000000000001 
 0.065 0.0625512 0.151112 
0.0270003 -0.112047 0.06985 
0.0266979   0.13 0.218066 
-0.0600035 -0.094447 0.06900000000000001 
0.0275752 -0.00372352 0.0155866 
0.061741 0.0505639 0.467863 
0.0164553 -0.0798915 0.379356 
-0.173 0.0817375 0.222344 
0.056027 0.0691247  0.015 
-0.0462983 0.07220699999999999 0.00115953 
-0.126693 0.0229288  0.317 
0.082923 -0.0725827 0.325442 
0.193516 0.0322647 0.264407 
0.0298018 -0.0284016 0.439469 
0.123353 -0.106165 0.270514 
-0.0588782 0.0592113 0.456184 
0.0213222 -0.09571449999999999 0.320833 
-0.09821390000000001 0.0243522 0.131835 
0.127127 0.115875 0.14447 
-0.0334088 0.0639344 0.449618 
0.147357 -0.12427 0.221621 
  0.12 0.0802398 0.288411 
-0.043167 0.0352375  0.315 
0.23205 0.0130537 0.170213 
-0.1339 0.0518202 0.33455 
0.063837 -0.0682331 0.458276 
0.009993139999999999  0.052 0.216236 
0.0422642 0.0395334 0.07185 
-0.065 -0.0447669 0.0994635 
-0.152242 0.115894 0.210308 
-0.00336338 0.08264059999999999 0.173791 
0.0288458 0.122106 0.138847 
-0.0595024 -0.009878619999999999 0.491634 
-0.165111 -0.0343853 0.118882 
0.06315 -0.0811846 0.156377 
 0.243 0.00525558 0.200328 
0.0976422 0.116679 0.14248 
0.09883400000000001  0.102 0.175915 
-0.08785320000000001   0.04 -0.0171973 
0.0449297 -0.0290687 0.498852 
0.0125049 -0.101408  0.164 
-0.135 0.104202 0.17233 
0.0212918 0.120952  0.304 
-0.041855 -0.00337356 0.480453 
-0.149054 0.0260065 0.132594 
-0.132586 0.0582404 0.153171 
0.0309042 -0.120326 0.239504 
-0.00730748 0.0916916 0.0331006 
0.05915 -0.0355014 0.156256 
0.0423318 -0.106838 0.0298076 
 0.065 0.100264 0.126837 
0.00257315 0.0116275 0.468483 
-0.0454993 -0.0907119 0.103626 
0.181216 0.0534707 0.169457 
-0.0292224 0.0158066 0.07185 
-0.025786 0.0661471 0.212314 
0.0615301 0.0644417 0.06900000000000001 
 0.174 0.0370906 0.284701 
0.06115 -0.0537638 0.131513 
0.0514064  0.092 0.0988334 
0.0637866 -0.0730391  0.164 
0.116594 0.114157 0.134699 
0.0614496 -0.022 0.158825 
-0.102454 -0.122821 0.161343 
0.0318598 0.0250357 0.518643 
-0.101893 0.014499 0.009843930000000001 
0.164785 0.0364042 0.11794 
-0.173719 -0.0841088 0.220964 
-0.167727 -0.07641050000000001 0.136108 
0.0328064 0.100765 0.297572 
0.0189217 0.07270160000000001 0.06900000000000001 
0.147812 0.119986 0.199727 
0.239855 -0.0339962 0.236438 
0.0448804 -0.0678797  0.317 
-0.0255283 -0.07950749999999999 0.15985 
-0.160041 0.0215855 0.131307 
0.111071 -0.07421319999999999 0.177926 
-0.00689334 0.0500903 0.07185 
0.123521 0.108581 0.113572 
0.0611381 -0.02422  0.317 
-0.0245329 0.0578131  0.174 
0.020797 0.0130529 0.14585 
0.06115 -0.0751474 0.130771 
-0.132399 -0.0581877 0.318365 
0.0262691 0.0567764 0.297572 
0.0311002 -0.0336025 0.372388 
0.069175 0.0311631 0.0392287 
-0.0256822 -0.104115 0.266545 
-0.00429581 -0.010784 0.420116 
 -0.17 -0.07281849999999999 0.281659 
-0.176693 0.0202286 0.283556 
0.0351522 0.116106 0.116306 
0.126413 0.0398256  0.015 
-0.167931 0.08098180000000001 0.20915 
0.0229464 -0.0766527 0.00184577 
-0.162283 0.00313258 0.128283 
-0.183432 0.00329241 0.137326 
0.0210577 0.116106 0.09743499999999999 
-0.0363815 -0.105618 0.06900000000000001 
0.00660071 -0.117936 0.242539 
-0.0404262 -0.098144 0.15985 
0.112677   0.05 0.277057 
-0.0833395 0.0326775  0.317 
0.142675 -0.000828537 0.0386772 
-0.233074 -0.0383184 0.244684 
0.037606   0.09 0.08925900000000001 
0.141189 -0.0382392 0.051249 
-0.029254 0.0283797 0.479311 
0.0493624 0.116106 0.117459 
-0.144548 -0.10218 0.276092 
-0.0952062 -0.09782979999999999 0.0717043 
-0.114335 0.060652 0.155315 
-0.234054 0.0212618 0.201155 
  0.17 0.0504318 0.296617 
-0.148052 0.109342 0.227254 
0.032182 0.0375699 0.427076 
-0.081396 -0.103496 0.100044 
0.121374 0.065451  0.315 
0.0935969 0.108655 0.222572 
0.110473 0.0832632 0.0105534 
-0.192237 -0.0498415 0.256678 
-0.0182979 0.116106 0.143608 
0.0262088 -0.00571958 0.032122 
0.0824637 0.0290832  0.317 
-0.0306994 0.0844747  0.315 
0.0291861 0.0646278 0.456407 
-0.110165 -0.120715 0.141951 
-0.062182 -0.07463500000000001  0.164 
0.115922 0.0585433  0.317 
-0.0476226   0.05 0.252561 
0.115507 0.0604545 0.155132 
-0.0692272 -0.121938 0.165303 
0.0534913 0.116106 0.156247 
-0.0183558 0.0556791 0.173791 
0.055514 0.0261823 0.470247 
-0.0279762 -0.0539226 0.268655 
0.110507 0.0564016 0.342892 
-0.0364012 0.0247347 0.473326 
-0.158444 -0.113123 0.264497 
-0.0695047 -0.0168369  0.015 
-0.00864735 0.0431011   0.01 
-0.0528054 0.0555844   0.01 
-0.0731101 -0.0537321  0.015 
-0.09096310000000001 0.119546 0.153183 
0.00414706 -0.0346579 0.06985 
-0.174262 0.022416 0.135288 
0.0507099 -0.0706209  0.015 
-0.0488286 0.09310359999999999 0.06900000000000001 
-0.192895 -0.071049 0.189919 
 -0.17 0.0894177 0.250057 
0.06315 0.0815099 0.121226 
-0.11805 0.0051803 0.128178 
0.141104 -0.0589262 0.0687228 
-0.0506225 0.0553208 0.06900000000000001 
 0.173 -0.08309900000000001 0.207335 
-0.149659 0.0962905 0.261007 
0.0607886 -0.0303316 0.435687 
-0.05915 -0.0340106 0.09248919999999999 
 0.065 -0.09834950000000001 0.136891 
-0.054037 0.0242273  0.346 
-0.0367356 -0.08351310000000001  0.317 
-0.173 -0.0159882 0.12941 
0.139983 0.108913 0.117957 
0.104154 -0.07678160000000001 0.233094 
-0.0298612 -0.0728216 0.06900000000000001 
0.07995099999999999 0.0376567  0.349 
-0.0475431   0.13 0.284962 
0.0435704 0.0190739 0.499104 
-0.0144502 -0.109437 0.257148 
-0.0672307 0.0186938  0.346 
0.0607903 -0.0262593 0.285344 
-0.00541485 -0.112644 0.06985 
-0.0488196 0.0252365 0.472259 
-0.150953 0.06682539999999999 0.325563 
0.06115 -0.0342252 0.101961 
-0.123185 0.0285896 0.133231 
-0.0736002 -0.0117301  0.346 
-0.0980398 0.0625674  0.015 
-0.126997 -0.0487336 0.0234188 
-0.0215366 0.122106 0.134233 
0.00432093 0.06725829999999999 0.06985 
-0.0134558 -0.114 0.07561950000000001 
-0.0187737 -0.00700553 0.520308 
-0.0485226 0.0367938 0.0974411 
-0.174 0.0601355 0.268745 
0.0922806 0.0183539  0.015 
-0.0535689 0.000495682 0.442663 
-0.06315 -0.0634696 0.139974 
-0.14213 0.00408409 0.0355845 
-0.193542 0.0133749 0.144485 
0.170325 -0.0149355 0.279013 
-0.0729393   0.05 0.28034 
-0.06315 0.0371165 0.105488 
0.0434142 -0.0767346 0.488211 
0.099555 -0.0601753 0.262313 
0.0953939 0.0249468 0.346277 
-0.0178002 0.102501 0.0534593 
0.05815 0.0244577 0.149996 
-0.0489051 0.00399316  0.015 
0.09949620000000001 -0.0539287  0.015 
-0.0389706 -0.0706739  0.015 
-0.0286579 -0.0803613 0.212099 
-0.000745682 0.106858 0.297572 
0.0151592 0.0819612 0.325587 
-0.065 0.109951 0.0852009 
-0.185025 -0.07100720000000001 0.203399 
-0.0139449 0.0391707  0.015 
-0.00306215 0.0405286 0.412716 
0.0994859 -0.00321437 0.0216643 
-0.065 -0.0261888 0.09791039999999999 
-0.0532009 -0.0795276 0.196873 
-0.0169713 -0.109033 0.037998 
0.08400000000000001 0.0409482 0.0233098 
0.200525 0.0396095 0.25164 
-0.0410551 0.0830993  0.015 
0.012141 -0.00643746 0.490614 
-0.161954 0.09276470000000001 0.270126 
0.0684811 0.122106 0.138719 
-0.07397670000000001 -0.0530992 0.326566 
-0.0061319 -0.0802823 0.203089 
0.119449 0.0840318 0.300297 
-0.0525574 -0.0415415 0.475323 
-0.08599999999999999 -0.0146796 -0.0447489 
-0.0448202 0.0148902 0.397707 
0.0878263 -0.122349 0.23287 
  0.17 -0.107325 0.222535 
-0.026774 -0.0771823 0.06900000000000001 
-0.118035 0.0414226  0.015 
0.141525 -0.0482299 0.144302 
0.0074993 0.0614153  0.317 
-0.0727995 0.0685989  0.015 
-0.065 0.0962832 0.128772 
0.0434868 -0.0318332  0.015 
0.0633966 -0.0414865 0.448275 
0.06315 -0.106658 0.089589 
-0.0131709 0.0814294 0.140685 
-0.0195629 -0.0522649 0.518953 
-0.0378994 0.00997149 0.475707 
 0.174 0.0661041 0.208934 
0.114347 0.121362 0.286938 
 0.065 0.0900218 0.0988125 
0.110267  0.122 0.292526 
0.00942193 -0.113 0.0896463 
-0.0805289  0.122 0.290595 
-0.0073171 -0.0128695 0.00154926 
0.06491959999999999 -0.0442255 0.461095 
0.0239663 -0.108 0.0341437 
-0.065 -0.0910174 0.138615 
0.0198809 0.10247  0.304 
0.0174774 0.0807426  0.015 
0.161066 0.0543901 0.26824 
0.0789739 -0.048906 0.317804 
0.0831911 0.0853906  0.304 
-0.0665178 -0.0559897 0.15123 
0.08752219999999999 0.0766888 0.327185 
0.0695344  -0.09 0.011011 
-0.06115 0.0872989 0.0718546 
-0.0232399 0.0175902 -2.38606e-09 
0.0309942 -0.0894837 0.15785 
-0.065 0.104191 0.15767 
0.0403391 -6.98529e-05 0.06985 
0.0298788 0.0222718  0.033 
0.0650111 -0.0651486 0.344365 
-0.0248834 -0.0187223 0.47889 
  0.05 0.0192778 0.425855 
-0.06315 0.0299307 0.104799 
-0.0836176 -0.00113825 0.128591 
0.0274241 -0.0190417  0.015 
-0.0982113 -0.0585046 0.153405 
-0.08599999999999999 -0.0195414 -0.0465705 
0.129371 -0.123689 0.191144 
0.174154 0.0289529 0.280471 
-0.0490537 -0.0913865  0.164 
-0.034478 -0.0551857 0.00595242 
-0.146369 0.0352646 0.0647689 
-0.106307 0.0757495  0.315 
-0.187974 0.0393869 0.154485 
-0.000801379 -0.109523 0.07535 
0.0500424 -0.0577658 0.264879 
-0.00997871 -0.0946727 0.111054 
0.120571 -0.0618973 0.316094 
0.165506 0.0363652 0.317161 
0.169491 0.0045437 0.312733 
-0.0719963 0.0164125 0.0152 
-0.06115 -0.07531359999999999 0.08072459999999999 
0.123149 0.09122619999999999  0.315 
0.108837   0.13 0.206573 
0.161738 0.0729659 0.174992 
0.06315 -0.102018 0.0857006 
-0.144381 -0.111336 0.130048 
-0.054673 0.117447  0.174 
0.0467047 -0.1073 0.130947 
0.0499533 -0.0206256  0.317 
-0.103776 -0.0808285 0.030944 
0.0987296 -0.00190173 0.0272289 
-0.0777419 0.09241630000000001 0.0372106 
0.0795855 -0.0538146  0.015 
0.000798112 -0.0761648  0.015 
0.0352986 0.0120918  0.031 
0.0604225 -0.06605320000000001 0.490998 
0.00537014 0.0695003 0.479831 
0.107786 0.0497792  0.015 
-0.215788 0.009226989999999999 0.261981 
0.170468 -0.06710140000000001 0.145003 
-0.0208334 -0.00951948 0.472268 
-0.0437414 -0.0710059 0.06900000000000001 
0.0515763 -0.0385403  0.317 
-0.09002839999999999 -0.118643 0.253032 
-0.029633 0.105733 0.0561721 
 0.042 0.0440876 0.375481 
0.0115293 -0.0342121  0.317 
-0.11503   0.13 0.24918 
-0.125821 0.0107359 0.12883 
-0.0134477 -0.0139008  0.348 
0.0249903  0.095 0.316874 
-0.065 0.100985 0.127493 
 0.173 -0.0169665 0.121517 
0.0373691 0.00137035 0.516954 
-0.104099 0.0440152   0.01 
0.0642915 0.0907311  0.315 
0.129802 0.104294 0.0960246 
-0.00308532 0.0142958 0.0074923 
0.0713683  0.122 0.287116 
-0.105039 -0.122904 0.169818 
0.0102339   0.05 0.226396 
-0.0554182 -0.0754209 0.06900000000000001 
-0.0303762 -0.08007060000000001 0.375048 
0.114933 0.0438984 0.141228 
0.116604 -0.0127304   0.01 
-0.117999 -0.118245 0.257459 
-0.0263554 0.0522214  0.317 
-0.00600885 0.116106 0.120757 
-0.00230121 0.0645027  0.015 
0.0620576 0.0196702 0.444756 
-0.0373931 -0.012206  0.015 
0.0468806  0.052  0.175 
0.0304214 -0.0160456 0.445649 
-0.0673499 -0.08744490000000001  0.015 
-0.000511987 -0.08021739999999999 0.198288 
0.101528 0.0775208  0.315 
-0.0606673 -0.103405 0.06985 
-0.0556838 0.0108451 0.487154 
0.0246625 0.0139616 0.13585 
-0.0575785 -0.0496464 0.490137 
-0.169188 0.09756570000000001 0.145452 
 -0.17 0.0503178 0.266005 
-0.120362   0.02 0.310821 
-0.0670523 0.00295635 -0.0161772 
0.0787441 -0.122056 0.180395 
0.113573 0.0214216 0.341359 
-0.00340027 -0.024 0.146436 
0.0913366 -0.06791700000000001 0.16573 
0.0592752 -0.114225 0.06900000000000001 
-0.0401292 -0.0182143 0.06900000000000001 
0.00570442 0.075735 0.222572 
0.00522555 -0.0469883 0.06900000000000001 
0.0576692 0.0968058  0.304 
0.164614 -0.0505583 0.118453 
-0.0474624 -0.00635223 0.447366 
-0.0474381   0.09 0.087482 
-0.06302489999999999 -0.0060175 0.0700419 
-0.0490332 -0.110437 0.15985 
0.06390659999999999 0.0524559 0.06900000000000001 
-0.0698973 0.0220537 0.0346262 
 0.135 0.0553126 0.312908 
-0.0504618 0.028076 -2.38606e-09 
0.16901 -0.119087 0.14679 
0.0356785 0.116106 0.0988303 
-0.13269 0.0124668   0.01 
  0.17 -0.0413279 0.300429 
-0.042 0.000722405 0.401501 
0.0180293 -0.07407560000000001 0.06900000000000001 
0.117646 -0.0668309 0.0444334 
0.0277249 0.0167808 0.490244 
-0.0113231 -0.0609922 0.262187 
-0.165328 0.07446369999999999 0.316286 
0.0512128 0.116106 0.088571 
0.103517 0.0498597  0.015 
-0.175129 0.0480209 0.17082 
0.0907762 -0.0506754  0.327 
-0.00558217 -0.08619540000000001 0.474548 
0.0310216 -0.0215484  0.348 
0.043085 0.0149035 0.398367 
0.0133501 0.08318490000000001 0.07185 
-0.07503410000000001 -0.0695862 0.249233 
0.12413 0.0142827 0.339435 
-0.0157587 -0.0530766 0.06900000000000001 
  0.17 0.0887855 0.166172 
-0.0544718 -0.0410367 0.38757 
0.018119 0.0168429 0.451739 
0.0465704 0.0805377 0.15255 
0.0412618 -0.00773301 0.491747 
-0.231 -0.0120295 0.176809 
-0.0242705 -0.0957742 0.320151 
0.0288673 -0.0778557 0.342347 
0.131629 0.0539005 0.0128444 
-0.0451802 0.0716644 0.07185 
0.152583 0.0163277 0.288117 
-0.155022 -0.095023 0.283199 
0.0996276 0.019971  0.015 
0.119307 0.06285930000000001 0.33575 
-0.131002   0.02 0.290122 
-0.0387007 -0.0856001 0.433823 
-0.0244672 0.00706505 0.467968 
-0.08556030000000001   0.04 -0.008444139999999999 
-0.138456 -0.0795105 0.222466 
-0.065 -0.113377 0.0936483 
-0.0627568 0.0208718  0.315 
0.037198 -0.0340139  0.317 
0.0009909579999999999 -0.08665639999999999 0.389532 
0.0551484 -0.0477161 0.09454849999999999 
-0.0319076 0.050725 0.519177 
-0.0376827 -0.0758745  0.015 
-0.164905 0.00141179 0.114124 
-0.087782 0.0783823 0.326672 
-0.0476787  0.092 0.0860131 
-0.0549037 0.115759 0.222572 
0.100471 0.118397 0.149968 
0.174747 -0.0611744 0.246092 
-0.0537563 0.0879267  0.015 
0.131695 -0.0738825 0.241418 
-0.0333753 0.0236764  0.348 
 -0.12 0.101796 0.257588 
0.0766966 0.0887015   0.16 
-0.0471793 0.116106 0.0853888 
0.133088 0.0534069 0.319404 
0.0178834 0.00632016 0.13585 
-0.042 0.0256745 0.394699 
-0.00747182 -0.0649888 0.512675 
0.0449622 -0.0159954 0.49011 
0.0188124 0.100555  0.304 
0.250215 0.0125056 0.195903 
-0.121995 -0.123451 0.212856 
-0.0365048 0.0930047 0.0405471 
0.111765 0.114837 0.137563 
0.0124559 0.06768680000000001 0.06985 
-0.00695002 -0.0446944 0.0949411 
-0.100654 0.023088  0.317 
 0.065 0.0621379 0.101258 
0.0273501 -0.0270442   0.01 
0.0397229 0.0415966 0.06985 
0.0204726 -0.0458519  0.317 
-0.168746 -0.104984 0.259872 
-0.0264628 -0.112502 0.06900000000000001 
0.176281 0.0675588 0.187289 
0.141258 0.0794072 0.222118 
-0.0425172 0.0395167 0.06900000000000001 
0.141184 0.109358 0.119999 
0.0480066 0.0229519 0.07185 
0.00602714 0.040193 -2.38606e-09 
0.164482 -0.0313844 0.28334 
-0.06315 0.0308795 0.0848318 
-0.0562832 0.0180991 0.503108 
0.00888572   0.05 0.245874 
0.0474907 0.006392 0.4691 
0.0494415 -0.0959494 0.279508 
-0.065 -0.03941 0.106567 
-0.09857680000000001   0.04 -0.0154639 
-0.166278 -0.0884117 0.127889 
0.06382350000000001 0.0718544  0.315 
-0.0304512 -0.0240054 0.07185 
0.05259 0.0166931 0.06900000000000001 
0.00386803 0.116106 0.157212 
-0.07815080000000001 -0.00668825  0.346 
0.16941 0.09349109999999999 0.148973 
0.09127440000000001 0.0447339  0.015 
0.08599999999999999 -0.0129306 -0.0316978 
-0.06315 -0.057324 0.119844 
-0.0466695 0.09619510000000001  0.304 
0.0483698 -0.0645657 0.5088240000000001 
0.104097 0.0122409  0.317 
-0.0395171 0.0890044 0.09097860000000001 
  0.17 0.0655179 0.163292 
-0.108837 0.0465 0.0199781 
0.125117 0.039138  0.015 
0.0472705 -0.00248518 0.474281 
0.0987451 -0.032576 0.135286 
-0.231 -0.0280393 0.177429 
-0.06115 -0.0115669 0.151704 
0.0235894 -0.0214403 0.444693 
0.0506005   0.09 0.08330890000000001 
-0.135 0.08131380000000001 0.197102 
-0.170344 -0.09026770000000001 0.240281 
0.0728167 0.0313751 0.134656 
0.0601428 0.0390046 0.06900000000000001 
-0.0872213 0.0342768 0.136179 
0.00272901 0.0494043 0.42188 
0.0567392 -0.121346 0.223781 
-0.09355670000000001 -0.09259240000000001 0.0435892 
-0.09167110000000001 0.0333114 -0.0428538 
0.0411031 -0.0405326 0.384584 
-0.132726 -0.0953128 0.282073 
-0.0238123 0.0134644 0.450875 
0.181707 -0.023438 0.142992 
-0.065 -0.053586 0.0862266 
0.157948 -0.0528966 0.08064830000000001 
0.0479407 -0.015479 0.0949477 
0.0717368 0.0915443  0.174 
-0.009967729999999999 0.0778264 0.173791 
0.216273 0.00775527 0.155688 
0.0509873 0.050195 0.14585 
0.0767671  0.052 0.26232 
-0.0959337   0.13 0.248829 
0.0591945  0.122 0.234334 
-0.07889889999999999 0.119286 0.116508 
0.0577461 0.0493333  0.317 
0.145887 0.120811 0.167102 
-0.028563 -0.123 0.168719 
0.00828079 0.0564391  0.317 
-0.07495010000000001 0.06836109999999999   0.01 
0.0797696 0.0323516  0.031 
0.0273947 -0.0342579 0.281831 
-0.169097 -0.0269695 0.313586 
0.125892 -0.0152368 0.288546 
-0.00305268  0.052 0.252502 
0.00146617 -0.0299807 0.484685 
0.169577 0.107886 0.148564 
-0.065 0.111925 0.108631 
0.0157065  0.052 0.256604 
0.0661369 0.00292971   0.01 
-0.170258 -0.0481505 0.14007 
-0.0432178 -0.0093401 0.472288 
 0.065 0.091169 0.11591 
-0.0476484 0.0527208 0.0957197 
-0.0536802 -0.0566572  0.349 
0.101951 0.0679149 0.222572 
-0.164431 0.047925 0.117417 
0.0512705 -0.0421323 0.27744 
-0.00144284 -0.104333 0.0212897 
0.124679 0.0793635   0.16 
-0.0606883 0.0364871  0.346 
-0.146599 0.10498 0.238536 
-0.234283 -0.0405923 0.169923 
0.0150782 0.0388558 0.415647 
0.0117802 0.0509092 0.354572 
-0.0101499 -0.034398 0.07185 
-0.247006 0.00991268 0.228404 
-0.0599037 -0.0803711 0.20382 
-0.0477686 -0.0214735 0.397166 
-0.042 -0.00616839 0.383497 
0.0357123 -0.0144037 0.421559 
0.07353270000000001 -0.080065 0.220306 
-0.0993301 0.055085  0.174 
 -0.12 0.0636558 0.2194 
0.06315 -0.108474 0.153031 
0.111676 0.0396368 0.138992 
0.207519 0.00854882 0.154437 
0.0525791 -0.00539835 0.485919 
-0.07721160000000001 0.0708968  0.174 
0.0897053 0.0338745 0.136126 
  0.12 0.0624231 0.217785 
-0.0561486 -0.121327 0.205925 
0.00327004 0.0217555 0.458714 
-0.103763 0.0821693   0.01 
0.129511 0.0400447  0.015 
-0.0464446 0.08666  0.315 
-0.145264 0.0908282 0.315154 
-0.0891298 0.0770772  0.315 
-0.0226826 -0.0980197  0.164 
0.0543616 -0.114389 0.0579885 
0.105244 0.113732 0.131572 
0.154667 0.0567664 0.151865 
0.028926 0.0195682 0.28756 
0.00398408 -0.0331312 0.478742 
-0.166449 -0.049037 0.273058 
0.108017 -0.0309024 0.283592 
 -0.17 0.0666576 0.170703 
0.0801505 -0.0582532 0.264818 
-0.115435 -0.0622591 0.317254 
-0.2343 -0.0403467 0.247813 
-0.07716820000000001 0.11958 0.105819 
-0.105653 0.0794801 0.25145 
0.0702632 0.0352252 0.136762 
-0.0299922 0.0800111  0.304 
  0.17 0.104058 0.178583 
0.0210308   0.05 0.302769 
-0.0111725 0.116106 0.0722534 
0.07758809999999999 0.0938436 0.321986 
0.000295948 -0.0131905  0.015 
 0.135 0.117758 0.168292 
-0.0247465 0.0635 0.0659749 
0.00433476  0.052 0.269077 
0.059031 0.0912776 0.06985 
-0.208113 -0.0646791 0.185489 
-0.07834770000000001 0.00739053  0.317 
 0.173 0.073959 0.171582 
-0.0301122 0.0152473 0.430172 
0.0494978 0.117278   0.16 
-0.129612 0.055739 0.0160831 
0.129312 0.026217 0.132523 
-0.141504 0.0825758 0.325401 
0.0652995 0.122106 0.142558 
0.208866 -0.0564381 0.172284 
-0.0374927 -0.0124863 0.41972 
-0.0652934 -0.00929197 0.0152 
-0.00814378  0.052 0.175546 
-0.0608318 0.0189668 0.08645 
0.0358587 0.0571685 0.06900000000000001 
-0.007881839999999999 0.0764881 0.13785 
 0.065 -0.09110070000000001 0.085856 
0.0445475 -0.0562294 0.510985 
-0.0575905  0.065 0.321501 
-0.231524 -0.0494647 0.186269 
-0.0503267 -0.00763923 0.289409 
0.151578 -0.0844458 0.09426619999999999 
-0.0107361 0.0211254 0.06900000000000001 
-0.0595888 0.0869608 0.141038 
0.05915 -0.0593762 0.0907273 
-0.08782 -0.0256161 0.0384524 
3 923 184 927 
3 184 923 46 
3 960 923 927 
3 960 993 923 
3 923 849 46 
3 680 849 923 
3 680 270 343 
3 993 270 923 
3 270 680 923 
3 149 463 822 
3 463 182 822 
3 184 503 927 
3 979 184 46 
3 766 843 927 
3 843 960 927 
3 132 907 822 
3 907 350 510 
3 350 907 132 
3 907 786 822 
3 786 907 510 
3 149 7 757 
3 346 950 757 
3 270 320 343 
3 320 270 993 
3 320 833 343 
3 960 320 993 
3 833 320 960 
3 214 690 463 
3 616 214 463 
3 420 540 927 
3 607 540 420 
3 607 766 927 
3 540 607 927 
3 420 735 124 
3 735 503 184 
3 735 420 927 
3 503 735 927 
3 944 979 46 
3 979 944 124 
3 146 125 510 
3 350 146 510 
3 146 350 132 
3 627 573 370 
3 132 267 632 
3 267 77 632 
3 267 132 822 
3 77 267 822 
3 224 77 822 
3 77 224 28 
3 224 182 28 
3 104 677 118 
3 677 104 132 
3 146 104 118 
3 229 132 632 
3 229 677 132 
3 114 166 632 
3 166 229 632 
3 557 84 702 
3 607 84 766 
3 84 420 702 
3 84 607 420 
3 182 230 28 
3 230 114 632 
3 77 230 632 
3 230 77 28 
3 849 684 46 
3 684 849 680 
3 646 346 757 
3 7 646 757 
3 857 510 46 
3 857 786 510 
3 857 646 7 
3 833 529 343 
3 529 82 93 
3 529 833 960 
3 82 529 960 
3 771 327 343 
3 860 690 584 
3 860 182 463 
3 690 860 463 
3 616 142 757 
3 142 616 463 
3 142 149 757 
3 149 142 463 
3 950 661 757 
3 661 454 343 
3 616 411 214 
3 690 411 584 
3 411 690 214 
3 411 616 757 
3 661 411 757 
3 411 771 584 
3 411 661 343 
3 771 411 327 
3 327 411 343 
3 223 979 124 
3 735 223 124 
3 979 223 184 
3 223 735 184 
3 119 944 46 
3 944 119 125 
3 510 119 46 
3 125 119 510 
3 677 279 118 
3 279 146 118 
3 573 802 370 
3 802 843 766 
3 182 672 822 
3 672 224 822 
3 224 672 182 
3 897 146 132 
3 104 897 132 
3 897 104 146 
3 691 166 114 
3 691 84 557 
3 802 691 114 
3 691 802 84 
3 455 230 182 
3 230 455 114 
3 802 455 370 
3 455 802 114 
3 684 260 46 
3 646 260 346 
3 260 857 46 
3 857 260 646 
3 86 879 680 
3 879 86 728 
3 879 684 680 
3 684 879 728 
3 260 919 346 
3 517 86 680 
3 86 517 454 
3 517 680 343 
3 454 517 343 
3 272 86 454 
3 86 272 950 
3 272 661 950 
3 154 7 149 
3 154 857 7 
3 857 154 786 
3 154 149 822 
3 786 154 822 
3 529 115 343 
3 115 771 343 
3 115 529 93 
3 771 115 93 
3 991 860 627 
3 819 860 584 
3 771 819 584 
3 819 771 93 
3 82 819 93 
3 819 82 627 
3 860 819 627 
3 279 393 702 
3 393 279 677 
3 961 279 702 
3 420 961 702 
3 961 420 124 
3 944 961 124 
3 279 961 944 
3 967 944 125 
3 967 279 944 
3 146 967 125 
3 279 967 146 
3 802 56 843 
3 843 56 960 
3 56 82 960 
3 84 947 766 
3 947 802 766 
3 802 947 84 
3 164 691 557 
3 691 164 166 
3 166 164 229 
3 292 684 728 
3 260 292 728 
3 292 260 684 
3 86 602 728 
3 602 919 728 
3 602 86 950 
3 53 260 728 
3 919 53 728 
3 53 919 260 
3 661 898 454 
3 898 272 454 
3 272 898 661 
3 708 627 370 
3 708 991 627 
3 455 708 370 
3 708 455 182 
3 860 708 182 
3 991 708 860 
3 36 56 802 
3 36 573 627 
3 36 802 573 
3 82 36 627 
3 56 36 82 
3 637 602 950 
3 919 440 346 
3 602 440 919 
3 637 440 602 
3 440 950 346 
3 440 637 950 
3 229 164 677 
3 164 557 702 
3 164 393 677 
3 393 164 702 
Vertices and facets:
- p184(v14): -0.24 -0.012  0.16
  neighbors: f42 f43 f143 f147 f253 f375 f376
- p923(v7): -0.23 -0.041  0.17
  neighbors: f42 f43 f95 f96 f97 f99 f110 f111
- p927(v0): -0.25 0.0099  0.23
  neighbors: f42 f95 f143 f155 f156 f245 f250 f251 f254 f255
- p46(v3): -0.086 0.0051 -0.11
  neighbors: f43 f97 f147 f260 f311 f325 f377 f379 f413 f417
- p960(v26): -0.23 -0.04  0.25
  neighbors: f95 f96 f156 f213 f214 f334 f335 f474 f475
- p993(v13): -0.23 -0.049  0.19
  neighbors: f96 f110 f211 f213
- p849(v27): -0.17 -0.088  0.13
  neighbors: f97 f99 f311 f312
- p680(v15): -0.14 -0.11  0.13
  neighbors: f99 f109 f111 f312 f419 f421 f428 f430
- p270(v30): -0.17 -0.099  0.16
  neighbors: f109 f110 f111 f210 f211
- p343(v2): -0.15 -0.12  0.22
  neighbors: f109 f210 f212 f331 f339 f363 f370 f372 f430 f431 f444 f445
- p149(v31):  0.24 -0.038  0.18
  neighbors: f112 f205 f355 f356 f439 f442
- p463(v16):  0.24 -0.034  0.24
  neighbors: f112 f125 f230 f236 f351 f352 f354 f356
- p822(v1):  0.25 0.013   0.2
  neighbors: f112 f125 f165 f180 f278 f279 f280 f396 f397 f442 f443
- p182(v33): 0.054 0.011  0.51
  neighbors: f125 f283 f305 f351 f396 f398 f407 f500 f501
- p503(v38): -0.23 0.021   0.2
  neighbors: f143 f253 f255
- p979(v39): -0.13 0.056 0.016
  neighbors: f147 f260 f261 f373 f375
- p843(v41): -0.056 0.018   0.5
  neighbors: f155 f156 f392 f471 f474
- p766(v20): -0.17 0.074  0.32
  neighbors: f155 f250 f298 f392 f476 f477
- p907(v42):  0.17  0.11  0.15
  neighbors: f165 f169 f170 f180 f181
- p132(v21):  0.17  0.12  0.17
  neighbors: f165 f170 f265 f276 f278 f285 f288 f289 f399 f400
- p350(v43):  0.15  0.11  0.13
  neighbors: f169 f170 f263 f265
- p510(v11):  0.11 0.083 0.011
  neighbors: f169 f181 f262 f263 f325 f326 f379 f380
- p786(v46):  0.13 0.054 0.013
  neighbors: f180 f181 f326 f441 f443
- p7(v50):   0.1 -0.078 0.019
  neighbors: f205 f324 f328 f439 f440
- p757(v8):  0.17 -0.12  0.15
  neighbors: f205 f207 f323 f324 f353 f355 f361 f367 f368
- p950(v51): 0.054 -0.11 0.058
  neighbors: f207 f361 f433 f435 f488 f510 f514 f515
- p346(v29): 0.048  -0.1 0.021
  neighbors: f207 f323 f416 f424 f511 f514
- p320(v52): -0.17 -0.11  0.21
  neighbors: f210 f211 f212 f213 f214
- p833(v48): -0.17  -0.1  0.26
  neighbors: f212 f214 f331 f334
- p690(v55):  0.06 -0.066  0.49
  neighbors: f230 f345 f352 f365 f366
- p214(v34):  0.16 -0.091  0.29
  neighbors: f230 f236 f364 f366
- p616(v56):  0.17 -0.11  0.22
  neighbors: f236 f353 f354 f364 f367
- p540(v58): -0.17 0.089  0.25
  neighbors: f245 f249 f251
- p420(v37): -0.15  0.12  0.21
  neighbors: f245 f249 f252 f254 f301 f302 f463 f464
- p607(v59): -0.16 0.093  0.27
  neighbors: f249 f250 f251 f298 f302
- p735(v60): -0.17 0.098  0.15
  neighbors: f252 f253 f254 f255 f374 f376
- p124(v19): -0.15   0.1  0.11
  neighbors: f252 f261 f373 f374 f464 f465
- p944(v61):  -0.1 0.082  0.01
  neighbors: f260 f261 f377 f378 f465 f466 f467 f468
- p146(v62):  0.05  0.12 0.063
  neighbors: f262 f263 f265 f286 f382 f399 f401 f469 f470
- p125(v40): -0.026  0.09 0.012
  neighbors: f262 f378 f380 f467 f469
- p573(v63): -0.019 -0.007  0.52
  neighbors: f271 f391 f504 f505
- p627(v32): -0.02 -0.052  0.52
  neighbors: f271 f449 f457 f458 f497 f498 f504 f506
- p370(v5): 0.027 0.014  0.52
  neighbors: f271 f391 f411 f497 f499
- p267(v64):  0.17  0.11  0.22
  neighbors: f276 f277 f278 f279
- p632(v12):  0.11  0.12  0.29
  neighbors: f276 f277 f288 f292 f295 f306 f307
- p77(v44):  0.17 0.099  0.25
  neighbors: f277 f279 f280 f281 f307 f308
- p224(v65):  0.15 0.062  0.33
  neighbors: f280 f281 f283 f397 f398
- p28(v23): 0.064 0.051  0.47
  neighbors: f281 f283 f305 f308
- p104(v66):  0.12  0.13  0.19
  neighbors: f284 f285 f286 f400 f401
- p677(v45):  0.11  0.13  0.21
  neighbors: f284 f285 f289 f381 f461 f516 f518
- p118(v6):   0.1  0.13  0.18
  neighbors: f284 f286 f381 f382
- p229(v67):   0.1  0.13  0.24
  neighbors: f288 f289 f295 f482 f516
- p166(v68): 0.073  0.13   0.3
  neighbors: f292 f295 f403 f480 f482
- p114(v47): 0.018 0.059  0.51
  neighbors: f292 f306 f403 f405 f410 f412
- p84(v69): -0.11  0.12   0.3
  neighbors: f296 f298 f301 f302 f404 f406 f476 f478
- p557(v24): -0.048  0.13  0.28
  neighbors: f296 f404 f479 f517
- p702(v10): -0.12  0.13  0.25
  neighbors: f296 f301 f460 f462 f463 f517 f519
- p230(v70): 0.036 0.055   0.5
  neighbors: f305 f306 f307 f308 f407 f410
- p684(v71):  -0.1 -0.081 0.031
  neighbors: f311 f312 f413 f421 f422 f483 f485
- p646(v74):  0.07 -0.09 0.011
  neighbors: f323 f324 f328 f416 f418
- p857(v75): 0.086 -0.013 -0.032
  neighbors: f325 f326 f328 f417 f418 f440 f441
- p529(v76): -0.16 -0.11  0.26
  neighbors: f331 f333 f334 f335 f444 f446
- p82(v54): -0.041 -0.061  0.51
  neighbors: f333 f335 f456 f457 f475 f506 f507
- p93(v53): -0.028 -0.077  0.49
  neighbors: f333 f446 f447 f455 f456
- p771(v77): -0.0056 -0.086  0.47
  neighbors: f339 f369 f371 f445 f447 f454 f455
- p327(v17):  -0.1 -0.12  0.23
  neighbors: f339 f371 f372
- p860(v79): 0.048 -0.065  0.51
  neighbors: f345 f351 f352 f449 f453 f458 f501 f502
- p584(v18): 0.043 -0.077  0.49
  neighbors: f345 f365 f369 f453 f454
- p142(v80):  0.22 -0.068   0.2
  neighbors: f353 f354 f355 f356
- p661(v81):  0.13 -0.12  0.19
  neighbors: f361 f363 f368 f370 f435 f494 f496
- p454(v28):  -0.1 -0.12  0.16
  neighbors: f363 f429 f431 f432 f494 f495
- p411(v82):  0.15 -0.12  0.22
  neighbors: f364 f365 f366 f367 f368 f369 f370 f371 f372
- p223(v83): -0.15 0.089   0.1
  neighbors: f373 f374 f375 f376
- p119(v84): -0.086 0.026 -0.083
  neighbors: f377 f378 f379 f380
- p279(v85): -0.012  0.12 0.089
  neighbors: f381 f382 f460 f461 f462 f466 f468 f470
- p802(v86): -0.032 0.051  0.52
  neighbors: f391 f392 f405 f406 f411 f412 f471 f477 f478 f503 f505
- p672(v87):  0.17 0.036  0.32
  neighbors: f396 f397 f398
- p897(v88):  0.15  0.12  0.17
  neighbors: f399 f400 f401
- p691(v89): 0.0054  0.07  0.48
  neighbors: f403 f404 f405 f406 f479 f480
- p455(v90): 0.032 0.025  0.52
  neighbors: f407 f410 f411 f412 f499 f500
- p260(v91): -0.069 -0.021 -0.088
  neighbors: f413 f416 f417 f418 f424 f484 f485 f491 f493
- p879(v92): -0.094 -0.093 0.044
  neighbors: f419 f420 f421 f422
- p86(v73): -0.055 -0.12 0.069
  neighbors: f419 f420 f428 f429 f432 f433 f486 f488
- p728(v49): -0.067 -0.087 0.015
  neighbors: f420 f422 f483 f484 f486 f487 f491 f492
- p919(v93): -0.0014  -0.1 0.021
  neighbors: f424 f487 f492 f493 f511 f512
- p517(v94): -0.11 -0.12  0.14
  neighbors: f428 f429 f430 f431
- p272(v95): 0.014 -0.12 0.071
  neighbors: f432 f433 f435 f495 f496
- p154(v97):  0.14 -0.008 0.021
  neighbors: f439 f440 f441 f442 f443
- p115(v98): -0.03 -0.087  0.46
  neighbors: f444 f445 f446 f447
- p991(v99): 0.045 -0.056  0.51
  neighbors: f449 f498 f502
- p819(v100): -0.0075 -0.065  0.51
  neighbors: f453 f454 f455 f456 f457 f458
- p393(v101): 0.027  0.13  0.22
  neighbors: f460 f461 f518 f519
- p961(v102): -0.077  0.12  0.11
  neighbors: f462 f463 f464 f465 f466
- p967(v103): -0.011  0.12 0.072
  neighbors: f467 f468 f469 f470
- p56(v104): -0.051 -0.027  0.51
  neighbors: f471 f474 f475 f503 f507
- p947(v105): -0.15 0.091  0.32
  neighbors: f476 f477 f478
- p164(v106): 0.042  0.13  0.29
  neighbors: f479 f480 f482 f516 f517 f518 f519
- p292(v107): -0.088 -0.078 0.015
  neighbors: f483 f484 f485
- p602(v108): -0.017 -0.11 0.038
  neighbors: f486 f487 f488 f510 f512 f513
- p53(v109): -0.041 -0.09  0.01
  neighbors: f491 f492 f493
- p898(v110): -0.029 -0.12  0.17
  neighbors: f494 f495 f496
- p708(v111): 0.037 0.0014  0.52
  neighbors: f497 f498 f499 f500 f501 f502
- p36(v112): -0.034 -0.014  0.52
  neighbors: f503 f504 f505 f506 f507
- p637(v113): 0.024 -0.11 0.034
  neighbors: f510 f513 f515
- p440(v114): 0.042 -0.11  0.03
  neighbors: f511 f512 f513 f514 f515
- f42
    - flags: bottom simplicial
    - normal:   -0.9864  -0.1263  -0.1055
    - offset: -0.2182864
    - vertices: p184(v14) p923(v7) p927(v0)
    - neighboring facets: f95 f143 f43
- f43
    - flags: top simplicial
    - normal:   -0.8459  -0.2264  -0.4829
    - offset: -0.1253107
    - vertices: p184(v14) p923(v7) p46(v3)
    - neighboring facets: f97 f147 f42
- f95
    - flags: top simplicial
    - normal:   -0.9695  -0.2449 0.0005606
    - offset: -0.2371851
    - vertices: p960(v26) p923(v7) p927(v0)
    - neighboring facets: f42 f156 f96
- f96
    - flags: top simplicial
    - normal:   -0.9553  -0.2957 0.000724
    - offset: -0.2359315
    - vertices: p960(v26) p993(v13) p923(v7)
    - neighboring facets: f110 f95 f213
- f97
    - flags: bottom simplicial
    - normal:    -0.683  -0.5728  -0.4533
    - offset: -0.1062297
    - vertices: p849(v27) p923(v7) p46(v3)
    - neighboring facets: f43 f311 f99
- f99
    - flags: bottom simplicial
    - normal:   -0.6695  -0.6698  -0.3212
    - offset: -0.1294573
    - vertices: p849(v27) p680(v15) p923(v7)
    - neighboring facets: f111 f97 f312
- f109
    - flags: bottom simplicial
    - normal:   -0.5653  -0.8096  -0.1583
    - offset: -0.1511636
    - vertices: p270(v30) p680(v15) p343(v2)
    - neighboring facets: f430 f210 f111
- f110
    - flags: bottom simplicial
    - normal:   -0.6716  -0.6928  -0.2627
    - offset: -0.1408373
    - vertices: p270(v30) p993(v13) p923(v7)
    - neighboring facets: f96 f111 f211
- f111
    - flags: top simplicial
    - normal:   -0.6681  -0.6844  -0.2921
    - offset: -0.1346655
    - vertices: p270(v30) p680(v15) p923(v7)
    - neighboring facets: f99 f110 f109
- f112
    - flags: top simplicial
    - normal:    0.9736   -0.228 -0.01272
    - offset: -0.2382619
    - vertices: p149(v31) p463(v16) p822(v1)
    - neighboring facets: f125 f442 f356
- f125
    - flags: bottom simplicial
    - normal:    0.8159   0.2658   0.5135
    - offset: -0.3080643
    - vertices: p182(v33) p463(v16) p822(v1)
    - neighboring facets: f112 f396 f351
- f143
    - flags: bottom simplicial
    - normal:   -0.8838   0.3908  -0.2573
    - offset: -0.1633985
    - vertices: p503(v38) p184(v14) p927(v0)
    - neighboring facets: f42 f255 f253
- f147
    - flags: top simplicial
    - normal:   -0.8196   0.3777  -0.4309
    - offset:   -0.12035
    - vertices: p979(v39) p184(v14) p46(v3)
    - neighboring facets: f43 f260 f375
- f155
    - flags: bottom simplicial
    - normal:   -0.7956   0.2655   0.5445
    - offset: -0.3235263
    - center: -0.1562057333333333 0.03415849333333334 0.349266 
    - vertices: p843(v41) p766(v20) p927(v0)
    - neighboring facets: f250 f156 f392
- f156
    - flags: top simplicial
    - normal:   -0.8215  0.01243     0.57
    - offset: -0.3332422
    - vertices: p843(v41) p960(v26) p927(v0)
    - neighboring facets: f95 f155 f474
- f165
    - flags: bottom simplicial
    - normal:    0.7964   0.5601  -0.2281
    - offset: -0.1615831
    - vertices: p907(v42) p132(v21) p822(v1)
    - neighboring facets: f278 f180 f170
- f169
    - flags: bottom simplicial
    - normal:    0.5102    0.782   -0.358
    - offset: -0.1176985
    - vertices: p350(v43) p907(v42) p510(v11)
    - neighboring facets: f181 f263 f170
- f170
    - flags: top simplicial
    - normal:    0.4929   0.8004  -0.3411
    - offset: -0.1192685
    - vertices: p350(v43) p907(v42) p132(v21)
    - neighboring facets: f165 f265 f169
- f180
    - flags: bottom simplicial
    - normal:    0.7874   0.4647   -0.405
    - offset: -0.1234921
    - vertices: p786(v46) p907(v42) p822(v1)
    - neighboring facets: f165 f443 f181
- f181
    - flags: top simplicial
    - normal:    0.7536   0.5107  -0.4139
    - offset: -0.1214073
    - vertices: p786(v46) p907(v42) p510(v11)
    - neighboring facets: f169 f326 f180
- f205
    - flags: bottom simplicial
    - normal:    0.7529  -0.4073   -0.517
    - offset: -0.09986682
    - vertices: p7(v50) p149(v31) p757(v8)
    - neighboring facets: f355 f324 f439
- f207
    - flags: bottom simplicial
    - normal:    0.1831  -0.9405  -0.2862
    - offset: -0.1009454
    - vertices: p950(v51) p346(v29) p757(v8)
    - neighboring facets: f323 f361 f514
- f210
    - flags: bottom simplicial
    - normal:    -0.601  -0.7872   -0.138
    - offset: -0.1582745
    - vertices: p320(v52) p270(v30) p343(v2)
    - neighboring facets: f109 f212 f211
- f211
    - flags: top simplicial
    - normal:   -0.6572  -0.7424  -0.1302
    - offset: -0.1646276
    - vertices: p320(v52) p270(v30) p993(v13)
    - neighboring facets: f110 f213 f210
- f212
    - flags: top simplicial
    - normal:     -0.66  -0.7473  0.07695
    - offset: -0.2098228
    - vertices: p320(v52) p833(v48) p343(v2)
    - neighboring facets: f331 f210 f214
- f213
    - flags: bottom simplicial
    - normal:   -0.7079  -0.7026  0.07217
    - offset:   -0.21209
    - vertices: p320(v52) p960(v26) p993(v13)
    - neighboring facets: f96 f211 f214
- f214
    - flags: bottom simplicial
    - normal:   -0.7071  -0.7032  0.07472
    - offset: -0.2125568
    - vertices: p320(v52) p833(v48) p960(v26)
    - neighboring facets: f334 f213 f212
- f230
    - flags: bottom simplicial
    - normal:    0.6833  -0.6074   0.4052
    - offset: -0.2803406
    - vertices: p690(v55) p214(v34) p463(v16)
    - neighboring facets: f236 f352 f366
- f236
    - flags: top simplicial
    - normal:    0.6662  -0.6888   0.2859
    - offset: -0.2507986
    - vertices: p616(v56) p214(v34) p463(v16)
    - neighboring facets: f230 f354 f364
- f245
    - flags: bottom simplicial
    - normal:   -0.7294   0.6731   0.1225
    - offset:  -0.214804
    - vertices: p540(v58) p420(v37) p927(v0)
    - neighboring facets: f254 f251 f249
- f249
    - flags: top simplicial
    - normal:   -0.6918   0.7041   0.1599
    - offset: -0.2205649
    - center: -0.1613986666666666 0.09935879999999998 0.243497 
    - vertices: p607(v59) p540(v58) p420(v37)
    - neighboring facets: f245 f302 f251
- f250
    - flags: top simplicial
    - normal:   -0.7326   0.6494   0.2039
    - offset:  -0.233971
    - center: -0.1914293333333333 0.05904702666666666 0.2716053333333333 
    - vertices: p607(v59) p766(v20) p927(v0)
    - neighboring facets: f155 f251 f298
- f251
    - flags: bottom simplicial
    - normal:   -0.7306   0.6577   0.1832
    - offset: -0.2288341
    - vertices: p607(v59) p540(v58) p927(v0)
    - neighboring facets: f245 f250 f249
- f252
    - flags: bottom simplicial
    - normal:   -0.3918   0.9071   -0.154
    - offset: -0.1323932
    - vertices: p735(v60) p420(v37) p124(v19)
    - neighboring facets: f464 f374 f254
- f253
    - flags: top simplicial
    - normal:   -0.8243   0.4648  -0.3232
    - offset: -0.1378133
    - vertices: p735(v60) p503(v38) p184(v14)
    - neighboring facets: f143 f376 f255
- f254
    - flags: top simplicial
    - normal:   -0.7449   0.6671  0.00611
    - offset:  -0.192009
    - vertices: p735(v60) p420(v37) p927(v0)
    - neighboring facets: f245 f255 f252
- f255
    - flags: bottom simplicial
    - normal:   -0.8025   0.5801  -0.1398
    - offset: -0.1720279
    - vertices: p735(v60) p503(v38) p927(v0)
    - neighboring facets: f143 f254 f253
- f260
    - flags: top simplicial
    - normal:   -0.6856   0.5648  -0.4593
    - offset:  -0.112953
    - vertices: p944(v61) p979(v39) p46(v3)
    - neighboring facets: f147 f377 f261
- f261
    - flags: bottom simplicial
    - normal:   -0.6932   0.5792   -0.429
    - offset: -0.1152258
    - center: -0.127432 0.07921556666666667 0.0442537 
    - vertices: p944(v61) p979(v39) p124(v19)
    - neighboring facets: f373 f465 f260
- f262
    - flags: top simplicial
    - normal:   0.03782   0.8619  -0.5056
    - offset: -0.07061022
    - center: 0.04467766666666667 0.09664540000000001 0.02844469999999999 
    - vertices: p146(v62) p125(v40) p510(v11)
    - neighboring facets: f380 f263 f469
- f263
    - flags: bottom simplicial
    - normal:    0.2469   0.9209  -0.3016
    - offset: -0.1007685
    - vertices: p146(v62) p350(v43) p510(v11)
    - neighboring facets: f169 f262 f265
- f265
    - flags: top simplicial
    - normal:    0.2178   0.9427  -0.2528
    - offset: -0.1049286
    - vertices: p146(v62) p350(v43) p132(v21)
    - neighboring facets: f170 f399 f263
- f271
    - flags: bottom simplicial
    - normal:   0.03495 -0.03052   0.9989
    - offset: -0.5193054
    - vertices: p573(v63) p627(v32) p370(v5)
    - neighboring facets: f497 f391 f504
- f276
    - flags: bottom simplicial
    - normal:    0.3183    0.939   0.1304
    - offset:  -0.187814
    - center: 0.149382 0.1177956666666667 0.2273343333333333 
    - vertices: p267(v64) p132(v21) p632(v12)
    - neighboring facets: f288 f277 f278
- f277
    - flags: top simplicial
    - normal:    0.5264   0.7923   0.3085
    - offset: -0.2449572
    - vertices: p267(v64) p77(v44) p632(v12)
    - neighboring facets: f307 f276 f279
- f278
    - flags: top simplicial
    - normal:    0.7821    0.617  0.08748
    - offset: -0.2205431
    - vertices: p267(v64) p132(v21) p822(v1)
    - neighboring facets: f165 f279 f276
- f279
    - flags: bottom simplicial
    - normal:    0.7772   0.5821    0.239
    - offset: -0.2485694
    - vertices: p267(v64) p77(v44) p822(v1)
    - neighboring facets: f280 f278 f277
- f280
    - flags: top simplicial
    - normal:    0.7803   0.4622   0.4212
    - offset: -0.2835526
    - vertices: p224(v65) p77(v44) p822(v1)
    - neighboring facets: f279 f397 f281
- f281
    - flags: bottom simplicial
    - normal:    0.6758   0.5786   0.4565
    - offset: -0.2865097
    - vertices: p224(v65) p77(v44) p28(v23)
    - neighboring facets: f308 f283 f280
- f283
    - flags: top simplicial
    - normal:    0.8012   0.3109   0.5113
    - offset: -0.3066413
    - vertices: p224(v65) p182(v33) p28(v23)
    - neighboring facets: f305 f281 f398
- f284
    - flags: top simplicial
    - normal:   0.06874   0.9915  -0.1106
    - offset: -0.1135236
    - center: 0.110548 0.1280943333333333 0.1905553333333333 
    - vertices: p104(v66) p677(v45) p118(v6)
    - neighboring facets: f381 f286 f285
- f285
    - flags: bottom simplicial
    - normal:    0.1551   0.9864 -0.05469
    - offset: -0.1338137
    - center: 0.1326143333333333 0.1253186666666667 0.1895766666666666 
    - vertices: p104(v66) p677(v45) p132(v21)
    - neighboring facets: f289 f400 f284
- f286
    - flags: bottom simplicial
    - normal:    0.0829   0.9882  -0.1292
    - offset: -0.1112915
    - center: 0.0908968 0.123652 0.1426898 
    - vertices: p104(v66) p146(v62) p118(v6)
    - neighboring facets: f382 f284 f401
- f288
    - flags: top simplicial tested
    - normal:    0.2463   0.9646  0.09431
    - offset: -0.1724285
    - center: 0.1266583333333333 0.1235603333333333 0.233761 
    - vertices: p229(v67) p132(v21) p632(v12)
    - neighboring facets: f276 f295 f289
- f289
    - flags: top simplicial tested seen
    - normal:    0.2171   0.9743  0.06065
    - offset: -0.1628079
    - center: 0.1261816666666667 0.126227 0.20511 
    - vertices: p229(v67) p677(v45) p132(v21)
    - neighboring facets: f285 f288 f516
    - ridges:
- f292
    - flags: bottom simplicial tested
    - normal:    0.1977   0.9137    0.355
    - offset: -0.2371174
    - center: 0.06724106666666667 0.10237 0.3670203333333333 
    - vertices: p166(v68) p114(v47) p632(v12)
    - neighboring facets: f306 f295 f403
- f295
    - flags: top simplicial tested
    - normal:    0.1356    0.984   0.1157
    - offset: -0.1688378
    - center: 0.09482246666666667 0.1259386666666666 0.2771316666666667 
    - vertices: p166(v68) p229(v67) p632(v12)
    - neighboring facets: f288 f292 f482
- f296
    - flags: bottom simplicial tested seen
    - normal:  -0.08733   0.9825   0.1647
    - offset: -0.1788072
    - center: -0.0920237 0.126982 0.2793806666666667 
    - vertices: p84(v69) p557(v24) p702(v10)
    - neighboring facets: f517 f301 f404
    - ridges:
- f298
    - flags: bottom simplicial tested
    - normal:   -0.6122   0.7493   0.2523
    - offset: -0.2368276
    - center: -0.1469266666666666 0.09605813333333332 0.296804 
    - vertices: p84(v69) p607(v59) p766(v20)
    - neighboring facets: f250 f476 f302
- f301
    - flags: top simplicial tested
    - normal:    -0.488   0.8589   0.1555
    - offset: -0.2065343
    - center: -0.1269233333333333 0.12228 0.254496 
    - vertices: p84(v69) p420(v37) p702(v10)
    - neighboring facets: f463 f296 f302
- f302
    - flags: top simplicial tested
    - normal:   -0.5948   0.7775   0.2041
    - offset: -0.2235834
    - center: -0.1425646666666667 0.1098682333333334 0.2614779999999999 
    - vertices: p84(v69) p607(v59) p420(v37)
    - neighboring facets: f249 f301 f298
- f305
    - flags: bottom simplicial
    - normal:    0.7067   0.4022   0.5821
    - offset: -0.3384409
    - vertices: p230(v70) p182(v33) p28(v23)
    - neighboring facets: f283 f308 f407
- f306
    - flags: top simplicial
    - normal:    0.3287   0.8577   0.3953
    - offset: -0.2565255
    - vertices: p230(v70) p114(v47) p632(v12)
    - neighboring facets: f292 f307 f410
- f307
    - flags: bottom simplicial
    - normal:    0.5706   0.6994   0.4305
    - offset: -0.2741658
    - vertices: p230(v70) p77(v44) p632(v12)
    - neighboring facets: f277 f306 f308
- f308
    - flags: top simplicial
    - normal:    0.5932   0.6753   0.4383
    - offset: -0.2775696
    - vertices: p230(v70) p77(v44) p28(v23)
    - neighboring facets: f281 f305 f307
- f311
    - flags: bottom simplicial
    - normal:   -0.6329   -0.625  -0.4569
    - offset: -0.1020602
    - vertices: p684(v71) p849(v27) p46(v3)
    - neighboring facets: f97 f413 f312
- f312
    - flags: top simplicial
    - normal:   -0.6235  -0.6381  -0.4519
    - offset:  -0.102291
    - vertices: p684(v71) p849(v27) p680(v15)
    - neighboring facets: f99 f421 f311
- f323
    - flags: top simplicial
    - normal:    0.3526  -0.8281  -0.4357
    - offset: -0.0942523
    - vertices: p646(v74) p346(v29) p757(v8)
    - neighboring facets: f207 f324 f416
- f324
    - flags: bottom simplicial
    - normal:    0.3922  -0.7977  -0.4582
    - offset: -0.09401377
    - vertices: p646(v74) p7(v50) p757(v8)
    - neighboring facets: f205 f323 f328
- f325
    - flags: top simplicial
    - normal:    0.4274   0.2702  -0.8627
    - offset: -0.0606079
    - vertices: p857(v75) p510(v11) p46(v3)
    - neighboring facets: f379 f417 f326
- f326
    - flags: top simplicial
    - normal:    0.4526   0.2596  -0.8531
    - offset: -0.06261021
    - vertices: p857(v75) p786(v46) p510(v11)
    - neighboring facets: f181 f325 f441
- f328
    - flags: top simplicial
    - normal:    0.3615  -0.5098  -0.7806
    - offset: -0.06242566
    - vertices: p857(v75) p646(v74) p7(v50)
    - neighboring facets: f324 f440 f418
- f331
    - flags: bottom simplicial
    - normal:   -0.6423  -0.7609  0.09179
    - offset: -0.2121292
    - vertices: p529(v76) p833(v48) p343(v2)
    - neighboring facets: f212 f444 f334
- f333
    - flags: top simplicial
    - normal:   -0.4354  -0.8165   0.3792
    - offset: -0.2616524
    - vertices: p529(v76) p82(v54) p93(v53)
    - neighboring facets: f456 f446 f335
- f334
    - flags: top simplicial
    - normal:   -0.6698   -0.597   0.4415
    - offset: -0.2904413
    - vertices: p529(v76) p833(v48) p960(v26)
    - neighboring facets: f214 f335 f331
- f335
    - flags: bottom simplicial
    - normal:   -0.6692  -0.5957   0.4441
    - offset: -0.2908924
    - vertices: p529(v76) p82(v54) p960(v26)
    - neighboring facets: f475 f334 f333
- f339
    - flags: top simplicial
    - normal:  -0.004236  -0.9884   0.1516
    - offset: -0.1571517
    - vertices: p771(v77) p327(v17) p343(v2)
    - neighboring facets: f372 f445 f371
- f345
    - flags: top simplicial
    - normal:    0.4493  -0.8124   0.3716
    - offset: -0.2632633
    - vertices: p860(v79) p690(v55) p584(v18)
    - neighboring facets: f365 f453 f352
- f351
    - flags: top simplicial
    - normal:    0.8198 -0.05811   0.5698
    - offset: -0.3333105
    - vertices: p860(v79) p182(v33) p463(v16)
    - neighboring facets: f125 f352 f501
- f352
    - flags: bottom simplicial
    - normal:    0.8188  -0.1124    0.563
    - offset: -0.3333228
    - vertices: p860(v79) p690(v55) p463(v16)
    - neighboring facets: f230 f351 f345
- f353
    - flags: bottom simplicial
    - normal:    0.6576  -0.7457   0.1072
    - offset: -0.2156818
    - vertices: p142(v80) p616(v56) p757(v8)
    - neighboring facets: f367 f355 f354
- f354
    - flags: top simplicial
    - normal:    0.6787  -0.6928   0.2437
    - offset: -0.2439716
    - vertices: p142(v80) p616(v56) p463(v16)
    - neighboring facets: f236 f356 f353
- f355
    - flags: top simplicial
    - normal:     0.785  -0.6013   -0.149
    - offset: -0.1824111
    - vertices: p142(v80) p149(v31) p757(v8)
    - neighboring facets: f205 f353 f356
- f356
    - flags: bottom simplicial
    - normal:    0.8365  -0.5478   0.0144
    - offset: -0.2226628
    - vertices: p142(v80) p149(v31) p463(v16)
    - neighboring facets: f112 f354 f355
- f361
    - flags: bottom simplicial
    - normal:   0.02319  -0.9963 -0.08265
    - offset: -0.1104347
    - vertices: p661(v81) p950(v51) p757(v8)
    - neighboring facets: f207 f368 f435
- f363
    - flags: top simplicial
    - normal:  -0.0003381  -0.9996 -0.02649
    - offset: -0.1185392
    - vertices: p661(v81) p454(v28) p343(v2)
    - neighboring facets: f431 f370 f494
- f364
    - flags: bottom simplicial
    - normal:    0.5657  -0.7716   0.2908
    - offset: -0.2437011
    - vertices: p411(v82) p616(v56) p214(v34)
    - neighboring facets: f236 f366 f367
- f365
    - flags: bottom simplicial
    - normal:    0.4634  -0.8234   0.3275
    - offset: -0.2431952
    - vertices: p411(v82) p690(v55) p584(v18)
    - neighboring facets: f345 f369 f366
- f366
    - flags: top simplicial
    - normal:    0.4763  -0.8151   0.3299
    - offset: -0.2445751
    - vertices: p411(v82) p690(v55) p214(v34)
    - neighboring facets: f230 f364 f365
- f367
    - flags: top simplicial
    - normal:    0.5921  -0.7975   0.1161
    - offset:  -0.212079
    - vertices: p411(v82) p616(v56) p757(v8)
    - neighboring facets: f353 f368 f364
- f368
    - flags: bottom simplicial
    - normal:    0.0569   -0.997 -0.05259
    - offset:  -0.120627
    - vertices: p411(v82) p661(v81) p757(v8)
    - neighboring facets: f361 f367 f370
- f369
    - flags: top simplicial
    - normal:    0.1251  -0.9672   0.2212
    - offset: -0.1876462
    - vertices: p411(v82) p771(v77) p584(v18)
    - neighboring facets: f454 f365 f371
- f370
    - flags: top simplicial
    - normal:  0.0004346  -0.9998 -0.01932
    - offset: -0.1200299
    - vertices: p411(v82) p661(v81) p343(v2)
    - neighboring facets: f363 f372 f368
- f371
    - flags: bottom simplicial
    - normal:  0.001033  -0.9888   0.1495
    - offset: -0.1561517
    - vertices: p411(v82) p771(v77) p327(v17)
    - neighboring facets: f339 f372 f369
- f372
    - flags: bottom simplicial
    - normal:  0.0003045  -0.9911   0.1329
    - offset: -0.1526634
    - vertices: p411(v82) p327(v17) p343(v2)
    - neighboring facets: f339 f370 f371
- f373
    - flags: top simplicial
    - normal:     -0.78   0.4813     -0.4
    - offset: -0.1214874
    - vertices: p223(v83) p979(v39) p124(v19)
    - neighboring facets: f261 f374 f375
- f374
    - flags: bottom simplicial
    - normal:    -0.789   0.4784  -0.3856
    - offset: -0.1240751
    - vertices: p223(v83) p735(v60) p124(v19)
    - neighboring facets: f252 f373 f376
- f375
    - flags: bottom simplicial
    - normal:   -0.8071   0.4415   -0.392
    - offset: -0.1229164
    - vertices: p223(v83) p979(v39) p184(v14)
    - neighboring facets: f147 f376 f373
- f376
    - flags: top simplicial
    - normal:   -0.8078   0.4455  -0.3861
    - offset: -0.1239736
    - vertices: p223(v83) p735(v60) p184(v14)
    - neighboring facets: f253 f375 f374
- f377
    - flags: top simplicial
    - normal:   -0.4384   0.7281  -0.5269
    - offset: -0.1000517
    - vertices: p119(v84) p944(v61) p46(v3)
    - neighboring facets: f260 f379 f378
- f378
    - flags: bottom simplicial
    - normal:   -0.0732   0.8457  -0.5286
    - offset: -0.07179753
    - center: -0.07202879999999999 0.06592819999999999 -0.02037479999999999 
    - vertices: p119(v84) p944(v61) p125(v40)
    - neighboring facets: f467 f380 f377
- f379
    - flags: bottom simplicial
    - normal:   0.04121   0.8094  -0.5858
    - offset: -0.06576661
    - vertices: p119(v84) p510(v11) p46(v3)
    - neighboring facets: f325 f377 f380
- f380
    - flags: bottom simplicial
    - normal:   0.03492   0.8162  -0.5767
    - offset: -0.06573051
    - vertices: p119(v84) p125(v40) p510(v11)
    - neighboring facets: f262 f379 f378
- f381
    - flags: bottom simplicial tested
    - normal:   0.03628   0.9939  -0.1044
    - offset: -0.1115758
    - center: 0.0664406 0.1263713333333333 0.1573166333333333 
    - vertices: p279(v85) p677(v45) p118(v6)
    - neighboring facets: f284 f382 f461
- f382
    - flags: top simplicial tested
    - normal:   0.04022   0.9932  -0.1096
    - offset: -0.1109762
    - center: 0.0467894 0.121929 0.1094511 
    - vertices: p279(v85) p146(v62) p118(v6)
    - neighboring facets: f286 f381 f470
- f391
    - flags: bottom simplicial
    - normal:   0.01012  0.02189   0.9997
    - offset: -0.5198133
    - vertices: p802(v86) p573(v63) p370(v5)
    - neighboring facets: f271 f411 f505
- f392
    - flags: top simplicial
    - normal:    -0.777   0.3109   0.5473
    - offset: -0.3247296
    - vertices: p802(v86) p843(v41) p766(v20)
    - neighboring facets: f155 f477 f471
- f396
    - flags: bottom simplicial
    - normal:    0.8112   0.2849   0.5106
    - offset:  -0.306579
    - vertices: p672(v87) p182(v33) p822(v1)
    - neighboring facets: f125 f397 f398
- f397
    - flags: top simplicial
    - normal:    0.8096   0.2946   0.5076
    - offset: -0.3057144
    - vertices: p672(v87) p224(v65) p822(v1)
    - neighboring facets: f280 f396 f398
- f398
    - flags: bottom simplicial
    - normal:    0.8086   0.2932   0.5102
    - offset: -0.3062959
    - vertices: p672(v87) p224(v65) p182(v33)
    - neighboring facets: f283 f396 f397
- f399
    - flags: top simplicial
    - normal:    0.1315   0.9783  -0.1601
    - offset: -0.1106179
    - vertices: p897(v88) p146(v62) p132(v21)
    - neighboring facets: f265 f400 f401
- f400
    - flags: bottom simplicial
    - normal:    0.1266   0.9821  -0.1397
    - offset: -0.1137588
    - vertices: p897(v88) p104(v66) p132(v21)
    - neighboring facets: f285 f399 f401
- f401
    - flags: top simplicial
    - normal:    0.1189   0.9817  -0.1486
    - offset:   -0.11111
    - vertices: p897(v88) p104(v66) p146(v62)
    - neighboring facets: f286 f399 f400
- f403
    - flags: top simplicial
    - normal:   0.08668    0.939   0.3328
    - offset: -0.2254091
    - center: 0.03227544666666667 0.08487010000000003 0.4294553333333333 
    - vertices: p691(v89) p166(v68) p114(v47)
    - neighboring facets: f292 f405 f480
- f404
    - flags: top simplicial
    - normal:  -0.04203   0.9509   0.3066
    - offset: -0.2129933
    - center: -0.05189032 0.1068154333333333 0.3562643333333333 
    - vertices: p691(v89) p84(v69) p557(v24)
    - neighboring facets: f296 f479 f406
- f405
    - flags: bottom simplicial
    - normal:  -0.04926   0.9188   0.3917
    - offset: -0.2515586
    - vertices: p691(v89) p802(v86) p114(v47)
    - neighboring facets: f412 f403 f406
- f406
    - flags: top simplicial
    - normal:   -0.1061   0.9327   0.3446
    - offset: -0.2296081
    - vertices: p691(v89) p802(v86) p84(v69)
    - neighboring facets: f478 f404 f405
- f407
    - flags: top simplicial
    - normal:    0.5825    0.378   0.7196
    - offset: -0.4012364
    - vertices: p455(v90) p230(v70) p182(v33)
    - neighboring facets: f305 f500 f410
- f410
    - flags: bottom simplicial
    - normal:     0.374   0.4635   0.8033
    - offset: -0.4401567
    - vertices: p455(v90) p230(v70) p114(v47)
    - neighboring facets: f306 f412 f407
- f411
    - flags: bottom simplicial
    - normal:   0.03029  0.05444   0.9981
    - offset: -0.5199635
    - vertices: p455(v90) p802(v86) p370(v5)
    - neighboring facets: f391 f499 f412
- f412
    - flags: top simplicial
    - normal:    0.1755   0.4172   0.8917
    - offset: -0.4785099
    - vertices: p455(v90) p802(v86) p114(v47)
    - neighboring facets: f405 f410 f411
- f413
    - flags: bottom simplicial
    - normal:   -0.4488  -0.7388  -0.5027
    - offset: -0.09073706
    - vertices: p260(v91) p684(v71) p46(v3)
    - neighboring facets: f311 f417 f485
- f416
    - flags: bottom simplicial
    - normal:    0.1468   -0.704  -0.6949
    - offset: -0.06591762
    - vertices: p260(v91) p646(v74) p346(v29)
    - neighboring facets: f323 f424 f418
- f417
    - flags: top simplicial
    - normal:    0.3199  -0.4996   -0.805
    - offset: -0.0594893
    - vertices: p260(v91) p857(v75) p46(v3)
    - neighboring facets: f325 f413 f418
- f418
    - flags: bottom simplicial
    - normal:    0.3182  -0.5106  -0.7988
    - offset: -0.05928376
    - vertices: p260(v91) p857(v75) p646(v74)
    - neighboring facets: f328 f416 f417
- f419
    - flags: bottom simplicial
    - normal:   -0.2817    -0.89  -0.3585
    - offset: -0.09313356
    - vertices: p879(v92) p86(v73) p680(v15)
    - neighboring facets: f428 f421 f420
- f420
    - flags: top simplicial
    - normal:   -0.2552  -0.8834   -0.393
    - offset: -0.08854328
    - vertices: p879(v92) p86(v73) p728(v49)
    - neighboring facets: f486 f422 f419
- f421
    - flags: top simplicial
    - normal:   -0.4134  -0.8088  -0.4183
    - offset: -0.09532542
    - vertices: p879(v92) p684(v71) p680(v15)
    - neighboring facets: f312 f419 f422
- f422
    - flags: bottom simplicial
    - normal:   -0.3523    -0.81  -0.4688
    - offset: -0.08752675
    - vertices: p879(v92) p684(v71) p728(v49)
    - neighboring facets: f483 f420 f421
- f424
    - flags: bottom simplicial
    - normal:  -0.003068  -0.7963  -0.6049
    - offset: -0.07020998
    - vertices: p919(v93) p260(v91) p346(v29)
    - neighboring facets: f416 f511 f493
- f428
    - flags: top simplicial
    - normal:   -0.1874  -0.9582  -0.2163
    - offset: -0.1056021
    - vertices: p517(v94) p86(v73) p680(v15)
    - neighboring facets: f419 f430 f429
- f429
    - flags: bottom simplicial
    - normal:  -0.02649  -0.9949 -0.09751
    - offset: -0.1091741
    - vertices: p517(v94) p86(v73) p454(v28)
    - neighboring facets: f432 f431 f428
- f430
    - flags: top simplicial
    - normal:   -0.2111  -0.9653  -0.1539
    - offset: -0.1179262
    - vertices: p517(v94) p680(v15) p343(v2)
    - neighboring facets: f109 f431 f428
- f431
    - flags: bottom simplicial
    - normal:  -0.06767  -0.9944 -0.08109
    - offset: -0.1159847
    - vertices: p517(v94) p454(v28) p343(v2)
    - neighboring facets: f363 f430 f429
- f432
    - flags: top simplicial
    - normal:  -0.01098  -0.9959 -0.08963
    - offset: -0.1089839
    - vertices: p272(v95) p86(v73) p454(v28)
    - neighboring facets: f429 f495 f433
- f433
    - flags: bottom simplicial
    - normal:  -0.008937  -0.9891  -0.1467
    - offset:  -0.104154
    - vertices: p272(v95) p86(v73) p950(v51)
    - neighboring facets: f488 f435 f432
- f435
    - flags: top simplicial
    - normal:   0.01399  -0.9969 -0.07751
    - offset: -0.1102996
    - vertices: p272(v95) p661(v81) p950(v51)
    - neighboring facets: f361 f433 f496
- f439
    - flags: top simplicial
    - normal:    0.7598  -0.3762  -0.5302
    - offset: -0.0979239
    - vertices: p154(v97) p7(v50) p149(v31)
    - neighboring facets: f205 f442 f440
- f440
    - flags: top simplicial
    - normal:    0.6774  -0.3294  -0.6577
    - offset: -0.08336637
    - vertices: p154(v97) p857(v75) p7(v50)
    - neighboring facets: f328 f439 f441
- f441
    - flags: bottom simplicial
    - normal:    0.7016 -0.004052  -0.7126
    - offset: -0.08297437
    - vertices: p154(v97) p857(v75) p786(v46)
    - neighboring facets: f326 f443 f440
- f442
    - flags: top simplicial
    - normal:    0.8467 -0.07228  -0.5272
    - offset: -0.1076659
    - vertices: p154(v97) p149(v31) p822(v1)
    - neighboring facets: f112 f443 f439
- f443
    - flags: bottom simplicial
    - normal:    0.8425  0.03708  -0.5374
    - offset: -0.1059955
    - vertices: p154(v97) p786(v46) p822(v1)
    - neighboring facets: f180 f442 f441
- f444
    - flags: bottom simplicial
    - normal:    -0.152  -0.9622   0.2262
    - offset: -0.1927431
    - vertices: p115(v98) p529(v76) p343(v2)
    - neighboring facets: f331 f445 f446
- f445
    - flags: top simplicial
    - normal:  -0.06437  -0.9806    0.185
    - offset: -0.1726738
    - vertices: p115(v98) p771(v77) p343(v2)
    - neighboring facets: f339 f444 f447
- f446
    - flags: top simplicial
    - normal:   -0.3145  -0.8928   0.3224
    - offset: -0.2360982
    - vertices: p115(v98) p529(v76) p93(v53)
    - neighboring facets: f333 f447 f444
- f447
    - flags: bottom simplicial
    - normal:   -0.1373  -0.9358   0.3248
    - offset: -0.2355561
    - vertices: p115(v98) p771(v77) p93(v53)
    - neighboring facets: f455 f446 f445
- f449
    - flags: top simplicial
    - normal:    0.1084  -0.2026   0.9732
    - offset: -0.5135347
    - vertices: p991(v99) p860(v79) p627(v32)
    - neighboring facets: f458 f498 f502
- f453
    - flags: top simplicial
    - normal:   0.04107  -0.8647   0.5006
    - offset: -0.3125356
    - vertices: p819(v100) p860(v79) p584(v18)
    - neighboring facets: f345 f454 f458
- f454
    - flags: bottom simplicial
    - normal:    0.0327  -0.8728   0.4871
    - offset: -0.3061771
    - vertices: p819(v100) p771(v77) p584(v18)
    - neighboring facets: f369 f453 f455
- f455
    - flags: top simplicial
    - normal:   0.01251  -0.8736   0.4865
    - offset: -0.3061037
    - vertices: p819(v100) p771(v77) p93(v53)
    - neighboring facets: f447 f456 f454
- f456
    - flags: bottom simplicial
    - normal:   -0.1242  -0.8019   0.5844
    - offset: -0.3526319
    - vertices: p819(v100) p82(v54) p93(v53)
    - neighboring facets: f333 f455 f457
- f457
    - flags: top simplicial
    - normal:   -0.1104  -0.5222   0.8457
    - offset: -0.4683123
    - vertices: p819(v100) p82(v54) p627(v32)
    - neighboring facets: f506 f458 f456
- f458
    - flags: bottom simplicial
    - normal:   0.06629  -0.3901   0.9184
    - offset: -0.4956839
    - vertices: p819(v100) p860(v79) p627(v32)
    - neighboring facets: f449 f457 f453
- f460
    - flags: bottom simplicial tested seen
    - normal:   -0.0126   0.9983 -0.05741
    - offset: -0.1169195
    - center: -0.03355143333333333 0.1273686666666667 0.1855383 
    - vertices: p393(v101) p279(v85) p702(v10)
    - neighboring facets: f462 f519 f461
    - ridges:
- f461
    - flags: top simplicial tested seen
    - normal:  -0.008219   0.9982 -0.05874
    - offset:  -0.116743
    - center: 0.0410709 0.1273686666666667 0.1713359666666666 
    - vertices: p393(v101) p279(v85) p677(v45)
    - neighboring facets: f381 f518 f460
    - ridges:
- f462
    - flags: top simplicial
    - normal:  -0.06116   0.9942 -0.08841
    - offset: -0.1142505
    - vertices: p961(v102) p279(v85) p702(v10)
    - neighboring facets: f460 f463 f466
- f463
    - flags: bottom simplicial
    - normal:   -0.2292   0.9646  -0.1306
    - offset: -0.1192059
    - vertices: p961(v102) p420(v37) p702(v10)
    - neighboring facets: f301 f462 f464
- f464
    - flags: top simplicial
    - normal:    -0.265   0.9514  -0.1568
    - offset: -0.1176241
    - vertices: p961(v102) p420(v37) p124(v19)
    - neighboring facets: f252 f465 f463
- f465
    - flags: bottom simplicial
    - normal:   -0.2584    0.922  -0.2883
    - offset: -0.09969331
    - vertices: p961(v102) p944(v61) p124(v19)
    - neighboring facets: f261 f464 f466
- f466
    - flags: bottom simplicial
    - normal:   -0.1206   0.9356  -0.3318
    - offset: -0.08607551
    - vertices: p961(v102) p279(v85) p944(v61)
    - neighboring facets: f468 f465 f462
- f467
    - flags: top simplicial
    - normal:  -0.08448   0.9223  -0.3771
    - offset: -0.08077856
    - vertices: p967(v103) p944(v61) p125(v40)
    - neighboring facets: f378 f469 f468
- f468
    - flags: top simplicial
    - normal:    -0.117   0.9347  -0.3355
    - offset: -0.08559142
    - vertices: p967(v103) p279(v85) p944(v61)
    - neighboring facets: f466 f467 f470
- f469
    - flags: bottom simplicial
    - normal:  -0.06653    0.922  -0.3815
    - offset: -0.08022554
    - vertices: p967(v103) p146(v62) p125(v40)
    - neighboring facets: f262 f467 f470
- f470
    - flags: bottom simplicial
    - normal:  -0.05945   0.9408  -0.3338
    - offset: -0.08577593
    - vertices: p967(v103) p279(v85) p146(v62)
    - neighboring facets: f382 f469 f468
- f471
    - flags: bottom simplicial
    - normal:   -0.5779   0.0301   0.8155
    - offset: -0.4433779
    - vertices: p56(v104) p802(v86) p843(v41)
    - neighboring facets: f392 f474 f503
- f474
    - flags: bottom simplicial
    - normal:   -0.8166 -0.03044   0.5764
    - offset:  -0.335396
    - vertices: p56(v104) p843(v41) p960(v26)
    - neighboring facets: f156 f475 f471
- f475
    - flags: top simplicial
    - normal:   -0.7985  -0.1893   0.5715
    - offset: -0.3363453
    - vertices: p56(v104) p82(v54) p960(v26)
    - neighboring facets: f335 f474 f507
- f476
    - flags: bottom simplicial
    - normal:   -0.5847   0.7399   0.3327
    - offset: -0.2569785
    - vertices: p947(v105) p84(v69) p766(v20)
    - neighboring facets: f298 f477 f478
- f477
    - flags: top simplicial
    - normal:   -0.5509   0.7062   0.4449
    - offset: -0.2843581
    - vertices: p947(v105) p802(v86) p766(v20)
    - neighboring facets: f392 f476 f478
- f478
    - flags: bottom simplicial
    - normal:   -0.5326   0.7241   0.4382
    - offset: -0.2812494
    - vertices: p947(v105) p802(v86) p84(v69)
    - neighboring facets: f406 f476 f477
- f479
    - flags: top simplicial tested seen
    - normal:  -0.01678   0.9536   0.3006
    - offset: -0.2104295
    - center: -4.221999999999744e-05 0.1098334333333333 0.3515856666666666 
    - vertices: p164(v106) p691(v89) p557(v24)
    - neighboring facets: f404 f517 f480
    - ridges:
- f480
    - flags: bottom simplicial tested
    - normal:  -0.0007973   0.9528   0.3035
    - offset: -0.2118292
    - center: 0.04030494666666667 0.1084387666666667 0.3576596666666667 
    - vertices: p164(v106) p691(v89) p166(v68)
    - neighboring facets: f403 f482 f479
- f482
    - flags: bottom simplicial tested seen
    - normal:   0.09066   0.9911  0.09797
    - offset:  -0.161056
    - center: 0.07208223333333334 0.1286053333333333 0.2762776666666667 
    - vertices: p164(v106) p166(v68) p229(v67)
    - neighboring facets: f295 f516 f480
    - ridges:
- f483
    - flags: top simplicial
    - normal:   -0.3554  -0.8027  -0.4789
    - offset: -0.08694399
    - vertices: p292(v107) p684(v71) p728(v49)
    - neighboring facets: f422 f484 f485
- f484
    - flags: bottom simplicial
    - normal:   -0.3497  -0.7898  -0.5039
    - offset: -0.08506116
    - vertices: p292(v107) p260(v91) p728(v49)
    - neighboring facets: f491 f483 f485
- f485
    - flags: top simplicial
    - normal:    -0.382   -0.776  -0.5019
    - offset: -0.08682972
    - vertices: p292(v107) p260(v91) p684(v71)
    - neighboring facets: f413 f483 f484
- f486
    - flags: bottom simplicial
    - normal:   -0.1942  -0.8908  -0.4107
    - offset: -0.08482102
    - vertices: p602(v108) p86(v73) p728(v49)
    - neighboring facets: f420 f487 f488
- f487
    - flags: top simplicial
    - normal:   -0.1868  -0.8866   -0.423
    - offset: -0.0837692
    - vertices: p602(v108) p919(v93) p728(v49)
    - neighboring facets: f492 f486 f512
- f488
    - flags: top simplicial
    - normal:  -0.01517   -0.978  -0.2079
    - offset: -0.09899425
    - vertices: p602(v108) p86(v73) p950(v51)
    - neighboring facets: f433 f510 f486
- f491
    - flags: top simplicial
    - normal:   -0.1661  -0.8299  -0.5327
    - offset: -0.0757628
    - vertices: p53(v109) p260(v91) p728(v49)
    - neighboring facets: f484 f492 f493
- f492
    - flags: bottom simplicial
    - normal:   -0.1647  -0.8371  -0.5217
    - offset: -0.07646433
    - vertices: p53(v109) p919(v93) p728(v49)
    - neighboring facets: f487 f491 f493
- f493
    - flags: top simplicial
    - normal:   -0.1583  -0.8299  -0.5349
    - offset: -0.07543042
    - vertices: p53(v109) p919(v93) p260(v91)
    - neighboring facets: f424 f491 f492
- f494
    - flags: bottom simplicial
    - normal:  0.002168  -0.9989 -0.04596
    - offset: -0.1150533
    - vertices: p898(v110) p661(v81) p454(v28)
    - neighboring facets: f363 f495 f496
- f495
    - flags: top simplicial
    - normal:  0.004545  -0.9976 -0.06974
    - offset: -0.1108024
    - vertices: p898(v110) p272(v95) p454(v28)
    - neighboring facets: f432 f494 f496
- f496
    - flags: bottom simplicial
    - normal:  0.005493  -0.9976 -0.06934
    - offset:  -0.110847
    - vertices: p898(v110) p272(v95) p661(v81)
    - neighboring facets: f435 f494 f495
- f497
    - flags: top simplicial
    - normal:    0.1166  -0.0869   0.9894
    - offset: -0.5156968
    - vertices: p708(v111) p627(v32) p370(v5)
    - neighboring facets: f271 f499 f498
- f498
    - flags: top simplicial
    - normal:    0.1175 -0.08786   0.9892
    - offset:   -0.51563
    - vertices: p708(v111) p991(v99) p627(v32)
    - neighboring facets: f449 f497 f502
- f499
    - flags: bottom simplicial
    - normal:    0.1889 -0.02609   0.9817
    - offset: -0.5144929
    - vertices: p708(v111) p455(v90) p370(v5)
    - neighboring facets: f411 f497 f500
- f500
    - flags: top simplicial
    - normal:    0.4549  0.04242   0.8895
    - offset: -0.4768969
    - vertices: p708(v111) p455(v90) p182(v33)
    - neighboring facets: f407 f501 f499
- f501
    - flags: bottom simplicial
    - normal:    0.4853  -0.0268    0.874
    - offset: -0.4698942
    - vertices: p708(v111) p860(v79) p182(v33)
    - neighboring facets: f351 f500 f502
- f502
    - flags: bottom simplicial
    - normal:     0.422 -0.04125   0.9056
    - offset: -0.4838868
    - vertices: p708(v111) p991(v99) p860(v79)
    - neighboring facets: f449 f501 f498
- f503
    - flags: top simplicial
    - normal:   -0.4342 -0.01539   0.9007
    - offset:  -0.480693
    - vertices: p36(v112) p56(v104) p802(v86)
    - neighboring facets: f471 f505 f507
- f504
    - flags: top simplicial
    - normal:   -0.1888  -0.0261   0.9817
    - offset: -0.5144943
    - vertices: p36(v112) p573(v63) p627(v32)
    - neighboring facets: f271 f506 f505
- f505
    - flags: top simplicial
    - normal:   -0.1898 -0.02395   0.9815
    - offset: -0.5144293
    - vertices: p36(v112) p802(v86) p573(v63)
    - neighboring facets: f391 f504 f503
- f506
    - flags: bottom simplicial
    - normal:   -0.3313 -0.07969   0.9401
    - offset: -0.4985377
    - vertices: p36(v112) p82(v54) p627(v32)
    - neighboring facets: f457 f504 f507
- f507
    - flags: bottom simplicial
    - normal:   -0.4013 -0.06451   0.9137
    - offset: -0.4869778
    - vertices: p36(v112) p56(v104) p82(v54)
    - neighboring facets: f475 f506 f503
- f510
    - flags: top simplicial
    - normal:  5.792e-06  -0.9659  -0.2588
    - offset: -0.09548312
    - vertices: p637(v113) p602(v108) p950(v51)
    - neighboring facets: f488 f515 f513
- f511
    - flags: bottom simplicial
    - normal:  -0.001409  -0.9613  -0.2755
    - offset: -0.09443378
    - vertices: p440(v114) p919(v93) p346(v29)
    - neighboring facets: f424 f514 f512
- f512
    - flags: bottom simplicial
    - normal:  -0.002028  -0.9621  -0.2725
    - offset: -0.09458418
    - vertices: p440(v114) p602(v108) p919(v93)
    - neighboring facets: f487 f511 f513
- f513
    - flags: bottom simplicial
    - normal:  4.477e-06  -0.9659  -0.2588
    - offset: -0.09548227
    - vertices: p440(v114) p637(v113) p602(v108)
    - neighboring facets: f510 f512 f515
- f514
    - flags: top simplicial
    - normal:   0.01539  -0.9641  -0.2649
    - offset:  -0.095763
    - vertices: p440(v114) p950(v51) p346(v29)
    - neighboring facets: f207 f511 f515
- f515
    - flags: top simplicial
    - normal:  7.315e-06  -0.9659  -0.2588
    - offset: -0.09548304
    - vertices: p440(v114) p637(v113) p950(v51)
    - neighboring facets: f510 f514 f513
- f516
    - flags: bottom simplicial tricoplanar keepcentrum
    - owner of normal & centrum is facet f516
    - normal:         0        1        0
    - offset:      -0.13
    - center: 0.01928501666666667   0.13 0.247405 
    - vertices: p164(v106) p229(v67) p677(v45)
    - neighboring facets: f289 f518 f482
- f517
    - flags: top simplicial tricoplanar
    - owner of normal & centrum is facet f516
    - normal:         0        1        0
    - offset:      -0.13
    - center: 0.01928501666666667   0.13 0.247405 
    - vertices: p164(v106) p557(v24) p702(v10)
    - neighboring facets: f296 f519 f479
- f518
    - flags: top simplicial tricoplanar
    - owner of normal & centrum is facet f516
    - normal:         0        1        0
    - offset:      -0.13
    - center: 0.01928501666666667   0.13 0.247405 
    - vertices: p164(v106) p393(v101) p677(v45)
    - neighboring facets: f461 f516 f519
- f519
    - flags: bottom simplicial tricoplanar
    - owner of normal & centrum is facet f516
    - normal:         0        1        0
    - offset:      -0.13
    - center: 0.01928501666666667   0.13 0.247405 
    - vertices: p164(v106) p393(v101) p702(v10)
    - neighboring facets: f460 f517 f518
