3
1000 228 342
0.0359803 0.0216241 -0.018176 
-0.00175333 0.0308277 -0.0562952 
-0.0394227 -0.0358745 -0.0279955 
-0.07987950000000001 -0.012293 -0.0127751 
-0.0143527 -0.00578835 -0.00647074 
-0.013922 0.0279611 -0.0525229 
-0.0110896 0.0282987 -0.0475779 
0.0205359 -0.022707 -0.055813 
-0.0691035 0.0302299 -0.0310921 
0.0515153 -0.0056281 -0.0581639 
-0.0623706 0.008046319999999999 -0.0105865 
-0.00574235 -0.0181898 -0.00647074 
0.0302208 0.00522577 -0.053162 
-0.0648683 -0.000941131 -0.055941 
-0.0899305 -0.0215958 -0.0273629 
0.0102127 -0.0149901 -0.0704661 
0.0314952 0.00207541 -0.0507944 
-0.0601953 -0.0111643 -0.0606358 
-0.0128653 -0.0121115 -0.06717430000000001 
-0.0294547 0.0118805 -0.0467757 
0.00795566 0.0160543 -0.0475779 
-0.0119095 0.0135272 -0.0665675 
0.0515125 0.0141489 -0.0099658 
0.050003 -0.009589459999999999 -0.0510231 
-0.0261734 0.0181681 -0.0147104 
0.003336 -0.0258527 -0.0569926 
-0.0492948 0.0149888 -0.06730410000000001 
-0.0356877 -0.00711656 -0.0575967 
0.0540176 0.00147638 -0.0339422 
0.0538607 0.0170656 -0.0171611 
-0.0256174 0.011719 -0.0481373 
-0.0573985 0.00597951 -0.065137 
-0.00530592 -0.022845 -0.0587279 
0.0462655 0.0240771 -0.0186491 
0.0515177 0.00140127 -0.00708864 
0.00308754 -0.0311455 -0.0289717 
0.0540176 -0.00824916 -0.0292766 
0.00464752 0.029402 -0.0545068 
0.0314952 -0.0165264 -0.0383049 
0.0029293 0.0176396 -0.0717161 
0.0359803 0.00134682 -0.0553221 
-0.0802495 0.0104703 -0.0114754 
-0.0100895 -0.0158883 0.00682499 
-0.000525306 0.0045286 -0.0566024 
0.0513816 0.0161236 -0.0461899 
-0.0529897 -0.0176618 -0.00489739 
0.0304966 -0.00366405 -0.0510298 
0.0334009 -0.0129001 -0.0376856 
0.0321939 -0.0038864 -0.0225066 
0.00290342 0.0316265 -0.0365256 
-0.00232121 -0.0275322 -0.0545068 
-0.035684 -0.00567084 -0.0588109 
0.00540962 -0.0236644 -0.0029969 
-0.0280195 0.0113883 -0.0475779 
-0.0157668 0.0117087 -0.0606073 
0.0154376 0.0105028 -0.0639661 
0.0510467 0.009744360000000001 -0.0143559 
0.0321786 0.00176506 -0.0264211 
-0.0384987 0.0331321 -0.0461014 
0.0359803 0.0117144 -0.0141533 
-0.0492948 0.0096998 -0.0651954 
0.0110198 0.0297691 -0.0209613 
-0.0899305 0.00157902 -0.0337739 
-0.0468281 0.0140063 -0.0701135 
-0.0549655 -0.00921162 -0.06425889999999999 
-0.0854466 0.020218 -0.0203237 
-0.07771169999999999 -0.00631164 -0.0101002 
0.008237980000000001 -0.0303415 -0.0422443 
-0.0320075 -0.0120919 -0.0154035 
0.0439326 -0.0139933 -0.0388805 
0.00493674 0.00576704 -0.00147074 
-0.0320075 -0.0178328 -0.0208957 
0.015674 0.0277003 -0.0209801 
0.0221654 0.0198013 -0.00358861 
-0.0113353 0.020702 -0.0587279 
0.00979589 0.00149758 -0.00147074 
-0.0356821 0.0230902 -0.0161188 
-0.00790736 -0.0169392 0.00498322 
-0.0858607 0.0190053 -0.0184905 
0.0575667 0.008184800000000001 -0.0155559 
0.0207061 -0.0160197 -0.056629 
-0.0356821 0.009144650000000001 0.00133633 
0.0540176 0.0186815 -0.0424615 
0.0347938 0.000915966 -0.0547206 
0.0145759 0.0284453 -0.0456859 
0.0498978 -0.0204661 -0.0361461 
-0.03569 0.00822853 -0.0120812 
-0.0288831 0.0129744 -0.0469451 
0.0353834 -0.0172646 -0.0435624 
0.00609903 0.00337736 -0.0547869 
-0.0104189 0.000140579 -0.0566568 
-5.7374e-05 -0.0155602 -0.00647074 
-0.0359705 0.00192473 -0.068261 
0.0540176 -0.0125913 -0.0252706 
0.0432778 -0.00292047 -0.0477126 
0.0200294 0.0218227 -0.0481543 
0.0665176 0.00156797 -0.0215605 
-0.012486 0.0274211 -0.0554714 
-0.0188838 0.00309456 0.00841167 
0.0665176 0.00188951 -0.0375737 
-0.0899305 -0.0211341 -0.0378191 
0.0041568 0.00576106 -0.00147074 
-0.0492948 0.031389 -0.0537508 
-0.0310322 0.00396848 -0.0495885 
0.013768 0.0287494 -0.0152727 
0.0479927 0.0164376 -0.0195224 
0.00541092 0.00761877 -0.0627161 
-0.0899305 0.0142479 -0.0253747 
-0.0899305 0.00123724 -0.0451136 
-0.0619305 -0.00460527 -0.00342988 
0.0241465 0.0190913 -0.0510706 
0.0515177 -0.0219949 -0.0455202 
-0.00882367 0.0220013 -0.0587279 
-0.0858719 -0.00522869 -0.009766149999999999 
0.0540176 -0.00746377 -0.0388705 
0.0522866 0.0179943 -0.0220451 
0.0327639 0.017575 -0.0191927 
0.00422483 -0.0174772 -0.0481543 
0.0146074 -0.00633465 -0.0597259 
-0.0308828 0.00468735 -0.0501094 
-0.0164689 0.00238429 -0.0598216 
0.0587757 0.0189576 -0.0340839 
-0.0377436 0.0306893 -0.0143212 
-0.0320075 -0.00350725 -0.0148452 
-0.00755755 -0.000902158 0.0110293 
-0.06866990000000001 0.0216289 -0.0525779 
0.00116867 -0.00375806 -0.0562508 
0.00279799 0.0316387 -0.0256274 
-0.06920080000000001 -0.00795446 -0.0106322 
0.0322013 0.009680050000000001 -0.0235122 
0.0658328 0.0165751 -0.0415033 
0.0477916 -0.009512100000000001 -0.00639715 
-0.00824415 -0.016777 0.0011794 
-0.0364362 0.0279899 -0.0551771 
0.008986340000000001 -0.0300638 -0.0235635 
0.0101808 -0.009205700000000001 -0.00647074 
-0.0492948 -0.0301004 -0.0136964 
-0.0492948 0.0261518 -0.009087960000000001 
0.055414 0.0199695 -0.0239918 
-0.0492948 0.0157946 -0.00221877 
-0.07177409999999999 0.0302299 -0.0525232 
0.0119764 0.0163638 -0.0475779 
0.0665176 0.0095262 -0.0264415 
0.0253551 -0.0187444 -0.0461302 
-0.0356891 0.015269 -0.0533151 
-0.0320075 0.0132822 -0.0493268 
-0.0453283 -0.0396165 -0.0298405 
0.0447078 0.0213342 -0.015745 
-0.0136689 0.0135465 0.008054840000000001 
0.06351610000000001 -0.0138999 -0.0449928 
-0.00678433 0.0167041 -0.0658984 
-0.0171602 0.00858918 0.009152800000000001 
-0.0175697 -0.0107305 0.000329259 
-0.056815 0.00453056 -0.0653064 
0.0406704 -0.00736367 -0.0586071 
0.0268652 0.014772 -0.0552508 
0.0200349 -0.0118219 -0.00222768 
-0.0899305 -0.0178815 -0.0359178 
-0.0351911 -0.00554243 -0.0113779 
0.0416979 -0.009400220000000001 -0.0210372 
-0.0235292 0.0148083 -0.0105126 
-0.0512885 -0.0157714 -0.0615352 
0.0269863 -0.0140814 -0.0554999 
0.0145841 -0.018027 -0.00168171 
-0.0168801 0.0268691 -0.0149616 
-0.0215684 -0.0229455 -0.0258046 
0.0054328 -0.0118852 -0.0575089 
0.00862043 -0.0301996 -0.0302153 
0.0482111 -0.0265899 -0.0410286 
-0.0453752 -0.0241423 -0.001032 
-0.06601369999999999 -0.015272 -0.0150191 
0.00200353 0.0164464 -0.0627161 
-0.0161248 0.00489405 -0.00647074 
-0.0125934 0.0120759 -0.00647074 
0.0142802 -0.0264245 -0.055937 
-0.0776869 -0.0186831 -0.0463766 
0.0100479 0.000725084 0.0110293 
-0.0320075 0.0192135 -0.0314389 
-0.0259516 0.0120934 -0.0125779 
0.010531 0.0290515 -0.0547762 
-0.0619305 -0.0261716 -0.0332398 
-0.07644720000000001 0.0144063 -0.0512826 
-0.0152696 -0.0154814 -0.00585167 
0.00648831 0.0157912 -0.00147074 
0.0321887 0.009398449999999999 -0.0350867 
0.00540907 -0.00405721 -0.0547869 
-0.0619305 -0.0130589 -0.0567486 
-0.0899305 0.0008939179999999999 -0.042485 
-0.0269197 0.0169867 -0.0277195 
0.0020241 0.0177299 -0.069592 
-0.0899305 -0.00403349 -0.0116639 
-0.0146546 0.0107821 -0.0658647 
-0.06403929999999999 0.0196966 -0.0125779 
0.0471794 -0.0253415 -0.0210382 
0.0540176 0.00744091 -0.0256772 
0.00571555 0.0184588 -0.0638152 
-0.0700215 0.0302299 -0.013498 
-0.01531 0.027234 -0.0485848 
0.0144419 0.0246332 -0.008429539999999999 
-0.0422812 -0.020743 0.000527552 
0.00595017 -0.0176332 0.00604873 
-0.0899305 0.00341618 -0.0451822 
-0.0492948 -0.02783 -0.0550248 
-0.0198987 -0.0243096 -0.0232279 
-0.0539961 -0.031955 -0.0258876 
0.040988 0.0125294 -0.00879226 
-0.009639689999999999 0.00601401 -0.0717161 
0.0540176 -0.0111416 -0.0511884 
-0.0354462 -0.0218231 -0.033328 
-0.0575918 0.033153 -0.0300737 
0.00382118 -0.0258588 -0.0568306 
-0.00888737 0.0298705 -0.0505854 
-0.0320075 0.0165941 -0.035298 
-0.0896705 0.023302 -0.0315073 
0.0132252 0.0198225 -0.0029969 
-0.0584133 -0.0275605 -0.0207337 
-6.95845e-05 -0.0131504 -0.0477935 
-0.0688489 0.0242122 -0.0525779 
-0.0308769 -0.00841334 -0.0460864 
-0.00418456 0.0243385 -0.0587279 
-0.00717784 -0.0129417 -0.0627161 
-0.0227898 -0.0207453 -0.0498291 
0.0359803 -0.0110167 -0.0106049 
-0.0356821 -0.0142148 -0.00596885 
-0.0112794 0.00564529 0.0110293 
0.0359803 -0.00591939 -0.0554577 
-0.00152432 0.0070116 -0.00337181 
0.032202 -0.0123007 -0.0281589 
-0.0476182 -0.0375515 -0.045768 
-0.0110876 0.0297284 -0.031909 
0.0540176 0.00532539 -0.0460622 
0.0173393 -0.00143777 -0.0684384 
-0.00841779 -0.00390031 -0.0566568 
-0.0847161 -0.0223744 -0.0388016 
-0.0375427 -0.00543838 0.00234201 
0.0259539 -0.0100851 -0.009204769999999999 
-0.0356886 0.0242907 -0.0418463 
-0.0235255 0.0211843 -0.0406443 
-0.08804240000000001 0.009130350000000001 -0.0108592 
0.0321921 0.0105751 -0.0309641 
-0.0183851 -0.00119466 -0.00147074 
0.0501646 -0.0234711 -0.017796 
0.0169175 -0.00503632 -0.0717161 
-0.0445413 0.0109942 0.00570082 
0.0111218 -0.00248983 -0.0717161 
-0.00773311 -0.0161539 -0.0639661 
-0.0709123 -0.00476023 -0.00972277 
0.0192059 0.0219935 -0.0475779 
-0.0420602 -0.0371989 -0.0444807 
-0.0762876 0.0211803 -0.0220998 
-0.017948 -0.0256664 -0.0415914 
-0.0389873 0.0330627 -0.0179717 
-0.0330944 0.00247449 -0.0545382 
-0.0336812 -0.0209335 -0.0383702 
-0.0689786 -0.0199512 -0.0444578 
0.00672659 -0.00361617 -0.00647074 
0.0143775 0.012011 0.00567826 
-0.0619305 -0.0141706 -0.0103169 
-0.0729305 0.0213114 -0.0461235 
0.0540176 0.00638344 -0.0108675 
-0.016773 0.0262242 -0.0564743 
0.0515135 -0.0217686 -0.0474066 
-0.00203911 0.0185111 -0.0481543 
-0.0610526 -0.0228366 -0.0521413 
-0.016153 -0.00845361 -0.06286990000000001 
-0.0356962 -0.00662879 -0.00962025 
-0.0105333 0.011088 -0.00647074 
-0.0479783 -0.0327787 -0.010383 
0.0359803 0.0144881 -0.0504617 
-0.0334424 -0.0205651 -0.0256189 
0.0398198 0.0019799 -0.00583306 
-0.02457 -0.019539 -0.0287284 
-0.0582771 0.00342285 -0.065345 
0.0244579 0.0131799 -0.0029969 
0.00433758 -0.0169036 -0.0671182 
-0.0899305 -0.0153108 -0.0201172 
-0.0115812 -0.00866396 -0.00647074 
-0.0316157 -0.00214417 -0.0160429 
0.000920399 0.0061382 -0.0547869 
-0.0455166 0.0227343 -0.0657214 
-0.0058597 0.0312567 -0.0268147 
-0.0557403 0.00773092 -0.0649323 
-0.0393777 -0.0103074 0.00200749 
0.0294583 -0.007862050000000001 -0.0484002 
0.0397184 0.0107228 -0.0433477 
-0.0899305 0.00309797 -0.0334063 
-0.00288103 -0.0311747 -0.0266731 
0.0302912 -0.00183683 -0.0562895 
0.0565595 -0.0149188 -0.0437152 
-0.06655899999999999 0.0163392 -0.0125779 
-0.0770893 -0.0219725 -0.0399941 
-0.0356821 0.0230042 -0.0482439 
0.0353391 0.0144543 -0.0476198 
-0.0172388 0.00123872 -0.00647074 
0.0128506 0.00487254 0.0110293 
-0.0115042 -0.0288627 -0.0125779 
-0.0255891 -0.0169781 -0.0481543 
-0.0896289 -0.0217557 -0.025375 
-0.0610786 -0.02728 -0.0451847 
-0.0181492 -0.005815 0.00910564 
-0.0220735 -0.0172501 -0.0475779 
0.0168266 -0.0070105 -0.07126780000000001 
-0.0138594 0.0279849 -0.0518258 
-0.0393947 -0.0361571 -0.0326002 
0.0483058 0.00609197 -0.0600909 
-0.0899305 0.00129037 -0.0421713 
-0.0479385 -0.0219832 -0.0658672 
-0.0138888 -0.0281917 -0.0164201 
-0.0420057 0.0392104 -0.0321903 
-0.0285198 -0.000616753 -0.0545068 
-0.000582694 0.0163598 -0.0481543 
-0.0117374 0.0277611 -0.0475779 
0.0293358 0.0157363 -0.0292877 
0.0232545 -0.000338638 -0.00147074 
-0.0585613 -0.0276445 -0.0446884 
-0.0237956 -0.0196099 -0.0545967 
0.0217896 0.0231569 -0.0436298 
-0.0124318 0.0139451 -0.00147074 
0.0398815 0.0150775 -0.0305404 
-0.0320075 -0.0153631 -0.0292768 
-0.0038868 0.0184688 0.0103221 
0.00129785 -0.0199928 -0.00647074 
0.0665176 -0.00434128 -0.02825 
0.0167985 -0.0203675 -0.0029969 
-0.019885 0.0086912 -0.00647074 
-0.0320075 -0.00802188 -0.0521275 
-0.0250625 0.0173795 -0.0125779 
0.0428165 0.0223194 -0.0481944 
-0.0619305 -0.0154915 -0.0515176 
0.0349783 0.00213957 -0.0184935 
-0.0827866 -0.0176617 -0.0174192 
-0.0899305 -0.0201227 -0.0252995 
-0.0356821 -0.0330173 -0.0242989 
-0.0260402 -0.0129626 -0.0125779 
0.0349473 0.0202902 -0.0419766 
-0.0388791 -0.0344602 -0.0419152 
-0.0231548 0.00568989 -0.00223927 
-0.0295078 0.0158371 -0.0358661 
0.0142056 -0.0107217 -0.0704661 
0.0474588 -0.0201164 -0.0518877 
-0.0136809 0.0160252 -0.00253576 
-0.019942 0.0247394 -0.0212095 
-0.07314610000000001 0.0237605 -0.0283479 
0.0166531 0.0115616 0.000329259 
-0.0137055 0.0280433 -0.049834 
-0.0331177 -0.01043 -0.0134308 
0.0244441 -0.00732535 -0.0029969 
0.009547119999999999 -0.0289648 -0.0560942 
-0.0682296 -0.0231294 -0.0329782 
0.0154364 -0.0240576 -0.00757299 
-0.06451750000000001 -0.0229152 -0.0356683 
0.00168976 -0.0279468 -0.0029969 
-0.00543666 0.0126651 -0.05755 
0.00193258 0.018477 -0.0613421 
0.0311065 0.0159805 -0.0309088 
0.00534961 0.0305495 -0.0553753 
0.00209954 0.0281513 -0.0475779 
0.0449862 -0.0090271 -0.00730069 
-0.0127823 -0.0239228 -0.0109895 
0.0038835 -0.00826473 0.0110293 
-0.009517690000000001 0.010043 -0.0717161 
-0.0228473 0.0033411 -0.0587279 
-0.0899305 -0.00385293 -0.0284548 
-0.0224278 0.00379883 -0.0587279 
-0.0899305 0.00457786 -0.0368288 
-0.0492948 -0.000550602 -0.0701088 
-0.0492948 -0.0299902 -0.0527011 
0.0145699 -0.0269289 -0.0510595 
-0.0394576 0.025151 -0.00616368 
-0.0200003 0.00248643 0.000329259 
0.00165963 0.0213583 -0.00483611 
0.0665176 0.00693248 -0.0252809 
-0.042703 0.0394184 -0.0393115 
0.0540176 0.00472407 -0.0485628 
-0.07867689999999999 0.0179646 -0.0171762 
-0.0150085 -0.0130014 -0.00647074 
0.0456222 -0.00602858 -0.0183241 
-0.000291933 -0.00669444 -0.00307813 
0.0359803 -0.00405774 -0.0116363 
-0.0899305 -0.0160752 -0.0367679 
0.0366778 -0.0121839 -0.00888976 
0.041804 0.0268969 -0.028375 
-0.0291517 0.00617245 -0.0125779 
-0.00048451 -0.0175955 -0.06567720000000001 
-0.059363 -0.0289995 -0.0251276 
0.0206367 -0.0112034 -0.0029969 
-0.0356821 0.0190225 -0.00259594 
-0.0192778 0.00427778 -0.0481543 
0.0201499 -0.0125479 -0.0587279 
0.0565767 0.0165928 -0.0233436 
-0.033796 -0.02176 -0.0338005 
-0.0320075 -0.0157423 -0.036293 
-0.00265434 -0.0312035 -0.0446235 
-0.0100248 0.0301369 -0.0374753 
-0.088354 0.0175396 -0.016701 
0.0519437 0.0092411 -0.0114338 
0.0540176 0.0113085 -0.0442061 
0.0540176 0.0044941 -0.0346073 
-0.0356882 -0.0128368 -0.01052 
0.0307623 0.0146267 -0.0259897 
0.00797118 0.0300223 -0.0489601 
-0.0492948 -0.008369730000000001 -0.0710335 
0.00600147 0.022911 -0.00189028 
0.0665176 -0.000767765 -0.035814 
-0.0105234 0.0154259 -0.00647074 
-0.003728 0.0247802 -0.0029969 
0.0480022 0.00551067 -0.0539083 
-0.0356821 -0.0208809 -0.0136026 
-0.0899305 0.00240163 -0.0252132 
0.0515169 0.0114521 -0.00946118 
0.0479879 0.0187831 -0.0413321 
0.0463753 0.0159696 -0.0556021 
0.00331594 0.0315791 -0.0447336 
-0.0711138 -0.0185576 -0.0185204 
0.0665176 -0.0172794 -0.0359514 
0.00708837 -0.000866012 -0.0717161 
0.0540176 -0.00255881 -0.0491718 
-0.0199223 0.000427028 -0.0587279 
-0.0131967 -0.0284578 -0.0168509 
-0.0750272 0.009476729999999999 -0.0109823 
0.0475631 -0.0161704 -0.0553395 
0.00664784 -0.025331 -0.0564844 
-0.0410008 0.0104426 0.00388793 
-0.00979766 0.009704279999999999 -0.0481542 
-0.06533849999999999 -0.00621311 -0.0101768 
-0.0312522 -0.00458695 -0.016183 
0.0588762 -0.0116916 -0.0471889 
0.0515273 0.0009808320000000001 -0.008961230000000001 
0.00775238 0.0182338 -0.0587279 
0.009623339999999999 0.0168303 -0.0601058 
0.0108476 0.0175241 -0.00647074 
0.033744 -0.00218882 -0.0109349 
0.0498115 -0.0234298 -0.0177858 
0.020532 0.0244046 -0.0286984 
0.00861986 -0.0120958 -0.00147074 
-0.0356821 0.0340335 -0.0321077 
-0.0356821 0.0315561 -0.0454916 
0.0233431 0.00534192 -0.0029969 
-0.0230953 -0.00577252 -0.00206186 
-0.0227129 -0.0216466 -0.0387326 
0.0154953 -0.0146679 0.000329259 
-0.0320075 -0.0177169 -0.0325506 
-0.009412129999999999 -0.0160504 -0.0475779 
0.0255656 0.0189709 -0.0301619 
0.0665176 -0.00295501 -0.0276288 
-0.0163745 -0.0267608 -0.0265882 
-0.0224371 -0.0122615 -0.0582009 
-0.0772693 0.0220384 -0.0238996 
0.0640071 -0.0122185 -0.0184989 
0.0274133 -0.0157711 -0.0259291 
-0.0594246 0.0199906 -0.00971053 
0.031916 -0.0198645 -0.0234645 
-0.07488450000000001 -0.0230972 -0.034239 
-0.0564829 -0.0236199 -0.055339 
0.00491601 0.0184455 0.000329259 
0.0126428 0.0173448 -0.00522137 
-0.0267613 0.015953 -0.0500062 
-0.0483799 0.00491844 -0.0722539 
-0.0895912 0.0230392 -0.028506 
-0.0136283 0.0135974 0.00777063 
-0.0237889 0.0191169 -0.05588 
-0.0320075 -0.000935831 -0.0536339 
-0.0881623 -0.0228651 -0.0367292 
0.0615445 -0.0134278 -0.0455849 
-0.0492948 0.0302899 -0.0492325 
-0.0582808 -0.0309332 -0.0330643 
-0.0899305 0.008262139999999999 -0.0144914 
-0.0413174 0.0379319 -0.0257046 
-0.0176203 -0.0258944 -0.0258328 
0.0515281 -0.000563055 -0.00912717 
0.0295044 0.00148964 -0.00554116 
-0.00313194 0.0316028 -0.016224 
-0.0515428 0.0257588 -0.0535593 
0.026897 -0.0166179 -0.0391365 
-0.01472 0.0175206 -0.00147074 
0.0293508 0.00431828 -0.0549072 
-0.0155764 0.00773575 -0.00647074 
0.0314952 0.00742345 -0.0164188 
-0.000683677 -0.022025 -0.000499914 
0.0357367 0.0112536 -0.041906 
0.0383241 0.00903282 -0.0072325 
-0.0899136 -0.000692758 -0.010078 
-0.06869550000000001 -0.0137766 -0.051266 
-0.0619305 -0.00272278 -0.00589851 
-0.0356821 0.0232879 -0.0598062 
0.0121001 0.0284564 -0.0549706 
-0.0619305 0.028283 -0.0441173 
0.0321994 0.00186955 -0.0201993 
-0.0804937 -0.0161254 -0.0493831 
-0.0764427 0.0138638 -0.0517007 
-0.0191838 -0.0241002 -0.048491 
-0.0582823 0.00283025 -0.00224769 
0.0039422 0.0132643 -0.0576279 
-0.0492948 -0.00132761 -0.0679285 
0.0438722 -0.00989024 -0.057631 
0.0321753 0.00510534 -0.0300821 
-0.0597612 -0.00258902 -0.00260989 
-0.0208513 -0.0229334 -0.0551593 
0.00583144 -0.00999445 -0.00647074 
-0.0462854 0.0371442 -0.047742 
-0.0132574 0.0159675 0.000329259 
-0.0474736 0.0340416 -0.0114814 
-0.0356821 0.0246191 -0.0445168 
0.0321784 0.006521 -0.0340951 
0.0185591 0.00054185 0.00572151 
-0.07129720000000001 -0.0217719 -0.024383 
0.0479726 -0.0180672 -0.0369344 
0.0408795 -0.0179917 -0.0526917 
-0.0712055 -0.0156263 -0.0153368 
0.00682867 0.00220774 -0.0564805 
0.0311077 0.0135897 -0.0413953 
0.036679 0.008689270000000001 -0.0208735 
-0.0667942 -0.0190093 -0.0457614 
0.0522588 0.0127458 -0.0134653 
-0.0492948 -0.0271779 -0.0584661 
-0.0356943 0.0186276 -0.0487259 
0.0540176 0.00817769 -0.0404019 
0.00949826 0.0200579 -0.00141259 
-0.0654651 0.0065021 -0.0552206 
-0.0194498 -0.0211366 -0.0029969 
-0.0245696 0.0199994 -0.0264268 
-0.0356821 0.013104 -0.0036792 
-0.0492948 0.00174865 0.000362686 
-0.0490293 0.0400468 -0.0364945 
0.00953523 -0.0231682 -0.0585336 
0.007961660000000001 0.000114951 -0.00147074 
-0.0405412 -0.0321925 -0.013604 
0.00612733 -0.0128486 -0.0717161 
0.0130294 0.00753444 -0.00147074 
0.019998 -0.0163995 -0.0029969 
0.0359803 -0.000885297 -0.00832989 
-0.0027718 -0.0188912 -0.0597688 
0.0234397 0.0148453 -0.0479026 
0.0423864 -0.00109749 -0.0596417 
-0.08791939999999999 -0.0232005 -0.0308666 
0.00381272 -0.031062 -0.0260357 
-0.0734316 0.0207337 -0.0443235 
0.0359803 0.0223972 -0.0472364 
-0.0754171 0.023636 -0.0306575 
0.0352228 -0.00491527 -0.0461257 
0.0366596 0.00349755 -0.00585531 
-0.0268922 -0.0163246 -0.0128558 
-0.0899305 0.00595952 -0.0231282 
-0.0175097 0.0230938 -0.0029969 
-0.0320075 0.00934047 -0.0482319 
-0.0357004 -0.0228557 -0.0325332 
-0.0713941 -0.0221539 -0.0255674 
0.0482861 -0.0191572 -0.0219268 
-0.00182049 0.0285626 -0.0125779 
-0.0899305 -0.016247 -0.0187655 
0.0558176 0.0178948 -0.0222047 
-0.0492948 0.0116034 -0.00159226 
-0.0356986 -0.0198543 -0.0206343 
0.0515078 0.007990199999999999 -0.00623213 
0.014697 0.009737859999999999 -0.0685742 
-0.0347058 0.0172397 -0.0467492 
-0.00277172 0.0110777 -0.0717161 
-0.0246265 0.0199348 -0.016445 
0.00656161 -0.0206701 -0.00647074 
-0.0492948 -0.0370643 -0.0360415 
0.0648036 -0.000189811 -0.0515464 
-0.0376382 0.0321964 -0.0484834 
-0.0063941 -0.030729 -0.037922 
0.00554621 -0.019876 -0.0035143 
-0.001738 0.00602985 0.0110293 
0.0306967 -0.0074604 -0.0155782 
-0.0356821 0.0320429 -0.0334469 
0.0558176 0.0185573 -0.0379892 
-0.0619305 -0.00722818 -0.0102038 
0.0376389 -0.0198672 -0.0505455 
-0.07165489999999999 -0.00248965 -0.0557837 
-0.000788285 -0.0314402 -0.0256021 
-0.059622 -0.0255503 -0.0167369 
0.0540176 -0.00963205 -0.0306665 
0.0157984 -0.027156 -0.0301421 
-0.0729571 0.0244702 -0.0339915 
0.0359803 0.00661872 -0.009007039999999999 
0.00690262 0.00454752 -0.00647074 
0.0301256 -0.0005576929999999999 -0.0125779 
0.00767812 -0.0254964 -0.0029969 
0.0322024 0.00939739 -0.0425154 
0.0665176 -0.0114841 -0.0299229 
-0.0229325 0.0218573 -0.018948 
0.0140648 -0.0268809 -0.0125779 
-0.0183709 0.011383 -0.00499523 
0.0182557 0.0041882 -0.0633069 
-0.00896425 -0.0134747 -0.0717161 
-0.00251833 -0.00148331 0.0110293 
-0.0559878 -0.0248691 -0.0540149 
0.0359803 -0.00111396 -0.0548626 
0.0359803 0.0251233 -0.0375208 
0.0359803 -0.00536096 -0.0584034 
0.0128195 0.0121013 -0.0689357 
0.0103696 0.0288307 -0.0562513 
-0.038973 0.0319807 -0.0157386 
-0.0635169 0.00247851 -0.009283919999999999 
0.0363979 0.0108178 -0.0227303 
0.0359803 -0.0251826 -0.0299699 
-0.0176785 0.0112284 -0.00647074 
0.0522832 0.00490589 -0.0100913 
0.0347991 0.0150837 -0.0487974 
-0.0401797 0.0219417 -0.06298860000000001 
-0.00035241 -0.0208938 0.000329259 
0.0540176 0.0033759 -0.0104381 
0.0665176 -0.00272302 -0.040691 
0.0285876 0.0160608 -0.0310249 
-0.0170795 0.00644633 -0.0481543 
-0.0862405 -0.0224188 -0.0265128 
-0.0399629 0.0104758 0.00275555 
-0.0213279 0.00712649 -0.00147074 
-0.0398822 0.0171073 -0.0654757 
0.00302124 -0.0173175 -0.0609865 
0.00320141 0.00977397 -0.00647074 
0.0303964 -0.00402851 -0.0545695 
0.0385461 -0.00863849 -0.0208464 
0.0138155 -0.00362836 0.0110293 
0.0182936 -0.00292177 0.00539973 
-0.0864219 0.0214528 -0.0425744 
-0.0294552 0.0136914 -0.0412682 
-0.0365258 -0.0347282 -0.0259642 
-0.0175127 -0.0240239 -0.00372252 
0.0359803 -0.0243128 -0.0219988 
0.0352671 0.018509 -0.0221471 
0.0105399 0.0254782 -0.0102393 
0.0497192 -0.0125242 -0.0160067 
-0.0308594 -0.00651649 -0.016186 
-0.0555285 0.0286766 -0.0158552 
0.0540176 -0.0173615 -0.030715 
0.0082182 0.0158454 -0.00147074 
0.0595191 -0.0178633 -0.0274182 
-0.000479485 0.0119347 -0.0566568 
-0.0724619 -0.000553066 -0.0560243 
-0.0139938 -0.0261502 -0.0545068 
0.0266415 0.0174797 -0.0313577 
0.0188444 -0.0224115 -0.0545068 
-0.0215831 0.0225672 -0.0481546 
0.0540176 0.000417319 -0.047223 
0.0352671 0.0117942 -0.0511033 
-0.07814740000000001 0.0114046 -0.0531962 
0.0163719 0.0272269 -0.027026 
0.0309035 0.0103895 -0.0205393 
-0.0356821 -0.0323315 -0.0286821 
-0.0492948 0.0124941 -0.0667474 
0.0166871 0.027013 -0.0173073 
-0.0729305 0.0251084 -0.0443226 
-0.0188859 0.00306581 0.00222025 
-0.0629417 0.0208056 -0.0525779 
-0.0203839 -0.020428 -0.0125779 
0.01229 -0.0155579 -0.0587279 
-0.0493887 -0.00153299 -0.06560299999999999 
0.0352671 0.00750602 -0.0130305 
0.00631802 -0.0307738 -0.0323267 
0.0540176 0.0184478 -0.046015 
-0.0120621 0.0142843 -0.07137979999999999 
0.0189507 0.00158274 -0.00147074 
0.0120732 -0.00610294 -0.0475779 
0.0162526 -0.0252719 -0.0125779 
-0.0356821 0.0272233 -0.0234776 
0.0101336 0.0255453 -0.010401 
-0.0356821 0.0190059 -0.00965797 
0.0299439 -0.00583891 -0.0560034 
0.00943362 -0.00646693 0.0110293 
0.0651288 -0.0173587 -0.0254667 
-0.0320075 -0.00437834 -0.0168099 
0.0198833 0.0237212 -0.0536952 
0.00450548 -0.0284619 -0.0029969 
-0.0647998 -0.0108386 -0.0120338 
0.0321662 0.00156441 -0.0352021 
-0.0588515 -0.0171897 -0.007989 
0.0107778 -0.0147669 -0.063135 
0.0250048 0.0195927 -0.0405824 
-0.0252326 0.013976 -0.008401749999999999 
-0.0140106 0.00478136 0.0110293 
-0.00627252 -0.009221190000000001 0.0110293 
0.00705041 -0.0273612 -0.0475779 
-0.0232715 0.0163198 -0.0125779 
-0.0356831 -0.00335295 -0.00592536 
-0.00933148 0.0304034 -0.0220876 
0.00720141 0.0159665 -0.0627161 
-0.0283654 0.0142991 -0.0425748 
0.0510798 0.027536 -0.0392294 
0.00467826 0.0314223 -0.0216851 
-0.0582784 0.0323092 -0.0363007 
0.000795874 0.0300829 -0.00488977 
0.00522541 -0.0301047 -0.0543143 
0.0521153 0.00697329 -0.0107326 
0.0409226 -0.0228529 -0.0189126 
0.00124551 -0.0293169 -0.00638532 
0.0359803 -0.0151248 -0.0541464 
0.0521056 -0.00739003 -0.0109437 
-0.0146591 -0.0155272 -0.00513588 
0.0395513 -0.00541855 -0.0189298 
0.00871941 -0.0264574 -0.00899396 
0.0386331 -0.0124364 -0.0404463 
-0.0623126 -0.0211612 -0.0419192 
-0.0132965 -0.00100578 -0.00147074 
-0.0327244 -0.019854 -0.0419782 
-0.0492948 0.0217162 -0.002577 
-0.0204741 -0.008702379999999999 0.000329259 
0.051511 -0.0219933 -0.0174315 
0.0202481 -0.00612942 -0.00647074 
-0.0492948 0.0153391 -8.13896e-05 
-0.0209774 0.0240192 -0.0270585 
-0.0356821 0.0316084 -0.0264005 
0.0107465 -0.0137144 -0.0696412 
-0.0695577 -0.0212064 -0.0232099 
-0.07137449999999999 0.000435424 -0.009220219999999999 
-0.0357048 -0.0217348 -0.0360684 
0.013681 0.0165621 -0.00539446 
-0.0675413 0.0139483 -0.0125779 
-0.0356834 -0.00115962 -0.0594986 
-0.0810409 -0.0232153 -0.031252 
-0.0246643 0.0190893 -0.0502505 
0.0203762 -0.0207841 -0.0545068 
0.042031 0.00365328 -0.0593744 
0.0148653 -0.000315166 -0.0587891 
-0.0878249 0.0195973 -0.019303 
0.0480636 0.0179427 -0.0189871 
-0.0356821 0.00525236 -0.00145523 
-0.0619305 -0.0213495 -0.0204674 
0.0441885 -0.0196357 -0.0144549 
-0.0269909 -0.0128778 -0.00429265 
-0.0465187 0.0398668 -0.027577 
0.0304772 -0.0120987 -0.0427737 
0.0501135 -0.0158321 -0.0194997 
0.0232528 -0.0148567 -0.00964098 
-0.0206557 0.00890639 -0.0587279 
-0.010214 -0.0124806 -0.00647074 
0.0104225 -0.0260807 -0.00851784 
-0.0108692 0.0145675 -0.0673917 
-0.0356875 0.00900194 -0.00823904 
-0.00266201 -0.0312025 -0.0459551 
-0.0113348 0.0171396 -0.00147074 
-0.0539704 0.0175261 -0.00459823 
0.0523228 0.0132423 -0.0165779 
-0.0454104 0.008181269999999999 0.00652425 
0.0321899 -0.00741075 -0.0387464 
-0.0899305 0.00999687 -0.0489586 
0.0288833 0.0106058 -0.0501381 
0.0456834 -0.009495429999999999 -0.00723467 
0.008714929999999999 -0.00693789 -0.0717161 
-0.0569934 -0.0262714 -0.0132422 
-0.0107596 -0.0142172 -0.0655511 
-0.0888158 0.0210219 -0.0435101 
-0.0320075 -0.0176919 -0.0428057 
0.00313787 0.00436533 -0.0547869 
-0.0337078 0.00494991 -0.0112565 
0.0169412 0.0268407 -0.0212252 
-0.0356923 -0.0174192 -0.0503833 
-0.0184142 0.0103172 -0.0475779 
-0.0610063 0.0115167 -0.00470563 
0.0308901 0.00675587 -0.0135757 
-0.0582813 -0.0234197 -0.0127823 
-0.0780439 0.0184119 -0.0474328 
0.0282879 -0.00599291 -0.0475779 
0.0492433 -0.0264505 -0.0415715 
0.0202362 -0.0049881 -0.0587279 
-0.04419 -0.0103007 0.00577968 
-0.0739899 -0.0142704 -0.0509197 
-0.069784 0.0230935 -0.0525779 
0.0386394 0.0249268 -0.0217809 
0.0118813 0.00958526 -0.00147074 
-0.0350374 0.0145113 -0.049437 
0.0418816 -0.0148178 -0.0550064 
0.0159476 0.00590259 -0.00147074 
-0.0405772 -0.0373628 -0.0308691 
-0.0430461 -0.0249 -0.00168917 
-0.0442419 0.0360292 -0.0502864 
0.00714782 -0.026421 -0.0101108 
0.0470142 -0.0153473 -0.0296834 
0.00475113 0.0273916 -0.0099848 
0.0540176 0.00400733 -0.035571 
0.0161513 -0.00642366 -0.0693029 
0.0118853 -0.0138502 -0.0475779 
-0.0147969 -0.0278427 -0.02576 
-0.0112162 0.015362 -0.06315510000000001 
-0.00985919 -0.0153731 -0.0714776 
-0.07554569999999999 0.0175799 -0.0484223 
0.0363936 0.0200377 -0.0144758 
0.0462244 0.009138429999999999 -0.0457955 
-0.00270639 -0.0179933 -0.00647074 
-0.0494003 0.013895 -0.06272170000000001 
-0.0137261 0.0155038 -0.0481543 
-0.07363459999999999 0.0179764 -0.048068 
-0.0356821 -0.021296 -0.0133389 
-0.000521364 0.0188508 -0.0712352 
0.0303937 0.0151249 -0.0382321 
-0.0143762 -0.0280044 -0.0441179 
-0.0356821 -0.0269369 -0.0370501 
-0.0148739 0.0129398 0.000329259 
0.00659693 -0.0266141 -0.0101005 
-0.00773897 -0.00759742 -0.0717161 
-0.0899305 0.00130723 -0.0344367 
0.0500976 0.0126507 -0.049286 
-0.0128844 -0.0139363 -0.0475779 
0.009474750000000001 0.0169316 -0.0612662 
0.0188124 0.000796464 -0.0639661 
-0.06817579999999999 0.00951862 -0.0539349 
-0.0356994 -0.00837716 -0.0109025 
-0.0492948 0.018156 0.00036654 
0.0540176 -0.0025211 -0.0240112 
0.0230205 -0.0213325 -0.0157739 
0.0540176 0.00733194 -0.0363399 
0.0145587 -0.0227727 -0.0105474 
-0.0468628 -0.008020879999999999 -0.0718917 
-0.0420167 0.0172357 0.00252213 
-0.0588297 0.0303645 -0.0291301 
0.008582370000000001 -0.00765462 -0.0566568 
-0.06676 -0.0231685 -0.0322323 
0.0665176 -0.00675465 -0.0214822 
0.00112994 -0.0266015 -0.0123209 
-0.00957408 -0.0165911 -0.0638333 
0.00557781 -0.016596 -0.0698381 
0.0189481 0.0254792 -0.0355912 
-0.0899305 -0.00917898 -0.0345825 
-0.0840679 -0.0187631 -0.0463531 
-0.0492948 -0.00520304 -0.0668401 
-0.0578658 0.0164421 -0.00405386 
0.00348574 0.00775837 -0.00147074 
0.0540176 0.0134721 -0.0437085 
-0.017007 0.0141593 -0.0480748 
0.0161812 0.0273562 -0.02719 
0.0564311 -0.0176077 -0.0385537 
0.0129127 0.0162981 0.000329259 
0.0447076 -0.0236885 -0.0201795 
0.0515295 0.008194389999999999 -0.0108255 
-0.000772499 -0.0314422 -0.0231009 
0.008774479999999999 -0.0301424 -0.0187773 
-0.0121857 0.0270659 -0.00675541 
-0.0899305 -0.00996467 -0.0264587 
-0.06360830000000001 0.0302299 -0.0472338 
0.00627536 -0.0307787 -0.0400282 
0.0286147 0.00745319 -0.00419673 
-0.0492948 -0.0366181 -0.0195809 
-0.0331037 -0.00603288 -0.0114841 
0.063068 0.0134777 -0.046099 
-0.0356821 -0.0329171 -0.0239546 
-0.0863363 0.0236752 -0.0325685 
0.0515079 0.0114852 -0.00753358 
-0.0125927 -0.0286899 -0.0149924 
0.005521 -0.0197581 -0.0587279 
-0.0421986 -0.00888945 0.00553044 
0.0267271 0.0173143 -0.018961 
0.0522692 -0.013015 -0.0167832 
-0.018297 -0.0023302 -0.0612769 
0.00550398 0.0137377 -0.0475779 
0.0269002 0.0112226 -0.0029969 
0.0333527 -0.014728 -0.048715 
0.0157076 0.0111361 -0.0587356 
0.0498178 -0.000852287 -0.00479692 
-0.0356882 0.0139074 -0.010893 
-0.0163148 -0.0268024 -0.0197031 
-0.0323605 0.0180861 -0.0454322 
-0.0490976 0.0392813 -0.0249216 
0.0558176 0.0186765 -0.0396249 
-0.0458004 0.00407013 0.00695321 
0.00444735 -0.0284526 -0.00725878 
-0.0310686 0.000461827 -0.0552582 
0.0285261 -0.000165393 -0.0125779 
0.0139274 0.0286902 -0.0372421 
0.0540176 -0.0149217 -0.0461314 
-0.0203086 -0.0136479 -0.0029969 
0.026015 -0.0179972 -0.0447894 
0.0620267 0.0189365 -0.0343649 
0.0314952 -0.0148577 -0.0277412 
0.0359803 0.0108454 -0.0141073 
0.00369073 0.0169772 -0.00147074 
-0.0359415 -0.0348843 -0.0385102 
-0.0736125 0.0204123 -0.0447061 
-0.0563251 -0.0146037 -0.00336152 
-0.0111195 0.0159552 -0.0475779 
-0.0592728 -0.00341634 -0.0027017 
0.0482039 0.000554626 -0.00480092 
-0.07404529999999999 -0.00612765 -0.0100795 
-0.0356821 -0.000947475 -0.00445986 
-0.0355672 0.0221857 -0.0308943 
-0.0356821 0.0348196 -0.0345403 
0.0479571 -0.0168723 -0.034588 
0.0462406 0.0221255 -0.01562 
-0.0476398 0.0325965 -0.00949467 
-0.0267054 0.0160597 -0.0536095 
0.0418663 0.0142299 -0.0266105 
-0.0148986 0.0159382 0.000329259 
0.014937 0.00591008 -0.047626 
0.0665176 0.0149723 -0.0320317 
-0.06508940000000001 0.00744434 -0.010395 
0.00213294 -0.0184097 0.00182662 
0.0224565 -0.0219578 -0.0474861 
-0.00213568 0.0317292 -0.0410901 
0.00346104 -0.0261019 -0.0565443 
0.0665176 -0.015168 -0.0328301 
-0.0575976 0.0320356 -0.0411097 
0.0222331 0.012273 -0.0581025 
-0.0178705 0.0261802 -0.0440682 
-0.00526887 0.0277166 -0.0545068 
-0.07173 -0.0125527 -0.0522527 
-0.0274373 0.0124872 -0.00447245 
-0.0788654 -0.0230875 -0.0348539 
-0.0808561 0.0211793 -0.0220418 
-0.0492948 -0.0273047 -0.0601221 
-0.0639299 0.0283714 -0.0125779 
0.0529645 -0.0110227 -0.0126344 
-0.0382855 0.0217059 -0.0611194 
-0.044699 -0.0199825 0.00164155 
-0.0119322 -0.0132803 -0.0627161 
0.0116723 0.0247861 -0.0553134 
0.00539686 -0.0205837 -0.00526799 
-0.0440245 0.008131630000000001 0.0065406 
-0.0715018 0.00177708 -0.00921919 
0.0181344 0.018916 -0.0570865 
0.0157041 0.0257392 -0.0481543 
-0.0890248 0.0135945 -0.0518111 
-0.013349 1.13731e-05 -0.00147074 
-0.0320075 -0.0188222 -0.0298395 
0.0218461 -0.0226344 -0.0433487 
0.00726924 0.0123968 -0.0717161 
0.00705584 0.000336792 -0.055212 
-0.00383744 0.0187871 0.009119520000000001 
-0.0130131 0.00316805 -0.0627161 
-0.0492948 -0.0104729 0.00312485 
-0.0356821 -0.0214828 -0.0544261 
0.0558176 -0.00573405 -0.0119054 
0.0473189 -0.0192101 -0.0529832 
0.0322039 -0.0124519 -0.0268951 
-0.017951 0.00508948 -0.00647074 
-0.0162152 0.00128045 -0.00647074 
-0.0104622 -0.0295089 -0.0332283 
0.06568450000000001 0.0170026 -0.0408155 
-0.0403146 0.0104648 -0.068532 
0.0439124 0.00145505 -0.0480727 
0.0111606 0.0174797 -0.00147074 
0.0455453 0.0124758 -0.0228741 
0.0150704 0.009004969999999999 -0.06859750000000001 
-0.000137164 0.0319764 -0.0148299 
0.0251086 0.0194776 -0.0302386 
-0.0315186 0.000185614 -0.0129382 
-0.0356821 0.00370503 -0.00121943 
0.0665176 0.0167019 -0.0302876 
-0.0115793 0.00749966 -0.00147074 
0.00194745 0.0317365 -0.0434734 
0.00229308 0.0036488 -0.058604 
0.00616306 0.0312515 -0.0237853 
0.00463431 0.009060800000000001 0.0110293 
0.00866753 -0.0195128 -0.0475846 
-0.0641002 0.0218207 -0.0125779 
0.0359803 0.0111965 -0.00838648 
-0.070786 -0.0106746 -0.0118772 
-0.0402231 -0.00179053 0.00441381 
-0.06651749999999999 -0.00497614 -0.009820270000000001 
0.033574 -0.00459624 -0.0112803 
-0.0104887 -0.015703 0.000329259 
0.0515113 0.000788034 -0.00580787 
-0.0356821 0.00944651 -0.0057427 
0.00761872 0.00656741 -0.0627161 
-0.00839444 -0.0116778 -0.00147074 
0.00311383 -0.0155727 -0.0627161 
-0.0383983 0.00165469 -0.0681718 
0.0321729 -0.00420189 -0.0344974 
-0.0397257 -0.0230303 -0.00428494 
-0.0492948 -0.0164238 -0.00389476 
0.0321745 0.00360088 -0.0368069 
0.018442 0.00210508 0.00857286 
-0.030033 0.00545267 -0.0559021 
-0.000151486 0.00457169 -0.059187 
0.0100468 0.0301302 -0.0265831 
0.0381653 0.019934 -0.0143613 
-0.0241405 0.0204863 -0.0129094 
-0.0430876 0.0330802 -0.0553121 
-0.018919 -0.00244226 0.008290840000000001 
0.0265761 0.008296069999999999 -0.009415639999999999 
0.0468438 -0.0276895 -0.0320681 
0.0314952 -0.00569583 -0.0497264 
-0.0202403 0.0199163 -0.0545068 
-0.0612845 0.00126742 -0.0629324 
0.0399524 0.0118381 -0.0232473 
-0.0492948 -0.0179423 -0.0665248 
-0.0899305 -0.00390546 -0.0374208 
0.0479513 -0.0106559 -0.0452596 
-0.0356821 -0.0124299 -0.0585934 
0.00939243 -0.0290234 -0.0506118 
0.00104324 0.00425157 -0.055299 
-0.0407655 0.0283676 -0.0073212 
-0.0423848 0.00784429 0.006086 
0.0665176 0.0139884 -0.0359466 
0.0338834 0.014199 -0.0301247 
0.02131 -0.0213539 -0.0475779 
-0.0207446 0.013705 -0.0587279 
0.0287139 0.0134272 -0.0140349 
-0.0328365 0.0076266 -0.0534459 
-0.0581793 -0.0321742 -0.0271308 
-0.0320075 0.0177494 -0.0320847 
0.0540176 0.00124768 -0.0285224 
0.0222177 0.00564667 -0.00147074 
-0.07273549999999999 0.0171455 -0.0521561 
-0.0382621 0.0271951 -0.009443170000000001 
-0.0241422 0.0155306 -0.0029969 
-0.0320075 -0.00853027 -0.0488119 
-0.0515172 -0.0224668 -0.008828539999999999 
-0.0246984 -0.0193932 -0.0293905 
-0.0026492 0.0297915 -0.0475779 
3 63 911 457 
3 63 140 911 
3 196 243 238 
3 481 466 238 
3 815 488 911 
3 899 228 347 
3 815 228 899 
3 462 228 815 
3 242 915 457 
3 140 499 523 
3 933 722 680 
3 937 33 680 
3 911 401 457 
3 488 401 911 
3 401 488 815 
3 527 242 457 
3 812 899 347 
3 261 414 149 
3 560 420 149 
3 604 560 414 
3 414 560 149 
3 243 799 320 
3 799 243 196 
3 140 743 911 
3 466 394 238 
3 458 394 466 
3 394 196 238 
3 833 267 665 
3 462 100 14 
3 100 462 815 
3 100 815 911 
3 534 462 14 
3 63 279 140 
3 279 967 140 
3 279 785 967 
3 785 279 63 
3 967 767 140 
3 767 499 140 
3 499 372 523 
3 372 722 523 
3 722 372 680 
3 853 196 523 
3 722 853 523 
3 683 933 680 
3 33 683 680 
3 683 722 933 
3 683 853 722 
3 878 22 320 
3 683 878 320 
3 878 683 33 
3 878 937 22 
3 937 878 33 
3 294 849 615 
3 849 294 553 
3 937 838 22 
3 22 838 320 
3 838 937 96 
3 553 838 96 
3 838 294 320 
3 294 838 553 
3 812 306 899 
3 306 812 776 
3 306 815 899 
3 306 401 815 
3 401 804 457 
3 804 306 776 
3 306 804 401 
3 15 812 347 
3 15 527 776 
3 812 15 776 
3 922 15 347 
3 15 922 420 
3 420 922 149 
3 922 261 149 
3 261 755 414 
3 304 915 242 
3 560 9 420 
3 9 304 242 
3 304 9 560 
3 130 560 604 
3 130 680 411 
3 481 757 113 
3 757 903 113 
3 716 458 196 
3 394 716 196 
3 716 394 458 
3 481 190 466 
3 190 481 113 
3 549 190 113 
3 213 458 466 
3 213 743 140 
3 213 140 523 
3 196 213 523 
3 458 213 196 
3 42 169 903 
3 169 267 549 
3 169 200 665 
3 200 169 42 
3 903 169 113 
3 169 549 113 
3 549 297 14 
3 267 297 549 
3 297 267 833 
3 297 534 14 
3 534 297 833 
3 737 100 911 
3 743 737 911 
3 213 737 743 
3 39 304 411 
3 304 39 915 
3 915 39 457 
3 39 63 457 
3 39 785 63 
3 372 355 680 
3 355 372 499 
3 294 942 320 
3 853 501 196 
3 683 501 853 
3 200 241 665 
3 131 200 615 
3 849 131 615 
3 241 131 699 
3 131 241 200 
3 448 131 849 
3 131 448 699 
3 448 241 699 
3 241 448 662 
3 809 448 96 
3 448 809 662 
3 527 586 776 
3 586 804 776 
3 586 527 457 
3 804 586 457 
3 527 301 242 
3 15 301 527 
3 301 9 242 
3 301 15 420 
3 9 301 420 
3 339 922 347 
3 922 339 261 
3 755 339 347 
3 339 755 261 
3 970 662 414 
3 755 970 414 
3 970 241 662 
3 228 684 347 
3 684 755 347 
3 130 983 937 
3 983 130 604 
3 927 937 680 
3 130 927 680 
3 927 130 937 
3 835 304 560 
3 130 835 560 
3 304 835 411 
3 835 130 411 
3 855 757 481 
3 267 766 665 
3 766 169 665 
3 169 766 267 
3 107 213 466 
3 107 737 213 
3 767 1 499 
3 1 355 499 
3 1 767 967 
3 785 1 967 
3 355 1 785 
3 39 593 785 
3 593 355 785 
3 593 39 411 
3 680 593 411 
3 355 593 680 
3 501 879 196 
3 799 879 320 
3 879 799 196 
3 879 683 320 
3 879 501 683 
3 951 849 553 
3 951 448 849 
3 951 553 96 
3 448 951 96 
3 662 890 414 
3 809 890 662 
3 241 193 665 
3 193 970 665 
3 970 193 241 
3 146 833 665 
3 146 970 755 
3 970 146 665 
3 146 534 833 
3 684 146 755 
3 146 228 462 
3 534 146 462 
3 735 481 238 
3 735 855 481 
3 243 735 238 
3 735 243 320 
3 673 42 903 
3 757 673 903 
3 673 200 42 
3 673 359 200 
3 855 673 757 
3 200 661 615 
3 359 661 200 
3 248 684 228 
3 146 248 228 
3 248 146 684 
3 672 673 855 
3 672 735 320 
3 735 672 855 
3 942 224 320 
3 224 672 320 
3 107 190 549 
3 100 107 14 
3 107 549 14 
3 737 107 100 
3 190 107 466 
3 890 604 414 
3 890 983 604 
3 937 890 96 
3 890 809 96 
3 983 890 937 
3 224 294 615 
3 224 942 294 
3 672 224 673 
3 673 224 359 
3 224 661 359 
3 661 224 615 
Vertices and facets:
- p63(v22): -0.047 0.014 -0.07
  neighbors: f80 f81 f310 f316 f472 f473
- p911(v7): -0.089 0.014 -0.052
  neighbors: f80 f81 f154 f225 f226 f262 f296 f452 f453
- p457(v3): -0.048 0.0049 -0.072
  neighbors: f80 f175 f225 f229 f375 f471 f472 f517 f518
- p140(v12): -0.072  0.03 -0.053
  neighbors: f81 f179 f262 f310 f311 f319 f320 f435 f436
- p243(v30): -0.045 0.011 0.0057
  neighbors: f120 f256 f257 f603 f604
- p196(v17): -0.07  0.03 -0.013
  neighbors: f120 f257 f270 f332 f424 f425 f437 f438 f488 f578 f580
- p238(v10): -0.088 0.0091 -0.011
  neighbors: f120 f134 f268 f270 f601 f603
- p481(v33): -0.09 -0.00069 -0.01
  neighbors: f134 f420 f428 f429 f550 f601 f602
- p466(v18): -0.09 0.0083 -0.014
  neighbors: f134 f268 f269 f428 f434 f566 f632
- p488(v36): -0.08 -0.016 -0.049
  neighbors: f154 f226 f228
- p815(v20): -0.084 -0.019 -0.046
  neighbors: f154 f171 f172 f228 f294 f296 f371 f372
- p228(v39): -0.048 -0.038 -0.046
  neighbors: f167 f171 f172 f537 f599 f616 f617
- p899(v11): -0.049 -0.027 -0.06
  neighbors: f167 f171 f234 f369 f371
- p347(v6): 0.0095 -0.029 -0.056
  neighbors: f167 f234 f381 f385 f524 f526 f537 f538
- p462(v38): -0.088 -0.023 -0.037
  neighbors: f172 f293 f294 f299 f599 f600
- p915(v40): 0.0073 0.012 -0.072
  neighbors: f175 f399 f470 f471
- p242(v15): 0.017 -0.005 -0.072
  neighbors: f175 f229 f399 f405 f519 f521
- p499(v41): -0.046 0.037 -0.048
  neighbors: f179 f320 f324 f476 f568 f569
- p523(v2): -0.049  0.04 -0.036
  neighbors: f179 f324 f326 f332 f333 f436 f437
- p722(v44): -0.047  0.04 -0.028
  neighbors: f192 f326 f327 f333 f342 f343
- p933(v25): -0.00014 0.032 -0.015
  neighbors: f192 f337 f342
- p680(v13): 0.051 0.028 -0.039
  neighbors: f192 f214 f327 f337 f338 f410 f475 f543 f544 f576 f577
- p937(v48): 0.067 0.017 -0.03
  neighbors: f214 f347 f348 f362 f364 f541 f543 f545 f637 f639
- p33(v46): 0.046 0.024 -0.019
  neighbors: f214 f338 f346 f348
- p401(v50): -0.049 -0.0084 -0.071
  neighbors: f225 f226 f228 f372 f375 f377
- p527(v51): 0.0061 -0.013 -0.072
  neighbors: f229 f382 f515 f517 f519 f520
- p812(v52): 0.0056 -0.017 -0.07
  neighbors: f234 f369 f370 f381 f383
- p261(v53): 0.052 -0.022 -0.047
  neighbors: f242 f388 f389 f525 f527
- p414(v26): 0.067 -0.017 -0.036
  neighbors: f242 f251 f252 f389 f528 f529 f588 f635
- p149(v14): 0.064 -0.014 -0.045
  neighbors: f242 f249 f252 f387 f388
- p560(v55): 0.065 -0.00019 -0.052
  neighbors: f249 f251 f252 f402 f406 f408 f546 f547
- p420(v29): 0.048 -0.016 -0.055
  neighbors: f249 f386 f387 f402 f522 f523
- p604(v49): 0.067 -0.0027 -0.041
  neighbors: f251 f408 f542 f635 f636
- p799(v56): -0.049 0.018 0.00037
  neighbors: f256 f257 f579 f580
- p320(v5): -0.0039 0.018  0.01
  neighbors: f256 f344 f345 f363 f366 f483 f579 f581 f604 f623 f626 f627
- p743(v58): -0.089 0.021 -0.044
  neighbors: f262 f435 f453 f454
- p394(v60): -0.088 0.018 -0.017
  neighbors: f268 f269 f270 f425 f426
- p458(v31): -0.09 0.023 -0.029
  neighbors: f269 f424 f426 f434 f438
- p267(v64): -0.048 -0.033 -0.01
  neighbors: f288 f441 f447 f448 f562 f564
- p833(v37): -0.049 -0.037 -0.02
  neighbors: f288 f448 f450 f593 f596
- p665(v9): 0.0045 -0.028 -0.003
  neighbors: f288 f442 f492 f562 f563 f590 f591 f593 f595
- p100(v65): -0.09 -0.021 -0.038
  neighbors: f293 f294 f296 f452 f629 f631
- p14(v0): -0.09 -0.022 -0.027
  neighbors: f293 f299 f446 f449 f629 f630
- p534(v66): -0.088 -0.023 -0.031
  neighbors: f299 f449 f450 f596 f600
- p279(v68): -0.046 0.023 -0.066
  neighbors: f310 f311 f315 f316
- p967(v23): -0.043 0.033 -0.055
  neighbors: f311 f315 f319 f570 f571
- p785(v69): -0.00052 0.019 -0.071
  neighbors: f315 f316 f473 f571 f572 f573 f574
- p767(v70): -0.044 0.036 -0.05
  neighbors: f319 f320 f568 f570
- p372(v71): -0.043 0.039 -0.039
  neighbors: f324 f326 f327 f475 f476
- p853(v73): -0.049 0.039 -0.025
  neighbors: f332 f333 f343 f488 f489
- p683(v74): 0.0008  0.03 -0.0049
  neighbors: f337 f338 f342 f343 f345 f346 f489 f581 f582
- p878(v75): 0.046 0.022 -0.016
  neighbors: f344 f345 f346 f347 f348
- p22(v24): 0.052 0.014 -0.01
  neighbors: f344 f347 f362 f363
- p849(v77):  0.05 -0.00085 -0.0048
  neighbors: f354 f355 f499 f507 f583 f584
- p294(v72): 0.013 0.0049 0.011
  neighbors: f354 f355 f366 f367 f483 f642 f643
- p615(v16): 0.014 -0.0036 0.011
  neighbors: f354 f498 f499 f614 f642 f647
- p553(v43): 0.052 0.008 -0.0062
  neighbors: f355 f365 f367 f583 f585
- p838(v79): 0.052 0.011 -0.0075
  neighbors: f362 f363 f364 f365 f366 f367
- p96(v1): 0.067 0.0016 -0.022
  neighbors: f364 f365 f513 f585 f586 f637 f638
- p306(v80): -0.048 -0.022 -0.066
  neighbors: f369 f370 f371 f372 f376 f377
- p776(v28): -0.0099 -0.015 -0.071
  neighbors: f370 f376 f382 f383 f515 f516
- p804(v81): -0.047 -0.008 -0.072
  neighbors: f375 f376 f377 f516 f518
- p15(v82):  0.01 -0.015 -0.07
  neighbors: f381 f382 f383 f385 f386 f520 f522
- p922(v83): 0.047 -0.019 -0.053
  neighbors: f385 f386 f387 f388 f524 f525
- p755(v84): 0.049 -0.026 -0.042
  neighbors: f389 f526 f527 f529 f538 f594 f598
- p304(v85): 0.048 0.0061 -0.06
  neighbors: f399 f405 f406 f469 f470 f546 f548
- p9(v86): 0.052 -0.0056 -0.058
  neighbors: f402 f405 f406 f521 f523
- p130(v87): 0.066 0.017 -0.042
  neighbors: f408 f410 f541 f542 f544 f545 f547 f549
- p411(v8): 0.046 0.016 -0.056
  neighbors: f410 f469 f548 f549 f575 f576
- p757(v89): -0.044 -0.01 0.0058
  neighbors: f420 f421 f550 f607 f610
- p113(v19): -0.086 -0.0052 -0.0098
  neighbors: f420 f421 f429 f430 f444 f445
- p903(v34): -0.045 -0.02 0.0016
  neighbors: f421 f440 f444 f606 f607
- p716(v90): -0.088  0.02 -0.019
  neighbors: f424 f425 f426
- p190(v91): -0.09 -0.004 -0.012
  neighbors: f428 f429 f430 f628 f632
- p549(v61): -0.09 -0.016 -0.019
  neighbors: f430 f441 f445 f446 f447 f628 f630
- p213(v92): -0.09 0.023 -0.032
  neighbors: f434 f435 f436 f437 f438 f454 f566 f567
- p169(v93): -0.045 -0.024 -0.001
  neighbors: f440 f441 f442 f443 f444 f445 f563 f564
- p42(v62): -0.01 -0.016 0.0068
  neighbors: f440 f443 f606 f608
- p200(v76): 0.006 -0.018 0.006
  neighbors: f442 f443 f492 f498 f501 f608 f609 f614 f615
- p297(v94): -0.09 -0.022 -0.025
  neighbors: f446 f447 f448 f449 f450
- p737(v95): -0.09  0.01 -0.049
  neighbors: f452 f453 f454 f567 f631
- p39(v99): 0.0029 0.018 -0.072
  neighbors: f469 f470 f471 f472 f473 f573 f575
- p355(v100): 0.0053 0.031 -0.055
  neighbors: f475 f476 f569 f572 f574 f577
- p942(v101): 0.0046 0.0091 0.011
  neighbors: f483 f626 f643
- p501(v103): -0.047 0.034 -0.011
  neighbors: f488 f489 f578 f582
- p241(v104):  0.05 -0.023 -0.018
  neighbors: f492 f500 f501 f509 f510 f530 f590 f592
- p131(v105): 0.048 -0.0095 -0.0064
  neighbors: f498 f499 f500 f501 f507 f508
- p699(v47): 0.052 -0.022 -0.017
  neighbors: f500 f508 f509
- p448(v106): 0.064 -0.012 -0.018
  neighbors: f507 f508 f509 f510 f513 f514 f584 f586
- p662(v78): 0.065 -0.017 -0.025
  neighbors: f510 f514 f528 f530 f588 f589
- p809(v107): 0.067 -0.0068 -0.021
  neighbors: f513 f514 f589 f638
- p586(v108): -0.009 -0.013 -0.072
  neighbors: f515 f516 f517 f518
- p301(v109): 0.017 -0.007 -0.071
  neighbors: f519 f520 f521 f522 f523
- p339(v110): 0.047 -0.02 -0.052
  neighbors: f524 f525 f526 f527
- p970(v111): 0.047 -0.028 -0.032
  neighbors: f528 f529 f530 f591 f592 f594 f595
- p684(v112): 0.0052 -0.03 -0.054
  neighbors: f537 f538 f598 f616 f618
- p983(v113): 0.067 0.014 -0.036
  neighbors: f541 f542 f636 f639
- p927(v114): 0.066 0.017 -0.041
  neighbors: f543 f544 f545
- p835(v115): 0.063 0.013 -0.046
  neighbors: f546 f547 f548 f549
- p855(v116): -0.046 0.0041 0.007
  neighbors: f550 f602 f610 f620 f624
- p766(v118): -0.043 -0.025 -0.0017
  neighbors: f562 f563 f564
- p107(v119): -0.09 0.014 -0.025
  neighbors: f566 f567 f628 f629 f630 f631 f632
- p1(v120): -0.0018 0.031 -0.056
  neighbors: f568 f569 f570 f571 f572
- p593(v121):  0.01 0.029 -0.056
  neighbors: f573 f574 f575 f576 f577
- p879(v122): -0.048 0.033 -0.0095
  neighbors: f578 f579 f580 f581 f582
- p951(v123): 0.052 0.00079 -0.0058
  neighbors: f583 f584 f585 f586
- p890(v124): 0.067 -0.015 -0.033
  neighbors: f588 f589 f635 f636 f637 f638 f639
- p193(v125): 0.047 -0.025 -0.021
  neighbors: f590 f591 f592
- p146(v126): -0.045 -0.04 -0.03
  neighbors: f593 f594 f595 f596 f598 f599 f600 f617 f618
- p735(v127): -0.045 0.0082 0.0065
  neighbors: f601 f602 f603 f604 f623 f624
- p673(v128): -0.0063 -0.0092 0.011
  neighbors: f606 f607 f608 f609 f610 f620 f644 f645
- p359(v117): 0.0039 -0.0083 0.011
  neighbors: f609 f615 f645 f646
- p661(v129): 0.0094 -0.0065 0.011
  neighbors: f614 f615 f646 f647
- p248(v130): -0.042 -0.037 -0.044
  neighbors: f616 f617 f618
- p672(v131): -0.014 0.0048 0.011
  neighbors: f620 f624 f623 f627 f644
- p224(v132): -0.011 0.0056 0.011
  neighbors: f626 f627 f642 f643 f644 f645 f646 f647
- f80
    - flags: top simplicial
    - normal:    -0.385   0.2734  -0.8815
    - offset: -0.0836631
    - vertices: p63(v22) p911(v7) p457(v3)
    - neighboring facets: f225 f472 f81
- f81
    - flags: top simplicial
    - normal:   -0.3753   0.3525  -0.8573
    - offset: -0.08261748
    - vertices: p63(v22) p140(v12) p911(v7)
    - neighboring facets: f262 f80 f310
- f120
    - flags: bottom simplicial
    - normal:   -0.3412   0.3979   0.8516
    - offset: -0.02442879
    - vertices: p243(v30) p196(v17) p238(v10)
    - neighboring facets: f270 f603 f257
- f134
    - flags: top simplicial
    - normal:   -0.8879    0.202   0.4133
    - offset: -0.07553098
    - center: -0.0892955 0.005566577333333331 -0.01180953333333334 
    - vertices: p481(v33) p466(v18) p238(v10)
    - neighboring facets: f268 f601 f428
- f154
    - flags: bottom simplicial
    - normal:   -0.5316  -0.2194  -0.8181
    - offset: -0.08672764
    - center: -0.0845288 -0.007098 -0.04918243333333333 
    - vertices: p488(v36) p815(v20) p911(v7)
    - neighboring facets: f296 f226 f228
- f167
    - flags: bottom simplicial
    - normal:   0.01692  -0.8128  -0.5822
    - offset: -0.05636539
    - vertices: p228(v39) p899(v11) p347(v6)
    - neighboring facets: f234 f537 f171
- f171
    - flags: bottom simplicial
    - normal:   -0.3891  -0.7706  -0.5047
    - offset: -0.07056623
    - vertices: p228(v39) p815(v20) p899(v11)
    - neighboring facets: f371 f167 f172
- f172
    - flags: bottom simplicial
    - normal:   -0.3913  -0.7747  -0.4967
    - offset: -0.07045867
    - center: -0.0732828 -0.02639323333333334 -0.0429501 
    - vertices: p228(v39) p462(v38) p815(v20)
    - neighboring facets: f294 f171 f599
- f175
    - flags: bottom simplicial
    - normal:  0.008995 0.004978  -0.9999
    - offset: -0.07183941
    - vertices: p915(v40) p242(v15) p457(v3)
    - neighboring facets: f229 f471 f399
- f179
    - flags: bottom simplicial
    - normal:   -0.1995   0.9359  -0.2902
    - offset: -0.05785171
    - center: -0.05569626666666666 0.03580696666666667 -0.04558656666666666 
    - vertices: p499(v41) p140(v12) p523(v2)
    - neighboring facets: f436 f324 f320
- f192
    - flags: bottom simplicial
    - normal:    0.1374   0.9845   0.1093
    - offset: -0.02983941
    - vertices: p722(v44) p933(v25) p680(v13)
    - neighboring facets: f337 f327 f342
- f214
    - flags: top simplicial tested
    - normal:     0.455   0.8547   0.2501
    - offset: -0.0369635
    - center: 0.05462096666666667 0.02277166666666667 -0.0293887 
    - vertices: p937(v48) p33(v46) p680(v13)
    - neighboring facets: f338 f543 f348
- f225
    - flags: bottom simplicial
    - normal:   -0.4573 -0.05006  -0.8879
    - offset:  -0.086032
    - vertices: p401(v50) p911(v7) p457(v3)
    - neighboring facets: f80 f375 f226
- f226
    - flags: bottom simplicial
    - normal:   -0.5196  -0.2167  -0.8264
    - offset: -0.08613494
    - vertices: p401(v50) p488(v36) p911(v7)
    - neighboring facets: f154 f225 f228
- f228
    - flags: top simplicial
    - normal:   -0.5065  -0.2585  -0.8226
    - offset: -0.08556244
    - vertices: p401(v50) p488(v36) p815(v20)
    - neighboring facets: f154 f372 f226
- f229
    - flags: top simplicial
    - normal:  0.006803 -0.009396  -0.9999
    - offset: -0.07187369
    - vertices: p527(v51) p242(v15) p457(v3)
    - neighboring facets: f175 f517 f519
- f234
    - flags: top simplicial
    - normal:   0.02519  -0.7394  -0.6727
    - offset: -0.05939534
    - vertices: p812(v52) p899(v11) p347(v6)
    - neighboring facets: f167 f381 f369
- f242
    - flags: top simplicial
    - normal:    0.5517  -0.7045  -0.4465
    - offset: -0.0649196
    - center: 0.06051573333333334 -0.0176493 -0.0427836 
    - vertices: p261(v53) p414(v26) p149(v14)
    - neighboring facets: f252 f388 f389
- f249
    - flags: top simplicial tested
    - normal:    0.5375  -0.4042  -0.7401
    - offset: -0.07305645
    - center: 0.05862760000000001 -0.01008670366666667 -0.05062623333333334 
    - vertices: p560(v55) p420(v29) p149(v14)
    - neighboring facets: f387 f252 f402
- f251
    - flags: bottom simplicial tested seen
    - normal:    0.9842 -0.05476  -0.1682
    - offset: -0.07246151
    - center: 0.06594626666666667 -0.006730743666666668 -0.0427296 
    - vertices: p560(v55) p604(v49) p414(v26)
    - neighboring facets: f635 f252 f408
    - ridges:
- f252
    - flags: bottom simplicial tested
    - normal:     0.879  -0.2703  -0.3928
    - offset: -0.07726166
    - center: 0.06494576666666667 -0.01045637033333333 -0.04416353333333334 
    - vertices: p560(v55) p414(v26) p149(v14)
    - neighboring facets: f242 f249 f251
- f256
    - flags: bottom simplicial
    - normal:   -0.1884   0.5032   0.8434
    - offset: -0.01873072
    - vertices: p799(v56) p243(v30) p320(v5)
    - neighboring facets: f604 f579 f257
- f257
    - flags: top simplicial
    - normal:   -0.3253   0.4164    0.849
    - offset: -0.02390859
    - vertices: p799(v56) p243(v30) p196(v17)
    - neighboring facets: f120 f580 f256
- f262
    - flags: bottom simplicial
    - normal:   -0.6024   0.6023  -0.5237
    - offset: -0.08895541
    - center: -0.0832049 0.02161543333333333 -0.04928146666666666 
    - vertices: p743(v58) p140(v12) p911(v7)
    - neighboring facets: f81 f453 f435
- f268
    - flags: bottom simplicial
    - normal:   -0.8829   0.2454   0.4003
    - offset: -0.07562755
    - vertices: p394(v60) p466(v18) p238(v10)
    - neighboring facets: f134 f270 f269
- f269
    - flags: bottom simplicial
    - normal:   -0.9574   0.2099   0.1981
    - offset: -0.08496637
    - center: -0.08929190000000001 0.01628031333333334 -0.01989946666666666 
    - vertices: p394(v60) p458(v31) p466(v18)
    - neighboring facets: f434 f268 f426
- f270
    - flags: top simplicial
    - normal:   -0.4688   0.4922   0.7335
    - offset: -0.03780611
    - vertices: p394(v60) p196(v17) p238(v10)
    - neighboring facets: f120 f268 f425
- f288
    - flags: bottom simplicial tested
    - normal:   0.02216  -0.9237   0.3824
    - offset: -0.0252448
    - center: -0.03092254 -0.03261956666666667 -0.01098693333333333 
    - vertices: p267(v64) p833(v37) p665(v9)
    - neighboring facets: f593 f562 f448
- f293
    - flags: bottom simplicial tested seen
    - normal:   -0.6891   -0.724 -0.03197
    - offset: -0.07847767
    - center: -0.08934109999999999 -0.021865 -0.0339704 
    - vertices: p100(v65) p462(v38) p14(v0)
    - neighboring facets: f299 f629 f294
    - ridges:
- f294
    - flags: top simplicial tested
    - normal:   -0.4268  -0.7521  -0.5022
    - offset: -0.07326745
    - center: -0.0873869 -0.02092076666666666 -0.04030046666666666 
    - vertices: p100(v65) p462(v38) p815(v20)
    - neighboring facets: f172 f296 f293
- f296
    - flags: top simplicial tested
    - normal:   -0.7749  -0.2187  -0.5931
    - offset: -0.09673625
    - center: -0.08767440000000001 -0.008767566666666667 -0.04532776666666667 
    - vertices: p100(v65) p815(v20) p911(v7)
    - neighboring facets: f154 f452 f294
- f299
    - flags: top simplicial
    - normal:   -0.6418  -0.7667 -0.01727
    - offset: -0.07474839
    - center: -0.08867073333333335 -0.0225538 -0.0316529 
    - vertices: p534(v66) p462(v38) p14(v0)
    - neighboring facets: f293 f449 f600
- f310
    - flags: bottom simplicial
    - normal:   -0.2882   0.4646  -0.8373
    - offset: -0.07870915
    - vertices: p279(v68) p63(v22) p140(v12)
    - neighboring facets: f81 f311 f316
- f311
    - flags: top simplicial
    - normal:   -0.1377   0.7184  -0.6819
    - offset: -0.06741282
    - vertices: p279(v68) p967(v23) p140(v12)
    - neighboring facets: f319 f310 f315
- f315
    - flags: bottom simplicial
    - normal:  -0.02456   0.7119  -0.7018
    - offset: -0.06342871
    - vertices: p785(v69) p279(v68) p967(v23)
    - neighboring facets: f311 f571 f316
- f316
    - flags: top simplicial
    - normal:  -0.06926   0.4567  -0.8869
    - offset: -0.07182488
    - vertices: p785(v69) p279(v68) p63(v22)
    - neighboring facets: f310 f473 f315
- f319
    - flags: bottom simplicial
    - normal:   -0.1345   0.8408  -0.5243
    - offset: -0.06261112
    - vertices: p767(v70) p967(v23) p140(v12)
    - neighboring facets: f311 f320 f570
- f320
    - flags: top simplicial
    - normal:   -0.1413     0.86  -0.4904
    - offset: -0.06189465
    - vertices: p767(v70) p499(v41) p140(v12)
    - neighboring facets: f179 f319 f568
- f324
    - flags: bottom simplicial
    - normal:  -0.01691   0.9671  -0.2537
    - offset: -0.04881843
    - vertices: p372(v71) p499(v41) p523(v2)
    - neighboring facets: f179 f326 f476
- f326
    - flags: top simplicial
    - normal:   0.09581   0.9954 -0.006882
    - offset: -0.03541538
    - vertices: p372(v71) p722(v44) p523(v2)
    - neighboring facets: f333 f324 f327
- f327
    - flags: bottom simplicial
    - normal:    0.1257   0.9921 0.002963
    - offset: -0.03362166
    - vertices: p372(v71) p722(v44) p680(v13)
    - neighboring facets: f192 f475 f326
- f332
    - flags: top simplicial
    - normal:   -0.3689   0.9276  0.05918
    - offset: -0.05307547
    - center: -0.05604946666666667 0.03651933333333333 -0.02497136666666666 
    - vertices: p853(v73) p196(v17) p523(v2)
    - neighboring facets: f437 f333 f488
- f333
    - flags: bottom simplicial
    - normal:   -0.1576   0.9854  0.06425
    - offset: -0.04484331
    - vertices: p853(v73) p722(v44) p523(v2)
    - neighboring facets: f326 f332 f343
- f337
    - flags: top simplicial
    - normal:     0.165   0.9716   0.1696
    - offset: -0.02853061
    - vertices: p683(v74) p933(v25) p680(v13)
    - neighboring facets: f192 f338 f342
- f338
    - flags: bottom simplicial
    - normal:     0.189   0.9602   0.2056
    - offset: -0.0280308
    - vertices: p683(v74) p33(v46) p680(v13)
    - neighboring facets: f214 f337 f346
- f342
    - flags: top simplicial
    - normal:    0.1182   0.9774   0.1751
    - offset: -0.0286419
    - vertices: p683(v74) p722(v44) p933(v25)
    - neighboring facets: f192 f337 f343
- f343
    - flags: top simplicial
    - normal:   0.06612    0.959   0.2757
    - offset: -0.0275535
    - vertices: p683(v74) p853(v73) p722(v44)
    - neighboring facets: f333 f342 f489
- f344
    - flags: top simplicial
    - normal:    0.2994   0.6755   0.6738
    - offset: -0.01826734
    - center: 0.03128876666666667 0.01824773333333333 -0.005087900000000001 
    - vertices: p878(v75) p22(v24) p320(v5)
    - neighboring facets: f363 f345 f347
- f345
    - flags: bottom simplicial
    - normal:    0.2763    0.721   0.6355
    - offset: -0.01880126
    - vertices: p878(v75) p683(v74) p320(v5)
    - neighboring facets: f581 f344 f346
- f346
    - flags: top simplicial
    - normal:    0.2654   0.8095   0.5237
    - offset: -0.02200217
    - vertices: p878(v75) p683(v74) p33(v46)
    - neighboring facets: f338 f348 f345
- f347
    - flags: top simplicial
    - normal:    0.5343   0.6946   0.4818
    - offset: -0.03254836
    - center: 0.0547569 0.01765876666666667 -0.01862446666666667 
    - vertices: p878(v75) p937(v48) p22(v24)
    - neighboring facets: f362 f344 f348
- f348
    - flags: bottom simplicial
    - normal:    0.5261   0.7129   0.4637
    - offset: -0.03285786
    - vertices: p878(v75) p937(v48) p33(v46)
    - neighboring facets: f214 f346 f347
- f354
    - flags: bottom simplicial seen
    - normal:    0.3991   0.0453   0.9158
    - offset: -0.01544974
    - center: 0.02549463333333333 0.0001306309999999999 0.005753893333333334 
    - vertices: p849(v77) p294(v72) p615(v16)
    - neighboring facets: f642 f499 f355
    - ridges:
- f355
    - flags: top simplicial
    - normal:    0.4019  0.07136   0.9129
    - offset: -0.01558086
    - center: 0.03805873333333334 0.004003484333333333 8.333333333491014e-08 
    - vertices: p849(v77) p294(v72) p553(v43)
    - neighboring facets: f367 f583 f354
- f362
    - flags: bottom simplicial tested
    - normal:    0.6634   0.5039   0.5531
    - offset: -0.03579063
    - center: 0.05651266666666668 0.014112 -0.01592899333333334 
    - vertices: p838(v79) p937(v48) p22(v24)
    - neighboring facets: f347 f363 f364
- f363
    - flags: bottom simplicial tested
    - normal:    0.3074   0.6413    0.703
    - offset: -0.01790592
    - center: 0.03304453333333334 0.01470096666666667 -0.002392426666666669 
    - vertices: p838(v79) p22(v24) p320(v5)
    - neighboring facets: f344 f366 f362
- f364
    - flags: top simplicial tested seen
    - normal:    0.7517   0.3295   0.5714
    - offset: -0.03819577
    - center: 0.06151436666666667 0.009918356666666664 -0.01979389333333334 
    - vertices: p838(v79) p937(v48) p96(v1)
    - neighboring facets: f637 f365 f362
    - ridges:
- f365
    - flags: bottom simplicial tested
    - normal:    0.7419    0.234   0.6284
    - offset: -0.03616479
    - center: 0.0565111 0.007014456666666666 -0.01177540333333333 
    - vertices: p838(v79) p553(v43) p96(v1)
    - neighboring facets: f585 f364 f367
- f366
    - flags: top simplicial tested
    - normal:    0.3251   0.4437   0.8351
    - offset: -0.01555081
    - center: 0.02015723333333333 0.01160884666666667 0.004605940000000003 
    - vertices: p838(v79) p294(v72) p320(v5)
    - neighboring facets: f483 f363 f367
- f367
    - flags: bottom simplicial tested
    - normal:    0.3636   0.3251    0.873
    - offset: -0.01588494
    - center: 0.0386221 0.00811598 -0.000912136666666667 
    - vertices: p838(v79) p294(v72) p553(v43)
    - neighboring facets: f355 f365 f366
- f369
    - flags: bottom simplicial
    - normal:   0.02393  -0.7362  -0.6763
    - offset: -0.05958368
    - vertices: p306(v80) p812(v52) p899(v11)
    - neighboring facets: f234 f371 f370
- f370
    - flags: top simplicial
    - normal:   0.01889   -0.708   -0.706
    - offset: -0.06115797
    - vertices: p306(v80) p812(v52) p776(v28)
    - neighboring facets: f383 f376 f369
- f371
    - flags: top simplicial
    - normal:   -0.4162   -0.616  -0.6688
    - offset: -0.07754621
    - vertices: p306(v80) p815(v20) p899(v11)
    - neighboring facets: f171 f369 f372
- f372
    - flags: top simplicial
    - normal:   -0.4687  -0.3539  -0.8094
    - offset: -0.08355967
    - vertices: p306(v80) p401(v50) p815(v20)
    - neighboring facets: f228 f371 f377
- f375
    - flags: bottom simplicial
    - normal:   -0.3239 -0.06439  -0.9439
    - offset: -0.08355264
    - vertices: p804(v81) p401(v50) p457(v3)
    - neighboring facets: f225 f518 f377
- f376
    - flags: top simplicial
    - normal:  -0.06739  -0.3909   -0.918
    - offset: -0.07228765
    - vertices: p804(v81) p306(v80) p776(v28)
    - neighboring facets: f370 f516 f377
- f377
    - flags: bottom simplicial
    - normal:   -0.2628  -0.3651  -0.8931
    - offset: -0.07945019
    - vertices: p804(v81) p306(v80) p401(v50)
    - neighboring facets: f372 f375 f376
- f381
    - flags: top simplicial
    - normal:    0.1538   -0.712  -0.6852
    - offset: -0.06052405
    - vertices: p15(v82) p812(v52) p347(v6)
    - neighboring facets: f234 f385 f383
- f382
    - flags: top simplicial
    - normal:   0.05365  -0.4251  -0.9036
    - offset: -0.07059063
    - vertices: p15(v82) p527(v51) p776(v28)
    - neighboring facets: f515 f383 f520
- f383
    - flags: bottom simplicial
    - normal:   0.05317   -0.493  -0.8684
    - offset: -0.06912507
    - vertices: p15(v82) p812(v52) p776(v28)
    - neighboring facets: f370 f382 f381
- f385
    - flags: top simplicial
    - normal:    0.2366   -0.702  -0.6717
    - offset: -0.0602707
    - vertices: p922(v83) p15(v82) p347(v6)
    - neighboring facets: f381 f524 f386
- f386
    - flags: bottom simplicial
    - normal:    0.2834  -0.6017  -0.7468
    - offset: -0.0645361
    - vertices: p922(v83) p15(v82) p420(v29)
    - neighboring facets: f522 f387 f385
- f387
    - flags: bottom simplicial
    - normal:    0.5073   -0.553  -0.6609
    - offset: -0.06964565
    - vertices: p922(v83) p420(v29) p149(v14)
    - neighboring facets: f249 f388 f386
- f388
    - flags: top simplicial
    - normal:    0.5058  -0.5741  -0.6439
    - offset: -0.06907787
    - vertices: p922(v83) p261(v53) p149(v14)
    - neighboring facets: f242 f387 f525
- f389
    - flags: bottom simplicial
    - normal:    0.5278  -0.7508  -0.3971
    - offset: -0.06235836
    - vertices: p755(v84) p261(v53) p414(v26)
    - neighboring facets: f242 f529 f527
- f399
    - flags: top simplicial
    - normal:    0.2919   0.1615  -0.9427
    - offset: -0.07173215
    - vertices: p304(v85) p915(v40) p242(v15)
    - neighboring facets: f175 f405 f470
- f402
    - flags: bottom simplicial
    - normal:    0.5345  -0.3999  -0.7446
    - offset: -0.07309363
    - vertices: p9(v86) p560(v55) p420(v29)
    - neighboring facets: f249 f523 f406
- f405
    - flags: top simplicial
    - normal:    0.3634 -0.05341  -0.9301
    - offset: -0.07311989
    - vertices: p9(v86) p304(v85) p242(v15)
    - neighboring facets: f399 f521 f406
- f406
    - flags: bottom simplicial
    - normal:     0.453 -0.02248  -0.8912
    - offset: -0.0753006
    - center: 0.0548749 9.135300000000025e-05 -0.0566004 
    - vertices: p9(v86) p304(v85) p560(v55)
    - neighboring facets: f546 f402 f405
- f408
    - flags: top simplicial tested
    - normal:    0.9884  0.02879  -0.1493
    - offset: -0.07174217
    - center: 0.065718 0.004554089666666666 -0.04458023333333333 
    - vertices: p130(v87) p560(v55) p604(v49)
    - neighboring facets: f251 f542 f547
- f410
    - flags: top simplicial tested
    - normal:    0.4146   0.6828  -0.6015
    - offset: -0.0635782
    - center: 0.05442930000000001 0.0200269 -0.04544493333333333 
    - vertices: p130(v87) p680(v13) p411(v8)
    - neighboring facets: f576 f549 f544
- f420
    - flags: bottom simplicial
    - normal:   -0.3651  -0.2639   0.8928
    - offset: -0.02401193
    - center: -0.07332516666666666 -0.005407382666666667 -0.004688156666666664 
    - vertices: p757(v89) p481(v33) p113(v19)
    - neighboring facets: f429 f421 f550
- f421
    - flags: top simplicial
    - normal:   -0.3644  -0.3497   0.8631
    - offset: -0.02469546
    - center: -0.05825363333333333 -0.01183729666666667 -0.0007816399999999965 
    - vertices: p757(v89) p903(v34) p113(v19)
    - neighboring facets: f444 f420 f607
- f424
    - flags: top simplicial
    - normal:   -0.5625   0.7332   0.3822
    - offset: -0.05639166
    - center: -0.08247919999999999 0.0242888 -0.02043566666666667 
    - vertices: p716(v90) p458(v31) p196(v17)
    - neighboring facets: f438 f425 f426
- f425
    - flags: bottom simplicial
    - normal:   -0.5618   0.7006   0.4398
    - offset: -0.05458447
    - vertices: p716(v90) p394(v60) p196(v17)
    - neighboring facets: f270 f424 f426
- f426
    - flags: top simplicial
    - normal:   -0.6745   0.6396   0.3687
    - offset: -0.06465638
    - vertices: p716(v90) p394(v60) p458(v31)
    - neighboring facets: f269 f424 f425
- f428
    - flags: bottom simplicial tested seen
    - normal:        -1 0.001651 0.007179
    - offset: -0.08983767
    - center: -0.08992486666666664 0.001178630666666666 -0.01207776666666667 
    - vertices: p190(v91) p481(v33) p466(v18)
    - neighboring facets: f134 f632 f429
    - ridges:
- f429
    - flags: top simplicial tested
    - normal:   -0.4809   -0.374    0.793
    - offset: -0.03550953
    - center: -0.088572 -0.003318312666666668 -0.01050268333333333 
    - vertices: p190(v91) p481(v33) p113(v19)
    - neighboring facets: f420 f430 f428
- f430
    - flags: bottom simplicial tested seen
    - normal:   -0.4834    -0.44   0.7568
    - offset: -0.03642309
    - center: -0.08857763333333334 -0.00850306 -0.01339851666666667 
    - vertices: p190(v91) p549(v61) p113(v19)
    - neighboring facets: f445 f429 f628
    - ridges:
- f434
    - flags: top simplicial tested
    - normal:   -0.9982  0.05227  0.03095
    - offset: -0.08974778
    - center: -0.08973073333333333 0.01820111333333333 -0.0248349 
    - vertices: p213(v92) p458(v31) p466(v18)
    - neighboring facets: f269 f566 f438
- f435
    - flags: top simplicial tested
    - normal:   -0.5437   0.8166  -0.1938
    - offset: -0.07389137
    - center: -0.08342013333333333 0.02485126666666667 -0.04251353333333333 
    - vertices: p213(v92) p743(v58) p140(v12)
    - neighboring facets: f262 f436 f454
- f436
    - flags: top simplicial tested
    - normal:   -0.3831   0.9234 -0.02187
    - offset: -0.05656396
    - center: -0.07015796666666667 0.0311929 -0.040175 
    - vertices: p213(v92) p140(v12) p523(v2)
    - neighboring facets: f179 f437 f435
- f437
    - flags: bottom simplicial tested
    - normal:   -0.3749   0.9256  0.05293
    - offset: -0.05351334
    - center: -0.06957376666666666 0.0311929 -0.0271666 
    - vertices: p213(v92) p196(v17) p523(v2)
    - neighboring facets: f332 f436 f438
- f438
    - flags: bottom simplicial tested
    - normal:   -0.4038   0.9104  0.09038
    - offset: -0.05457621
    - center: -0.0830944 0.0255237 -0.02450376666666667 
    - vertices: p213(v92) p458(v31) p196(v17)
    - neighboring facets: f424 f437 f434
- f440
    - flags: bottom simplicial
    - normal:  -0.06347  -0.5323   0.8442
    - offset: -0.01485872
    - center: -0.0333879 -0.02000436666666667 0.002478179999999999 
    - vertices: p169(v93) p42(v62) p903(v34)
    - neighboring facets: f606 f444 f443
- f441
    - flags: top simplicial
    - normal:    -0.382  -0.6235   0.6822
    - offset: -0.03168121
    - center: -0.06109466666666667 -0.02438933333333334 -0.01006016666666666 
    - vertices: p169(v93) p267(v64) p549(v61)
    - neighboring facets: f447 f445 f564
- f442
    - flags: top simplicial
    - normal:  -0.02504  -0.6389   0.7689
    - offset: -0.01576787
    - vertices: p169(v93) p200(v76) p665(v9)
    - neighboring facets: f492 f563 f443
- f443
    - flags: bottom simplicial
    - normal:  -0.02952  -0.6201    0.784
    - offset: -0.01550058
    - center: -0.01650484333333333 -0.01922126666666667 0.003947240000000002 
    - vertices: p169(v93) p200(v76) p42(v62)
    - neighboring facets: f608 f440 f442
- f444
    - flags: bottom simplicial
    - normal:   -0.3852  -0.4538   0.8035
    - offset: -0.02760734
    - vertices: p169(v93) p903(v34) p113(v19)
    - neighboring facets: f421 f445 f440
- f445
    - flags: top simplicial
    - normal:    -0.396   -0.489   0.7772
    - offset: -0.02897086
    - vertices: p169(v93) p549(v61) p113(v19)
    - neighboring facets: f430 f444 f441
- f446
    - flags: bottom simplicial tested seen
    - normal:   -0.9691  -0.2093   0.1302
    - offset: -0.08811286
    - center: -0.08982996666666665 -0.01986616666666667 -0.02383446666666666 
    - vertices: p297(v94) p549(v61) p14(v0)
    - neighboring facets: f630 f449 f447
    - ridges:
- f447
    - flags: bottom simplicial tested
    - normal:   -0.3966   -0.714    0.577
    - offset: -0.03644293
    - center: -0.07584589999999999 -0.0235938 -0.0181745 
    - vertices: p297(v94) p267(v64) p549(v61)
    - neighboring facets: f441 f446 f448
- f448
    - flags: top simplicial tested
    - normal:   -0.3669  -0.8387   0.4026
    - offset: -0.04091137
    - center: -0.06230066666666666 -0.03038416666666666 -0.0184463 
    - vertices: p297(v94) p267(v64) p833(v37)
    - neighboring facets: f288 f450 f447
- f449
    - flags: top simplicial tested
    - normal:   -0.5957  -0.8028  0.02579
    - offset: -0.07019933
    - center: -0.08915960000000001 -0.022184 -0.02786816666666667 
    - vertices: p297(v94) p534(v66) p14(v0)
    - neighboring facets: f299 f446 f450
- f450
    - flags: bottom simplicial tested
    - normal:   -0.3593  -0.9239   0.1312
    - offset: -0.04897555
    - center: -0.07561436666666667 -0.02719143333333333 -0.02527416666666667 
    - vertices: p297(v94) p534(v66) p833(v37)
    - neighboring facets: f596 f448 f449
- f452
    - flags: top simplicial tested seen
    - normal:    -0.852  -0.1764   -0.493
    - offset: -0.09899006
    - center: -0.0896286 0.0008190900000000003 -0.04619626666666667 
    - vertices: p737(v95) p100(v65) p911(v7)
    - neighboring facets: f296 f453 f631
    - ridges:
- f453
    - flags: bottom simplicial tested
    - normal:   -0.9811   0.1559  -0.1148
    - offset: -0.09540876
    - center: -0.08925703333333333 0.01487109 -0.04809326666666667 
    - vertices: p737(v95) p743(v58) p911(v7)
    - neighboring facets: f262 f452 f454
- f454
    - flags: bottom simplicial tested
    - normal:   -0.9841    0.148  -0.0982
    - offset: -0.0947876
    - center: -0.08947226666666667 0.01810692333333333 -0.04132533333333333 
    - vertices: p737(v95) p213(v92) p743(v58)
    - neighboring facets: f435 f453 f567
- f469
    - flags: top simplicial
    - normal:    0.3267   0.4432  -0.8348
    - offset: -0.06864237
    - vertices: p39(v99) p304(v85) p411(v8)
    - neighboring facets: f548 f575 f470
- f470
    - flags: bottom simplicial
    - normal:    0.2991   0.2476  -0.9215
    - offset: -0.07133284
    - vertices: p39(v99) p304(v85) p915(v40)
    - neighboring facets: f399 f471 f469
- f471
    - flags: bottom simplicial
    - normal:  0.008696 0.007199  -0.9999
    - offset: -0.07186398
    - vertices: p39(v99) p915(v40) p457(v3)
    - neighboring facets: f175 f472 f470
- f472
    - flags: top simplicial
    - normal:  -0.04855   0.2368  -0.9703
    - offset: -0.0736242
    - vertices: p39(v99) p63(v22) p457(v3)
    - neighboring facets: f80 f471 f473
- f473
    - flags: top simplicial
    - normal:  -0.04906   0.2447  -0.9684
    - offset: -0.07361948
    - vertices: p39(v99) p785(v69) p63(v22)
    - neighboring facets: f316 f472 f573
- f475
    - flags: bottom simplicial
    - normal:     0.124   0.9778  -0.1688
    - offset: -0.0398833
    - vertices: p355(v100) p372(v71) p680(v13)
    - neighboring facets: f327 f577 f476
- f476
    - flags: top simplicial
    - normal:   0.07881   0.9536  -0.2907
    - offset: -0.04565094
    - vertices: p355(v100) p372(v71) p499(v41)
    - neighboring facets: f324 f569 f475
- f483
    - flags: bottom simplicial tested seen
    - normal:   0.07032    0.138   0.9879
    - offset: -0.01247218
    - center: 0.004532703333333333 0.01080071333333333 0.01079356666666667 
    - vertices: p942(v101) p294(v72) p320(v5)
    - neighboring facets: f366 f626 f643
    - ridges:
- f488
    - flags: bottom simplicial
    - normal:   -0.1871   0.9074   0.3764
    - offset: -0.03544831
    - vertices: p501(v103) p853(v73) p196(v17)
    - neighboring facets: f332 f578 f489
- f489
    - flags: bottom simplicial
    - normal:   0.02728   0.9325   0.3602
    - offset: -0.02631154
    - vertices: p501(v103) p683(v74) p853(v73)
    - neighboring facets: f343 f488 f582
- f492
    - flags: bottom simplicial
    - normal:    0.3002  -0.6348    0.712
    - offset: -0.0172862
    - vertices: p241(v104) p200(v76) p665(v9)
    - neighboring facets: f442 f590 f501
- f498
    - flags: top simplicial
    - normal:    0.3344  -0.4769   0.8129
    - offset: -0.01531523
    - center: 0.02251909 -0.01025788666666667 0.003560293333333334 
    - vertices: p131(v105) p200(v76) p615(v16)
    - neighboring facets: f614 f499 f501
- f499
    - flags: bottom simplicial
    - normal:    0.4054   -0.257   0.8773
    - offset: -0.01620936
    - vertices: p131(v105) p849(v77) p615(v16)
    - neighboring facets: f354 f498 f507
- f500
    - flags: bottom simplicial
    - normal:    0.3923  -0.5409    0.744
    - offset: -0.01913161
    - vertices: p131(v105) p241(v104) p699(v47)
    - neighboring facets: f509 f508 f501
- f501
    - flags: top simplicial
    - normal:    0.3342  -0.5614   0.7571
    - offset: -0.01646711
    - vertices: p131(v105) p241(v104) p200(v76)
    - neighboring facets: f492 f498 f500
- f507
    - flags: top simplicial
    - normal:    0.5454   -0.274   0.7921
    - offset: -0.02360585
    - vertices: p448(v106) p131(v105) p849(v77)
    - neighboring facets: f499 f584 f508
- f508
    - flags: bottom simplicial
    - normal:    0.4593  -0.5076    0.729
    - offset: -0.02211627
    - vertices: p448(v106) p131(v105) p699(v47)
    - neighboring facets: f500 f509 f507
- f509
    - flags: top simplicial
    - normal:    0.5404  -0.6299   0.5578
    - offset: -0.03196731
    - vertices: p448(v106) p241(v104) p699(v47)
    - neighboring facets: f500 f508 f510
- f510
    - flags: bottom simplicial
    - normal:     0.542  -0.6322   0.5536
    - offset: -0.03217683
    - center: 0.05976683333333333 -0.01768276666666668 -0.0205872 
    - vertices: p448(v106) p241(v104) p662(v78)
    - neighboring facets: f530 f514 f509
- f513
    - flags: top simplicial tested seen
    - normal:    0.7596 0.006119   0.6504
    - offset: -0.03651141
    - center: 0.06568076666666667 -0.005801726666666667 -0.02051386666666668 
    - vertices: p809(v107) p448(v106) p96(v1)
    - neighboring facets: f586 f638 f514
    - ridges:
- f514
    - flags: bottom simplicial tested
    - normal:    0.9139  -0.2421   0.3257
    - offset: -0.05543156
    - center: 0.06521783333333334 -0.01211061666666667 -0.02181593333333333 
    - vertices: p809(v107) p448(v106) p662(v78)
    - neighboring facets: f510 f589 f513
- f515
    - flags: bottom simplicial
    - normal:  0.005273  -0.1271  -0.9919
    - offset: -0.07279883
    - vertices: p586(v108) p527(v51) p776(v28)
    - neighboring facets: f382 f516 f517
- f516
    - flags: top simplicial
    - normal:   -0.0125  -0.1188  -0.9928
    - offset: -0.07291563
    - vertices: p586(v108) p804(v81) p776(v28)
    - neighboring facets: f376 f515 f518
- f517
    - flags: top simplicial
    - normal:  0.001114 -0.02684  -0.9996
    - offset: -0.07204192
    - vertices: p586(v108) p527(v51) p457(v3)
    - neighboring facets: f229 f518 f515
- f518
    - flags: bottom simplicial
    - normal:  0.0006153 -0.02791  -0.9996
    - offset: -0.0720587
    - vertices: p586(v108) p804(v81) p457(v3)
    - neighboring facets: f375 f517 f516
- f519
    - flags: bottom simplicial
    - normal:    0.1634  -0.2256  -0.9604
    - offset: -0.07277761
    - vertices: p301(v109) p527(v51) p242(v15)
    - neighboring facets: f229 f521 f520
- f520
    - flags: bottom simplicial
    - normal:     0.169  -0.2362  -0.9569
    - offset: -0.07269536
    - vertices: p301(v109) p15(v82) p527(v51)
    - neighboring facets: f382 f519 f522
- f521
    - flags: top simplicial
    - normal:    0.3523  -0.2226   -0.909
    - offset: -0.07227296
    - vertices: p301(v109) p9(v86) p242(v15)
    - neighboring facets: f405 f519 f523
- f522
    - flags: top simplicial
    - normal:     0.339   -0.368  -0.8658
    - offset: -0.06998966
    - vertices: p301(v109) p15(v82) p420(v29)
    - neighboring facets: f386 f523 f520
- f523
    - flags: bottom simplicial
    - normal:    0.3421  -0.3607  -0.8677
    - offset: -0.07012165
    - vertices: p301(v109) p9(v86) p420(v29)
    - neighboring facets: f402 f522 f521
- f524
    - flags: top simplicial
    - normal:    0.2416  -0.7323  -0.6367
    - offset: -0.05923181
    - vertices: p339(v110) p922(v83) p347(v6)
    - neighboring facets: f385 f526 f525
- f525
    - flags: bottom simplicial
    - normal:    0.4012  -0.6799  -0.6138
    - offset: -0.06456616
    - vertices: p339(v110) p922(v83) p261(v53)
    - neighboring facets: f388 f527 f524
- f526
    - flags: bottom simplicial
    - normal:    0.2478  -0.8059  -0.5377
    - offset: -0.05586989
    - vertices: p339(v110) p755(v84) p347(v6)
    - neighboring facets: f538 f524 f527
- f527
    - flags: top simplicial
    - normal:     0.268  -0.7996  -0.5373
    - offset: -0.0566868
    - vertices: p339(v110) p755(v84) p261(v53)
    - neighboring facets: f389 f525 f526
- f528
    - flags: top simplicial
    - normal:    0.4756  -0.8778  0.05636
    - offset: -0.04477956
    - center: 0.05949673333333333 -0.02077586666666667 -0.03116206666666666 
    - vertices: p970(v111) p662(v78) p414(v26)
    - neighboring facets: f588 f529 f530
- f529
    - flags: bottom simplicial
    - normal:    0.4682  -0.8836    0.003
    - offset: -0.0463016
    - vertices: p970(v111) p755(v84) p414(v26)
    - neighboring facets: f389 f528 f594
- f530
    - flags: top simplicial
    - normal:    0.4418  -0.8831   0.1582
    - offset: -0.04007339
    - vertices: p970(v111) p241(v104) p662(v78)
    - neighboring facets: f510 f528 f592
- f537
    - flags: bottom simplicial
    - normal:   0.05511  -0.8962  -0.4402
    - offset: -0.05117538
    - vertices: p684(v112) p228(v39) p347(v6)
    - neighboring facets: f167 f538 f616
- f538
    - flags: top simplicial
    - normal:    0.1509  -0.9573  -0.2467
    - offset: -0.04300629
    - vertices: p684(v112) p755(v84) p347(v6)
    - neighboring facets: f526 f537 f598
- f541
    - flags: bottom simplicial tested seen
    - normal:    0.9897   0.1291 -0.06189
    - offset: -0.06986275
    - center: 0.06628933333333333 0.01575513333333333 -0.0359125 
    - vertices: p983(v113) p130(v87) p937(v48)
    - neighboring facets: f545 f639 f542
    - ridges:
- f542
    - flags: top simplicial tested seen
    - normal:    0.9937  0.03071  -0.1082
    - offset: -0.07041342
    - center: 0.06628933333333334 0.009280160000000001 -0.0393803 
    - vertices: p983(v113) p130(v87) p604(v49)
    - neighboring facets: f408 f636 f541
    - ridges:
- f543
    - flags: top simplicial
    - normal:    0.5832    0.812 -0.02295
    - offset: -0.05304858
    - vertices: p927(v114) p937(v48) p680(v13)
    - neighboring facets: f214 f544 f545
- f544
    - flags: bottom simplicial
    - normal:    0.5171   0.7725  -0.3686
    - offset: -0.06214552
    - vertices: p927(v114) p130(v87) p680(v13)
    - neighboring facets: f410 f543 f545
- f545
    - flags: top simplicial
    - normal:    0.9091   0.4122 -0.06017
    - offset: -0.06917864
    - vertices: p927(v114) p130(v87) p937(v48)
    - neighboring facets: f541 f543 f544
- f546
    - flags: top simplicial
    - normal:    0.5345   0.3706  -0.7596
    - offset: -0.07372086
    - vertices: p835(v115) p304(v85) p560(v55)
    - neighboring facets: f406 f547 f548
- f547
    - flags: bottom simplicial
    - normal:    0.6845   0.3433  -0.6431
    - offset: -0.07744461
    - vertices: p835(v115) p130(v87) p560(v55)
    - neighboring facets: f408 f546 f549
- f548
    - flags: bottom simplicial
    - normal:    0.4933    0.438  -0.7516
    - offset: -0.07165906
    - vertices: p835(v115) p304(v85) p411(v8)
    - neighboring facets: f469 f549 f546
- f549
    - flags: top simplicial
    - normal:    0.4675   0.5767  -0.6699
    - offset: -0.06814095
    - vertices: p835(v115) p130(v87) p411(v8)
    - neighboring facets: f410 f548 f547
- f550
    - flags: top simplicial
    - normal:    -0.347  -0.1149   0.9308
    - offset: -0.02189561
    - center: -0.059968 -0.002307776 0.0008849633333333341 
    - vertices: p855(v116) p757(v89) p481(v33)
    - neighboring facets: f420 f602 f610
- f562
    - flags: bottom simplicial
    - normal:  -0.03594  -0.7303   0.6822
    - offset: -0.01857877
    - vertices: p766(v118) p267(v64) p665(v9)
    - neighboring facets: f288 f563 f564
- f563
    - flags: top simplicial
    - normal:  -0.03411  -0.7126   0.7007
    - offset: -0.01802841
    - vertices: p766(v118) p169(v93) p665(v9)
    - neighboring facets: f442 f562 f564
- f564
    - flags: bottom simplicial
    - normal:  -0.04368  -0.7278   0.6844
    - offset: -0.01884708
    - vertices: p766(v118) p169(v93) p267(v64)
    - neighboring facets: f441 f562 f563
- f566
    - flags: top simplicial tested seen
    - normal:   -0.9986   0.0457  0.02514
    - offset: -0.08982143
    - center: -0.08984383333333332 0.01527068 -0.02379113333333334 
    - vertices: p107(v119) p213(v92) p466(v18)
    - neighboring facets: f434 f632 f567
    - ridges:
- f567
    - flags: top simplicial tested seen
    - normal:   -0.9997  0.02558 -0.004611
    - offset: -0.09038163
    - center: -0.08984383333333333 0.01584892333333333 -0.0352802 
    - vertices: p107(v119) p737(v95) p213(v92)
    - neighboring facets: f454 f566 f631
    - ridges:
- f568
    - flags: bottom simplicial
    - normal:   0.06354   0.9318  -0.3573
    - offset: -0.04872919
    - vertices: p1(v120) p767(v70) p499(v41)
    - neighboring facets: f320 f569 f570
- f569
    - flags: top simplicial
    - normal:   0.07648   0.9498  -0.3033
    - offset: -0.04621947
    - vertices: p1(v120) p355(v100) p499(v41)
    - neighboring facets: f476 f568 f572
- f570
    - flags: top simplicial
    - normal:   0.03528   0.8655  -0.4997
    - offset: -0.05475097
    - vertices: p1(v120) p767(v70) p967(v23)
    - neighboring facets: f319 f571 f568
- f571
    - flags: bottom simplicial
    - normal:   0.02773    0.781  -0.6239
    - offset: -0.05914933
    - vertices: p1(v120) p785(v69) p967(v23)
    - neighboring facets: f315 f570 f572
- f572
    - flags: bottom simplicial
    - normal:    0.1103   0.7799  -0.6161
    - offset: -0.05853302
    - vertices: p1(v120) p355(v100) p785(v69)
    - neighboring facets: f574 f571 f569
- f573
    - flags: bottom simplicial
    - normal:     0.177   0.7549  -0.6315
    - offset: -0.05912119
    - vertices: p593(v121) p39(v99) p785(v69)
    - neighboring facets: f473 f574 f575
- f574
    - flags: top simplicial
    - normal:     0.154   0.7671  -0.6228
    - offset: -0.05874563
    - vertices: p593(v121) p355(v100) p785(v69)
    - neighboring facets: f572 f573 f577
- f575
    - flags: top simplicial
    - normal:    0.2671   0.7151   -0.646
    - offset: -0.05972381
    - vertices: p593(v121) p39(v99) p411(v8)
    - neighboring facets: f469 f576 f573
- f576
    - flags: bottom simplicial
    - normal:    0.2772   0.7454  -0.6062
    - offset: -0.05846686
    - vertices: p593(v121) p680(v13) p411(v8)
    - neighboring facets: f410 f575 f577
- f577
    - flags: bottom simplicial
    - normal:     0.217   0.8646  -0.4531
    - offset: -0.05266765
    - vertices: p593(v121) p355(v100) p680(v13)
    - neighboring facets: f475 f576 f574
- f578
    - flags: bottom simplicial
    - normal:   -0.1863   0.8019   0.5677
    - offset: -0.0296253
    - vertices: p879(v122) p501(v103) p196(v17)
    - neighboring facets: f488 f580 f582
- f579
    - flags: bottom simplicial
    - normal:   -0.1799   0.5687   0.8026
    - offset: -0.01948744
    - vertices: p879(v122) p799(v56) p320(v5)
    - neighboring facets: f256 f581 f580
- f580
    - flags: top simplicial
    - normal:   -0.2027    0.568   0.7977
    - offset: -0.02059822
    - vertices: p879(v122) p799(v56) p196(v17)
    - neighboring facets: f257 f578 f579
- f581
    - flags: top simplicial
    - normal:  -0.01602   0.7971   0.6036
    - offset: -0.02101452
    - vertices: p879(v122) p683(v74) p320(v5)
    - neighboring facets: f345 f579 f582
- f582
    - flags: top simplicial
    - normal:  -0.01385   0.8092   0.5874
    - offset: -0.02145884
    - vertices: p879(v122) p501(v103) p683(v74)
    - neighboring facets: f489 f581 f578
- f583
    - flags: top simplicial
    - normal:    0.4743    0.052   0.8788
    - offset: -0.01936683
    - vertices: p951(v123) p849(v77) p553(v43)
    - neighboring facets: f355 f585 f584
- f584
    - flags: top simplicial
    - normal:     0.616  -0.1607   0.7712
    - offset: -0.0271252
    - vertices: p951(v123) p448(v106) p849(v77)
    - neighboring facets: f507 f583 f586
- f585
    - flags: top simplicial
    - normal:    0.7224  0.04101   0.6902
    - offset: -0.0332367
    - vertices: p951(v123) p553(v43) p96(v1)
    - neighboring facets: f365 f586 f583
- f586
    - flags: bottom simplicial
    - normal:    0.7233  0.02154   0.6901
    - offset: -0.0332694
    - vertices: p951(v123) p448(v106) p96(v1)
    - neighboring facets: f513 f585 f584
- f588
    - flags: bottom simplicial tested seen
    - normal:    0.9737  -0.1886   0.1276
    - offset: -0.06344346
    - center: 0.06605466666666666 -0.01660203333333333 -0.03141606666666667 
    - vertices: p890(v124) p662(v78) p414(v26)
    - neighboring facets: f528 f635 f589
    - ridges:
- f589
    - flags: bottom simplicial tested seen
    - normal:    0.9754  -0.1771   0.1313
    - offset: -0.06325713
    - center: 0.06605466666666666 -0.01309378333333333 -0.026593 
    - vertices: p890(v124) p809(v107) p662(v78)
    - neighboring facets: f514 f588 f638
    - ridges:
- f590
    - flags: bottom simplicial
    - normal:    0.2095   -0.918   0.3367
    - offset: -0.02606298
    - vertices: p193(v125) p241(v104) p665(v9)
    - neighboring facets: f492 f591 f592
- f591
    - flags: top simplicial
    - normal:    0.1558  -0.9671   0.2011
    - offset: -0.02762452
    - vertices: p193(v125) p970(v111) p665(v9)
    - neighboring facets: f595 f590 f592
- f592
    - flags: bottom simplicial
    - normal:    0.3721  -0.9101   0.1824
    - offset: -0.03678105
    - vertices: p193(v125) p970(v111) p241(v104)
    - neighboring facets: f530 f590 f591
- f593
    - flags: top simplicial
    - normal:   0.05237  -0.9529   0.2987
    - offset: -0.02646196
    - vertices: p146(v126) p833(v37) p665(v9)
    - neighboring facets: f288 f595 f596
- f594
    - flags: top simplicial
    - normal:    0.1254  -0.9873 -0.09706
    - offset: -0.03632654
    - vertices: p146(v126) p970(v111) p755(v84)
    - neighboring facets: f529 f598 f595
- f595
    - flags: bottom simplicial
    - normal:    0.1305  -0.9778   0.1641
    - offset: -0.02792576
    - vertices: p146(v126) p970(v111) p665(v9)
    - neighboring facets: f591 f593 f594
- f596
    - flags: top simplicial
    - normal:   -0.3593   -0.924   0.1311
    - offset: -0.04897736
    - vertices: p146(v126) p534(v66) p833(v37)
    - neighboring facets: f450 f593 f600
- f598
    - flags: bottom simplicial
    - normal:    0.1204  -0.9837  -0.1337
    - offset: -0.03750367
    - vertices: p146(v126) p684(v112) p755(v84)
    - neighboring facets: f538 f594 f618
- f599
    - flags: top simplicial
    - normal:   -0.3535  -0.9328 -0.07011
    - offset: -0.05507071
    - vertices: p146(v126) p228(v39) p462(v38)
    - neighboring facets: f172 f600 f617
- f600
    - flags: bottom simplicial
    - normal:   -0.3586  -0.9327  -0.0385
    - offset: -0.05435296
    - vertices: p146(v126) p534(v66) p462(v38)
    - neighboring facets: f299 f599 f596
- f601
    - flags: top simplicial
    - normal:   -0.3709   0.1436   0.9175
    - offset: -0.02400441
    - vertices: p735(v127) p481(v33) p238(v10)
    - neighboring facets: f134 f603 f602
- f602
    - flags: top simplicial
    - normal:   -0.3693    0.131     0.92
    - offset: -0.02384643
    - center: -0.0603748 0.003852880666666666 0.001133153333333332 
    - vertices: p735(v127) p855(v116) p481(v33)
    - neighboring facets: f550 f601 f624
- f603
    - flags: bottom simplicial
    - normal:   -0.3453   0.3604   0.8665
    - offset: -0.02428269
    - vertices: p735(v127) p243(v30) p238(v10)
    - neighboring facets: f120 f601 f604
- f604
    - flags: top simplicial
    - normal:   -0.1654   0.3238   0.9316
    - offset: -0.01623879
    - center: -0.03127949999999999 0.01254809 0.007515723333333334 
    - vertices: p735(v127) p243(v30) p320(v5)
    - neighboring facets: f256 f623 f603
- f606
    - flags: top simplicial tested
    - normal:  -0.06945  -0.5034   0.8613
    - offset: -0.01457653
    - center: -0.02035367333333333 -0.01503066333333333 0.006498613333333332 
    - vertices: p673(v128) p42(v62) p903(v34)
    - neighboring facets: f440 f607 f608
- f607
    - flags: bottom simplicial tested
    - normal:   -0.1158  -0.3852   0.9155
    - offset: -0.01437615
    - center: -0.03172050666666667 -0.01316813 0.006150176666666667 
    - vertices: p673(v128) p757(v89) p903(v34)
    - neighboring facets: f421 f606 f610
- f608
    - flags: top simplicial tested
    - normal:  -0.01617  -0.5267   0.8499
    - offset: -0.01433196
    - center: -0.003470616666666667 -0.01424756333333333 0.007967673333333335 
    - vertices: p673(v128) p200(v76) p42(v62)
    - neighboring facets: f443 f606 f609
- f609
    - flags: top simplicial tested seen
    - normal:   0.04346  -0.4615   0.8861
    - offset: -0.0137557
    - center: 0.00118705 -0.01170637333333333 0.009369110000000002 
    - vertices: p673(v128) p359(v117) p200(v76)
    - neighboring facets: f615 f608 f645
    - ridges:
- f610
    - flags: bottom simplicial tested
    - normal:   -0.1338 -0.09555   0.9864
    - offset: -0.01259974
    - center: -0.03208764 -0.005150586666666667 0.007920729999999999 
    - vertices: p673(v128) p855(v116) p757(v89)
    - neighboring facets: f550 f607 f620
- f614
    - flags: bottom simplicial tested seen
    - normal:    0.3014  -0.4653   0.8323
    - offset: -0.01503151
    - center: 0.009733096666666668 -0.00924283 0.00936911 
    - vertices: p661(v129) p200(v76) p615(v16)
    - neighboring facets: f498 f647 f615
    - ridges:
- f615
    - flags: bottom simplicial tested seen
    - normal:    0.1425  -0.4399   0.8867
    - offset: -0.0139685
    - center: 0.00642243 -0.01078828666666667 0.009369110000000002 
    - vertices: p661(v129) p359(v117) p200(v76)
    - neighboring facets: f609 f614 f646
    - ridges:
- f616
    - flags: top simplicial
    - normal:    0.1064  -0.9756  -0.1922
    - offset: -0.0403631
    - vertices: p248(v130) p684(v112) p228(v39)
    - neighboring facets: f537 f617 f618
- f617
    - flags: bottom simplicial
    - normal:   0.09527  -0.9854  -0.1414
    - offset: -0.03893851
    - vertices: p248(v130) p146(v126) p228(v39)
    - neighboring facets: f599 f616 f618
- f618
    - flags: top simplicial
    - normal:    0.1193  -0.9835  -0.1358
    - offset: -0.03760702
    - vertices: p248(v130) p146(v126) p684(v112)
    - neighboring facets: f598 f616 f617
- f620
    - flags: top simplicial tested seen
    - normal:   -0.1253 -0.06927   0.9897
    - offset: -0.01234061
    - center: -0.02202784 -0.0001232333333333336 0.009670603333333335 
    - vertices: p672(v131) p673(v128) p855(v116)
    - neighboring facets: f610 f624 f644
    - ridges:
- f623
    - flags: top simplicial tested
    - normal:   -0.1253   0.1434   0.9817
    - offset: -0.01326893
    - center: -0.0211026 0.01047714333333333 0.009291883333333334 
    - vertices: p672(v131) p735(v127) p320(v5)
    - neighboring facets: f604 f627 f624
- f624
    - flags: bottom simplicial tested
    - normal:   -0.1289    0.115    0.985
    - offset: -0.01321888
    - center: -0.0350738 0.005677586666666667 0.00816892 
    - vertices: p672(v131) p735(v127) p855(v116)
    - neighboring facets: f602 f620 f623
- f626
    - flags: bottom simplicial tested seen
    - normal:  -0.01348  0.06281   0.9979
    - offset: -0.01151312
    - center: -0.00351063 0.01105829666666667 0.01079356666666667 
    - vertices: p224(v132) p942(v101) p320(v5)
    - neighboring facets: f483 f627 f643
    - ridges:
- f627
    - flags: top simplicial tested seen
    - normal:  -0.02128  0.06728   0.9975
    - offset: -0.01162167
    - center: -0.009725599999999999 0.009631816666666666 0.01079356666666667 
    - vertices: p224(v132) p672(v131) p320(v5)
    - neighboring facets: f623 f626 f644
    - ridges:
- f628
    - flags: top simplicial tricoplanar keepcentrum
    - owner of normal & centrum is facet f628
    - normal:        -1        0        0
    - offset: -0.0899305
    - center: -0.0899305 -0.00435764 -0.02634801428571428 
    - vertices: p107(v119) p190(v91) p549(v61)
    - neighboring facets: f430 f630 f632
- f629
    - flags: bottom simplicial tricoplanar
    - owner of normal & centrum is facet f628
    - normal:        -1        0        0
    - offset: -0.0899305
    - center: -0.0899305 -0.00435764 -0.02634801428571428 
    - vertices: p107(v119) p100(v65) p14(v0)
    - neighboring facets: f293 f630 f631
- f630
    - flags: top simplicial tricoplanar
    - owner of normal & centrum is facet f628
    - normal:        -1        0        0
    - offset: -0.0899305
    - center: -0.0899305 -0.00435764 -0.02634801428571428 
    - vertices: p107(v119) p549(v61) p14(v0)
    - neighboring facets: f446 f629 f628
- f631
    - flags: bottom simplicial tricoplanar
    - owner of normal & centrum is facet f628
    - normal:        -1        0        0
    - offset: -0.0899305
    - center: -0.0899305 -0.00435764 -0.02634801428571428 
    - vertices: p107(v119) p737(v95) p100(v65)
    - neighboring facets: f452 f629 f567
- f632
    - flags: bottom simplicial tricoplanar
    - owner of normal & centrum is facet f628
    - normal:        -1        0        0
    - offset: -0.0899305
    - center: -0.0899305 -0.00435764 -0.02634801428571428 
    - vertices: p107(v119) p190(v91) p466(v18)
    - neighboring facets: f428 f566 f628
- f635
    - flags: top simplicial tricoplanar keepcentrum
    - owner of normal & centrum is facet f635
    - normal:         1        0        0
    - offset: -0.0665176
    - center: 0.0665176 -0.001380971428571429 -0.03124991428571429 
    - vertices: p890(v124) p604(v49) p414(v26)
    - neighboring facets: f251 f588 f636
- f636
    - flags: top simplicial tricoplanar
    - owner of normal & centrum is facet f635
    - normal:         1        0        0
    - offset: -0.0665176
    - center: 0.0665176 -0.001380971428571429 -0.03124991428571429 
    - vertices: p890(v124) p983(v113) p604(v49)
    - neighboring facets: f542 f635 f639
- f637
    - flags: bottom simplicial tricoplanar
    - owner of normal & centrum is facet f635
    - normal:         1        0        0
    - offset: -0.0665176
    - center: 0.0665176 -0.001380971428571429 -0.03124991428571429 
    - vertices: p890(v124) p937(v48) p96(v1)
    - neighboring facets: f364 f638 f639
- f638
    - flags: top simplicial tricoplanar
    - owner of normal & centrum is facet f635
    - normal:         1        0        0
    - offset: -0.0665176
    - center: 0.0665176 -0.001380971428571429 -0.03124991428571429 
    - vertices: p890(v124) p809(v107) p96(v1)
    - neighboring facets: f513 f637 f589
- f639
    - flags: bottom simplicial tricoplanar
    - owner of normal & centrum is facet f635
    - normal:         1        0        0
    - offset: -0.0665176
    - center: 0.0665176 -0.001380971428571429 -0.03124991428571429 
    - vertices: p890(v124) p983(v113) p937(v48)
    - neighboring facets: f541 f637 f636
- f642
    - flags: top simplicial tricoplanar keepcentrum
    - owner of normal & centrum is facet f642
    - normal:         0        0        1
    - offset: -0.0110293
    - center: 0.00163187625 -0.0004026525000000002 0.0110293 
    - vertices: p224(v132) p294(v72) p615(v16)
    - neighboring facets: f354 f647 f643
- f643
    - flags: top simplicial tricoplanar
    - owner of normal & centrum is facet f642
    - normal:         0        0        1
    - offset: -0.0110293
    - center: 0.00163187625 -0.0004026525000000002 0.0110293 
    - vertices: p224(v132) p942(v101) p294(v72)
    - neighboring facets: f483 f642 f626
- f644
    - flags: bottom simplicial tricoplanar
    - owner of normal & centrum is facet f642
    - normal:         0        0        1
    - offset: -0.0110293
    - center: 0.00163187625 -0.0004026525000000002 0.0110293 
    - vertices: p224(v132) p672(v131) p673(v128)
    - neighboring facets: f620 f645 f627
- f645
    - flags: bottom simplicial tricoplanar
    - owner of normal & centrum is facet f642
    - normal:         0        0        1
    - offset: -0.0110293
    - center: 0.00163187625 -0.0004026525000000002 0.0110293 
    - vertices: p224(v132) p673(v128) p359(v117)
    - neighboring facets: f609 f646 f644
- f646
    - flags: top simplicial tricoplanar
    - owner of normal & centrum is facet f642
    - normal:         0        0        1
    - offset: -0.0110293
    - center: 0.00163187625 -0.0004026525000000002 0.0110293 
    - vertices: p224(v132) p661(v129) p359(v117)
    - neighboring facets: f615 f645 f647
- f647
    - flags: bottom simplicial tricoplanar
    - owner of normal & centrum is facet f642
    - normal:         0        0        1
    - offset: -0.0110293
    - center: 0.00163187625 -0.0004026525000000002 0.0110293 
    - vertices: p224(v132) p661(v129) p615(v16)
    - neighboring facets: f614 f642 f646
