3
1000 232 348
-0.0114713 0.0218174 0.00371609 
-0.0348859 0.0488174 0.121952 
-0.00330775   0.08 0.0963441 
-0.0139389 0.07149999999999999 0.0686211 
0.000182715 0.0680461 0.132756 
-0.0170613 0.07275769999999999 0.0526042 
0.008977819999999999 0.0605707 0.00663736 
-0.0025 0.06398429999999999 0.0631951 
-0.0249245 0.0546031 0.111962 
-0.0239484 0.079607 0.0336463 
-0.011445 0.07149999999999999 0.0945312 
0.0180239 0.0439216 0.132067 
-0.00772072 0.0518727 0.0231408 
-0.00266706 0.07149999999999999 0.0761806 
-0.0327907 0.00172367 0.11037 
0.023749 0.06653580000000001 0.102866 
0.0229149 0.000591795 0.00448756 
0.00123797 0.0737 0.0586947 
0.0178417 0.0603818 0.0993714 
0.00242241 0.0796 0.08379499999999999 
-0.0101097 0.0618338 0.136962 
0.0186912 0.0649575 0.0999075 
0.0243263 0.0783001 0.0879827 
-0.0154109 0.0451206 0.109962 
0.0338654 0.0510243 0.122102 
-0.0390235 0.0765267 0.0514092 
0.0149468 0.0445072 0.0112146 
-0.00641306 -0.0292186 0.00703233 
-0.0314201 0.0277244 0.109962 
0.0259407  0.074 0.0944536 
-0.0008 0.0688537 0.0337966 
-0.0379146 0.0830357 0.100308 
 -0.04 0.0745508 0.07334060000000001 
-0.0268121  0.079 0.0458615 
0.0161975 0.0759937 0.09318890000000001 
-0.00751976 0.0555374 0.0240469 
0.00656362 0.0492964 0.109962 
-0.000917623 0.06475 0.073639 
0.00941116 0.0209636 0.00427152 
0.040344 0.06340519999999999 0.114022 
0.0201058 0.0117709 0.009304369999999999 
0.0295584 -0.0144438 0.114506 
0.0404423 0.00615993 0.117962 
-0.009862650000000001 0.0680313 0.106372 
0.0191959 0.035357 0.109962 
0.0335918 0.0437931 0.115676 
-0.0173306 0.0768242 0.0729873 
-0.0246113 0.0241147 0.114334 
-0.0317054 0.013606 0.116318 
0.0114335 0.07704220000000001 0.0714861 
-0.00101354 0.0760642 0.0462643 
0.0316732 0.08315649999999999 0.083429 
0.0253059 0.07149999999999999 0.0653434 
0.008303710000000001 0.0696537 0.00663736 
 -0.04 0.07823049999999999 0.098369 
0.0331635 0.0347165 0.108675 
-0.0251277 -0.0318216 0.109962 
-0.0344835 0.0128148 0.111425 
-0.0156233   0.08 0.0255114 
0.0140831 0.0221466 0.00824251 
0.0146535 0.0452653 0.0187635 
0.0172807 0.0734402 0.0445169 
0.024223 0.0223064 0.117281 
-0.0107601 0.0474662 0.0196374 
-0.0343799 0.08377279999999999 0.0890893 
-0.0361256 0.07149999999999999 0.0495053 
-0.010743 0.07149999999999999 0.0360754 
-0.00154599 0.0707208 0.0911936 
-0.00237424 0.0265584 0.00263736 
-0.0295692 0.0207031 0.115755 
-0.0219761 0.0611034 0.113826 
-0.0218601 0.0226205 0.00263736 
0.0101397 0.06922300000000001 0.0248939 
0.0054379 0.0454673 0.00954647 
0.039428 0.0718316 0.0536933 
-0.0219761 0.0593791 0.127949 
0.0305327 0.0658589 0.111226 
0.028472 0.0249466 0.117962 
-0.00388623 0.07046669999999999 0.08723939999999999 
-0.0420223 0.0286718 0.114991 
-0.0356826 0.0780221 0.0410465 
-0.021237 0.0663537 0.111096 
0.00509647 0.0485499 0.109962 
0.014621 0.0221727 0.00263736 
0.00753394 0.0695398 0.0241533 
-0.00758224 0.0378931 0.109962 
0.0247603 -0.0169326 0.00886807 
0.001911 0.0796 0.0827336 
-0.0229522 -0.0117744 0.0037385 
-0.0408155 0.0229449 0.11963 
-0.0287013 0.028898 0.116167 
0.0180239 0.0498587 0.125648 
0.0178062   0.08 0.027225 
-0.0134058 0.0543623 0.109962 
0.00210045 -0.0349446 0.109962 
-0.0008 0.07071429999999999 0.0460868 
-0.0307283 0.0473853 0.106265 
-0.0334839 0.0683682 0.122694 
-0.00272131 -0.0378138 0.117962 
-0.0179779 0.0560283 0.09943970000000001 
-0.0299428 0.0134302 0.110515 
-0.0219761 0.0596314 0.112372 
0.0166861 0.07514659999999999 0.0552973 
-0.0123149 0.07827190000000001 0.07582940000000001 
0.0169715 0.0721237 0.0465024 
0.0253114 0.0227226 0.109962 
0.0245689 0.0508165 0.108388 
-0.024169 0.0455585 0.106706 
-0.00576532 0.0323188 0.112795 
-0.00309832 0.0586331 0.00766078 
0.0212463 0.0645203 0.104963 
-0.0175331  0.074 0.0983672 
0.0397636 0.0789125 0.055344 
-0.00642526 0.07149999999999999 0.0318309 
-0.0194151 0.06446350000000001 0.111962 
-0.015737 -0.0376582 0.109962 
0.02026 0.0228608 0.00261657 
0.000514125 0.0679589 0.136962 
-0.00295689 0.0401835 0.115553 
-0.0112257 0.07824929999999999 0.0744619 
0.0318569 0.0247331 0.115548 
-0.0404207 0.061602 0.117957 
-0.0291734 0.0801028 0.0375536 
-0.00644922 -0.0253021 0.00263736 
-0.0382744 -0.0141582 0.117962 
0.0275002 0.0587825 0.111962 
-0.00390688 0.07068149999999999 0.102234 
0.0153832 0.07452 0.0702995 
-0.00271398 0.07149999999999999 0.0308615 
-0.0131384 -0.0318307 0.115738 
-0.00836658 0.060939 0.09203939999999999 
-0.0239344 0.0765776 0.0607413 
0.0416217 0.00436073 0.117962 
0.009781440000000001   0.08 0.0218239 
0.00714034 0.0610107 0.0240344 
0.0135729 0.0680461 0.121002 
0.0151987 0.0232594 0.009387360000000001 
0.00521867 0.0754992 0.0396129 
0.0360228 -0.0234628 0.115655 
0.0119259 0.0471792 0.0196374 
-0.022159 0.041038 0.111962 
-0.0156213 0.049996 0.136962 
-0.0352771 0.0533729 0.108027 
0.0191654 0.076697 0.0239342 
0.0355752 0.0825835 0.0661764 
0.0192878 0.0220656 0.00263736 
-0.0122862 0.0343605 0.009387360000000001 
0.0006661529999999999  0.079 0.0249887 
-0.0386112 -0.00121845 0.117962 
-0.0304151 -0.030369 0.116312 
0.0103428 0.0555321 0.093846 
-0.0214883 -0.0316859 0.117962 
0.0175522 0.07149999999999999 0.0886681 
-0.0327825 0.0824163 0.106587 
0.00930973 0.0535386 -0.00036264 
-0.0095 0.0515948 0.0205313 
0.0192391 0.07149999999999999 0.0420994 
-0.0286081 0.0162224 0.112699 
0.027648 -0.0113797 0.0044764 
-0.0324462 -0.0244548 0.109962 
0.0025 0.0696305 0.0255082 
-0.0363031 0.08366220000000001 0.0663512 
-0.0025 0.06378730000000001 0.0724332 
0.0275701 0.07149999999999999 0.0427843 
  0.04 0.0748133 0.106606 
0.0152503 0.0796 0.0614608 
0.00717337 0.0397322 0.113054 
0.000985487 0.07007529999999999 0.090715 
-0.0227245 0.076047 0.0892496 
-0.0226669 0.0205038 0.009387360000000001 
-0.0308308 0.07149999999999999 0.0463489 
0.0242564 0.0566473 0.109041 
0.00347998 0.0680461 0.119169 
-0.0183301 0.0680461 0.122526 
-0.0364767 0.0630574 0.122649 
-0.0365869 0.07149999999999999 0.08390350000000001 
0.0228499 0.07141119999999999 0.0990939 
-0.0259535 -0.00760553 0.00263736 
-0.00368653 0.0796 0.0326805 
-0.0199584 0.0666794 0.107222 
-0.0119603 0.0408134 0.111962 
0.0370734 0.00914013 0.117962 
-0.0047897 0.0639711 0.111962 
0.00357008 0.0410461 0.127762 
-0.0357294 0.00152749 0.110081 
-0.0378001 0.0166171 0.118856 
0.0067335 0.0580054 0.0123062 
0.000458775 0.0327594 0.116093 
0.0337474 0.0559011 0.122356 
0.0107053 0.0691913 0.0940247 
-0.0152363 -0.0290006 0.114439 
0.021384 0.0540235 0.101565 
0.0262249 0.0420802 0.111962 
0.0115409 0.07595689999999999 0.0391672 
0.0164286 0.0472591 0.109962 
0.0167047 0.0488018 0.0997103 
-0.0230719 0.0335731 0.111962 
-0.0170307 0.071603 0.0654892 
0.0206517 0.0532007 0.104513 
-0.00694191   0.08 0.0227278 
-0.0153008 0.0352916 0.117962 
0.0154347 0.0288965 0.11348 
0.0205437 0.0300418 0.00445632 
-0.0164878 0.07483389999999999 0.0635959 
-0.0331544 0.0543468 0.120551 
-0.01824  0.079 0.0329805 
0.0420756 0.0283698 0.11352 
0.000325873 0.0290521 0.00262292 
0.0297963 -0.00295814 0.00330451 
0.0310642 0.0803833 0.112681 
-0.0388898 0.0761037 0.0506089 
0.0135095 0.0299786 0.117797 
-0.02725 -0.0072231 0.00263736 
-0.0268756 -0.0261285 0.116319 
0.0289445 0.07149999999999999 0.0558403 
-0.0063201 0.0763244 0.0194367 
-0.00349337 0.06362089999999999 0.136962 
0.0227584 0.0489521 0.111962 
0.00299217 0.0553305 0.00235026 
 -0.04 0.08002049999999999 0.100481 
0.00109731 0.0564837 0.0307917 
-0.0134037 0.0609794 0.0999674 
0.014969 0.0687522 0.00276359 
-0.017103 0.0733502 0.103685 
0.00708881 -0.0392554 0.117962 
-0.000459141 -0.0227731 0.00889465 
-0.0219761 0.0460251 0.121517 
0.00159082 -0.0360342 0.115714 
-0.00249797 0.0311736 0.009387360000000001 
  0.04 0.081978 0.07887479999999999 
-0.0296584 0.0262837 0.109962 
0.0236847 0.0538111 0.102746 
-0.03389 0.0304326 0.118788 
-0.0314157 0.07149999999999999 0.0584243 
-0.0318597 0.0804069 0.0813924 
0.0146287 0.0580277 0.100748 
0.0336601 0.0811461 0.0455835 
  0.04 0.0732737 0.11681 
0.0320726 -0.00763765 0.111494 
-0.0149782 -0.0322756 0.110458 
-0.0144714 0.0410461 0.127436 
0.0132319 0.0772422 0.0356203 
0.0410991 0.0456402 0.11003 
0.00505796 -0.0255667 0.009387360000000001 
0.040739 0.054113 0.111578 
0.0302453 0.0376656 0.107591 
-0.00858021 0.07149999999999999 0.0342349 
-0.00339285 0.0618241 0.00663736 
-0.028001 0.079531 0.0585583 
-0.0364778 0.07149999999999999 0.0451001 
0.0214605 0.0796 0.0600784 
0.00543256 0.0639976 0.0223523 
-0.000724616 -0.0299117 0.00530038 
0.029776 0.00076896 0.008502600000000001 
-0.0248201 0.07149999999999999 0.07872170000000001 
-0.0126513 0.0680461 0.113798 
-0.00687416 -0.0335844 0.117962 
-0.00379304 0.0646553 0.008737119999999999 
-0.0140618 0.0621083 0.1096 
-0.0204601 0.0100014 0.00517175 
-0.0229059 0.0734906 0.0532414 
-0.00815281  0.074 0.096552 
-0.0169485 0.0410461 0.122233 
-0.0153959 0.0717076 0.0173396 
-0.0261918 0.0415409 0.105569 
-0.0297938 -0.00250279 0.00761356 
-0.0152979 0.0680461 0.1279 
-0.0183707 0.0262127 0.009387360000000001 
-0.0194369 0.0236055 0.00130177 
0.0297606 0.00361266 0.00542162 
-0.0274735  0.079 0.0426955 
-0.0204972 0.0796 0.057599 
-0.00420333 0.0737 0.0608277 
0.0306957 0.07149999999999999 0.0812047 
0.0278721 0.0471133 0.10495 
-0.0324223 -0.00475786 0.114138 
-0.0200361 0.0680461 0.125934 
0.0222501 0.0796 0.0510055 
-0.039795 0.0152026 0.118672 
-0.016817 0.0396736 0.00526052 
  0.04 0.0758037 0.100253 
0.00516403 0.07537919999999999 0.08328869999999999 
0.00481756   0.08 0.021196 
-0.0025 0.0650545 0.0305174 
0.0377954 -0.0134949 0.109962 
0.0288845 0.0158221 0.110797 
-0.0106763 0.0559058 0.0251777 
-0.0380843 0.0596207 0.122474 
-0.0333473 -0.0271202 0.110574 
0.0220502 0.0550865 0.111962 
-0.0220778 0.07149999999999999 0.0678501 
0.0284603 0.0731537 0.104333 
-0.0267113 0.0005177339999999999 0.00331853 
0.00468115 0.0680461 0.125381 
0.0349585 0.0692193 0.104836 
-0.0123708 0.0796 0.065501 
-0.00656177 0.0695624 0.0239784 
-0.0239934 -0.0249424 0.11419 
-0.00289313 0.0716659 0.0145155 
0.0041536 -0.0408824 0.117962 
-0.0110684 -0.0199486 0.00286546 
0.0386131 0.0392326 0.109178 
-0.0203526 0.0723784 0.051721 
0.0302239   0.08 0.0790886 
0.0297369  0.079 0.066176 
-0.00462251 0.0326005 0.112924 
0.0156921 0.0310708 0.009387360000000001 
-0.0166104 0.07056510000000001 0.0188464 
0.00739328 0.0674927 0.0134596 
-0.0119499 0.0743919 0.0543795 
-0.009038239999999999 0.0410461 0.122054 
-0.0014703 0.0616193 0.00663736 
0.0104752 0.0623405 0.0014555 
0.0112162 0.07149999999999999 0.06805360000000001 
0.000421799 0.0717107 0.0146737 
-0.0146097 0.0604799 0.10077 
0.0121688 0.0422338 0.0148651 
0.000104655 0.0410461 0.127489 
0.0399382 0.00774634 0.109962 
-0.0196003 0.0175959 0.00263736 
0.0354704 -0.00564305 0.117962 
0.0180239 0.0435144 0.127812 
-0.0187358 0.0547569 0.0999019 
0.0317973 0.07149999999999999 0.07171950000000001 
0.0158895 0.0680461 0.133904 
0.0286685 0.00138726 0.00263736 
-0.0137733 0.0796 0.0353848 
-0.00469336  0.079 0.0885736 
0.00614859 0.0574165 0.008944239999999999 
-0.000659009 0.0345766 0.114846 
-0.0370363 0.07149999999999999 0.0559686 
-0.0293307 -0.0150442 0.11766 
0.0238616 0.07090440000000001 0.107937 
-0.00554297 0.0796 0.0818714 
-0.0210993 0.0142719 0.00263736 
-0.0280678 0.0792315 0.0567905 
0.00532465 0.07149999999999999 0.0726135 
-0.0254366 0.0752752 0.0604174 
0.0407079 0.042739 0.109843 
-0.0157883 0.0751443 0.0933846 
0.0180239 0.0534333 0.136094 
  0.04 0.0764595 0.10367 
0.0205043 0.0293438 0.109978 
0.00973953 0.07149999999999999 0.09298439999999999 
-0.0188723 0.0721764 0.0517024 
0.0280029 -0.0106973 0.00736092 
0.0380923 0.07149999999999999 0.08058949999999999 
-0.0025 0.07081 0.0252423 
-0.0301937 0.07149999999999999 0.0876422 
0.0125096 0.0627735 0.0993237 
-0.0180818 0.07149999999999999 0.0828946 
0.0357328 0.07149999999999999 0.0625313 
0.034213 0.0276721 0.118894 
-0.0008 0.0696584 0.0746909 
0.0112399 0.06417580000000001 0.00119646 
-0.0210532 0.06507449999999999 0.104922 
0.00163601 0.0594902 0.00663736 
0.009719459999999999 0.0334488 -0.000362644 
0.0025 0.0546318 0.0240336 
-0.0164301 0.0292627 0.117962 
0.0409088 0.0501168 0.114659 
0.0374724 0.0751734 0.0454441 
-0.0242606 -0.0222731 0.111727 
0.0372024 0.0756868 0.0447421 
0.0233596 0.0230713 0.11576 
0.0140071 0.0469359 0.00700583 
0.0201238 0.0311268 0.00524613 
-0.0025 0.06569949999999999 0.0521747 
-0.00689276 0.07149999999999999 0.0127733 
0.0228262 0.07149999999999999 0.0912259 
0.00382927 0.0661108 0.111962 
-0.0367111 0.0476751 0.108475 
-0.00409997 0.065191 0.015012 
-0.0429769 0.0013013 0.109962 
-0.00372313 0.0668885 0.0870628 
0.0118288 0.0680461 0.133495 
0.0133391 0.0347424 0.114648 
-0.0219761 0.0412674 0.128661 
-0.0142893 0.0684152 0.00243649 
-0.0299429 0.0134299 0.112214 
0.00531297 0.0406485 -0.000362644 
0.0179538  0.079 0.030623 
-0.00523887 0.0796 0.0360319 
0.0307173 0.0598361 0.106268 
0.00371534 0.0764866 0.0192025 
0.0392429 0.07149999999999999 0.0955921 
-0.000760241 0.0665689 0.111054 
0.00630849 0.0410461 0.119256 
 -0.04 0.0772888 0.0693947 
-0.0402663 0.0652335 0.115242 
0.0294195 0.00513379 0.00590199 
-0.0234247 0.0067575 0.00263736 
-0.0161075 0.069358 0.00667269 
  0.04 0.0784638 0.085151 
-0.00482608 0.0580916 0.08882180000000001 
0.0275716  0.074 0.0867826 
-0.0332342 0.0250726 0.109962 
0.00521074 0.0338662 0.109962 
-0.0290808 -0.00643929 0.00441624 
0.0102196 0.061727 0.00484345 
-0.0110385 0.0707381 0.09909370000000001 
0.0135912 0.0480108 0.00966882 
0.0162301 0.07149999999999999 0.0374157 
-0.0252014 0.0469734 0.103628 
0.00693537 0.0680461 0.136364 
0.0249561 0.07149999999999999 0.0595375 
-0.0350329 0.0133135 0.109962 
0.0217649 0.0721671 0.106274 
-0.0161721 0.0616718 0.109658 
0.023137 0.07660640000000001 0.0889233 
0.0160811 -0.0378101 0.109962 
0.030223  0.079 0.0532759 
0.0165071 0.07894180000000001 0.0752916 
-0.0322051 0.07149999999999999 0.0529335 
-0.0261813 0.06963709999999999 0.104158 
0.0405135 0.0594187 0.11234 
0.0320778 0.0199539 0.109962 
0.0363019 0.0775807 0.0423895 
-0.0161224 0.06939380000000001 0.0160384 
0.0325349 -0.00383075 0.110646 
-0.00918415 0.0752694 0.09571490000000001 
-0.0375762 0.0792042 0.0456576 
0.0125213 0.0602121 0.00741654 
-0.0217587 0.0410461 0.128207 
-0.0129989 0.07149999999999999 0.0357349 
0.0211968 0.0796 0.0530989 
-0.0277341 -0.0328465 0.11625 
0.0141762 0.0794614 0.0941555 
0.0237468 0.0718539 0.0269153 
 -0.04 0.0753631 0.109045 
0.0136429 0.0680461 0.136028 
0.0232399 0.015868 0.00263736 
0.0137194 0.078026 0.0359115 
0.0307835 0.071382 0.0431044 
0.00113105 0.0410461 0.12696 
-0.0264133 0.0692276 0.109459 
-0.00774768 0.0688168 0.10972 
0.0334164 0.07149999999999999 0.0816287 
0.00372535 0.07149999999999999 0.0639358 
-0.0147303 0.0796 0.06889729999999999 
0.0207264 0.07149999999999999 0.0772207 
-0.0254684 0.00603193 0.00263736 
0.00301024 0.0541104 0.136962 
0.0127378 0.0396817 0.0117127 
-0.036648 0.06421789999999999 0.108555 
-0.0124341 0.0567009 0.0233773 
-0.0300672 0.0768456 0.0327239 
-0.0400012 0.0725054 0.106881 
-0.0435155 0.000861505 0.11511 
-0.0247296 0.0796 0.0498762 
0.00330241 0.0753325 0.0188217 
-0.0137964 -0.0262468 0.00263736 
-0.0229242 0.07149999999999999 0.0798402 
-0.031 0.0786449 0.115333 
0.00270148 0.0675606 0.08399909999999999 
0.0180239 0.0664066 0.124635 
-0.0161064 0.0720156 0.0474081 
0.0113888 0.0335596 0.009387360000000001 
-0.0268855 -0.0260914 0.11499 
-0.0377004 -0.0019646 0.117962 
-0.0377871 0.0427083 0.121528 
0.0260413 0.00290278 0.00263736 
-0.0363005 0.07149999999999999 0.0599011 
-0.0305401 -0.0302446 0.114686 
0.0168571 0.0751276 0.0583649 
-0.0339374 0.08353190000000001 0.0940032 
-0.0181714 0.0597001 0.109948 
0.00430649 0.06721149999999999 0.0211304 
-0.0175149 0.0754311 0.0579367 
0.0174188 0.07460410000000001 0.0926048 
0.0063114 0.0479423 0.008429580000000001 
  0.04 0.081403 0.0944518 
0.0334812 0.0839226 0.0848879 
-0.0232485 0.0796 0.0448948 
0.0231502 0.07149999999999999 0.0484714 
-0.0384589 0.0737232 0.121227 
0.0140859 0.0680461 0.126157 
0.00531561 0.0221662 0.008145049999999999 
0.0173928 0.07149999999999999 0.087619 
0.038547 -0.00529108 0.109962 
-0.0237882  0.079 0.0366633 
-0.025355 -0.0270288 0.112311 
-0.0348093 0.07149999999999999 0.0720654 
-0.00308619 0.0586784 0.0177811 
0.0224728 0.06986970000000001 0.109016 
-0.0207043 0.0664546 0.105616 
0.0192299 0.0663561 0.107807 
0.0136987 -0.0348388 0.11627 
-0.0323581 0.07149999999999999 0.07744669999999999 
0.0371291 0.00708202 0.117962 
-0.008634920000000001 0.06560249999999999 0.09636119999999999 
0.00317861 0.079487 0.07248259999999999 
0.029166 0.0314726 0.113206 
0.0148305 0.0448079 0.00397538 
0.00909541 0.0429175 -0.000362644 
-0.0132932 -0.0317892 0.115515 
-0.00243561 0.0728734 0.01698 
-0.00855533 0.0668236 0.0962963 
0.0180239 0.0551617 0.120059 
-0.0152079 0.0438325 0.0150597 
0.0181146 0.07149999999999999 0.0900753 
-0.0250366 0.0184295 0.0062819 
0.0310844 0.0688337 0.109747 
-0.0152609 -0.0328279 0.116268 
0.027476 0.0243769 0.117962 
-0.0214912 0.07149999999999999 0.0836397 
0.0148167 -0.0313725 0.109962 
-0.00863264 0.0426504 -0.000362644 
-0.0277448 0.07149999999999999 0.0459656 
-0.0400801 0.00798099 0.118007 
0.0121443 0.06634619999999999 0.00188925 
-0.0122183 0.0331041 0.115545 
-0.0295864 0.07149999999999999 0.07259400000000001 
-0.0289855  0.074 0.0901346 
0.0184206 0.0355289 0.00731186 
0.0361619 0.082486 0.055966 
-0.0377926 0.0229244 0.109962 
0.0147828 0.07149999999999999 0.09662 
0.0239213 -0.0225737 0.111171 
0.0377604 0.07149999999999999 0.0468454 
0.0365695 0.0321343 0.120623 
0.00652023 0.0644996 0.111465 
0.0217429 0.0225848 0.009387360000000001 
-0.0227033 0.0244602 0.009096399999999999 
-0.0382865 0.07168140000000001 0.0476803 
-0.0219761 0.06742869999999999 0.114474 
-0.0286286   0.08 0.0815186 
0.0399849 -0.0154403 0.116204 
-0.0219761 0.0565216 0.131422 
0.0387305 0.07149999999999999 0.07759770000000001 
0.0209793 0.0134898 0.00628279 
-0.0008 0.069234 0.07026300000000001 
-0.0008 0.0639989 0.0353254 
0.0141683 0.0388166 -0.000362644 
-0.0382705 0.07149999999999999 0.09714109999999999 
-0.00145367 0.06575 0.0510957 
0.0195803 0.0292603 0.112748 
0.0131098 0.0711333 0.0104374 
-0.0386424 0.0701662 0.103349 
0.034579 -0.0146429 0.117149 
0.00384113 0.06477579999999999 0.0104755 
0.0254011 0.0796 0.0621693 
-0.0196029 0.06587270000000001 0.108107 
0.00731579 0.07149999999999999 0.032185 
0.0266002 0.0132806 0.00263736 
-0.0211553 -0.0210367 0.00288371 
-0.0225058 0.07149999999999999 0.0837184 
-0.00464883 0.0450382 0.109962 
-0.0137239 0.0614347 0.0222839 
-0.0325989 -0.00330294 0.11498 
-0.0142132 -0.0403584 0.114499 
0.0134935 0.0482371 0.0196374 
-0.0259642 -0.0146175 0.00314078 
0.0207671 0.07558769999999999 0.09079760000000001 
0.00592877 0.06689539999999999 0.08998440000000001 
0.008465490000000001 -0.0286419 0.00756284 
0.0413619 0.039457 0.110039 
0.0370414 0.0276654 0.120171 
0.0180239 0.0412909 0.134121 
-0.008554259999999999 -0.0244661 0.009387360000000001 
-0.0178411 -0.0390554 0.111148 
0.0145921   0.08 0.0255848 
-0.0154899 0.0678758 0.0094473 
0.0180239 0.0442982 0.132678 
-0.0407729 -0.0114265 0.117962 
-0.0245474 0.0796 0.0699203 
-0.00266515 0.06831470000000001 0.109997 
-0.00756104 -0.0422158 0.110686 
-0.008209899999999999 0.0646582 0.00896802 
-0.00890197 0.0340018 -0.000362644 
-0.00218074 0.07149999999999999 0.0437213 
-0.0150445 0.0675727 0.0268415 
-0.0138949 0.0724489 0.0186971 
0.0113693 0.0538346 0.109962 
0.0187877 0.0636321 0.028312 
0.0198678 0.0306973 0.115017 
0.0135764 0.0210659 0.00520594 
-0.00117135 0.0680461 0.114579 
0.00735568 0.0796 0.0446107 
0.0352414 0.07149999999999999 0.0680684 
-0.0344379 0.000141325 0.116111 
-0.0307937 0.0493831 0.106294 
0.0349051 0.0418237 0.121459 
-0.00367761 0.0796 0.0724984 
0.00131738 0.0672111 0.111962 
-0.027396 0.0343594 0.108888 
0.0423723 -0.00721099 0.116055 
0.0354108 0.0170297 0.117962 
-0.031 0.07633089999999999 0.116937 
-0.00178994 -0.0228881 0.009010850000000001 
-0.0217743 0.0140171 0.0041537 
0.00793984 -0.0214761 0.008965300000000001 
0.00684562 0.0619579 0.0908104 
-0.0352975 0.0449041 0.12168 
0.0166175 0.07149999999999999 0.0135826 
-0.0106052 0.07149999999999999 0.0467845 
-0.008010730000000001 0.0352615 0.112027 
-0.0135949 0.0344152 -0.000362644 
8.70011e-05 0.0680461 0.123419 
0.0288131  0.074 0.0881338 
-0.0169629 0.0202826 0.00263736 
-0.0120566 0.0524448 0.00091354 
0.0310098 0.07149999999999999 0.09763289999999999 
-0.0198611 0.011313 0.00645194 
-0.026407 0.0524567 0.104172 
0.0125669 0.0673605 0.00584728 
-0.0165439 0.0410461 0.12362 
-0.0299157 0.07149999999999999 0.0957774 
0.012517 0.0601675 0.009956039999999999 
0.0198414 0.07149999999999999 0.0489793 
-0.011426 0.0542752 0.0106374 
0.0161347 0.0370771 0.115399 
-0.0164223 0.0680461 0.135037 
-0.017058 0.0738871 0.07446410000000001 
-0.030689 0.0130324 0.109962 
0.0430588 0.00819014  0.118 
-0.0265137 0.0227619 0.117962 
-0.0435516 0.00591178 0.117624 
-0.0130772 0.07475710000000001 0.0374987 
-0.0317832 0.08016379999999999 0.102864 
0.0025 0.06998550000000001 0.0535116 
0.0138742 0.0710911 0.00697383 
0.000259271 -0.0267805 0.00447825 
-0.00206474 0.0585619 0.0908592 
0.00316449 0.0453047 0.109962 
0.0243466 0.0796 0.0712781 
0.0392235 0.0820761 0.109124 
0.008563879999999999 0.0578122 0.109962 
0.0124016 0.0410461 0.120864 
-0.0411429 -0.0121689 0.115085 
0.0194103 0.0354751 0.117166 
0.000874695 -0.0327594 0.111438 
0.00429307 0.0785091 0.0468774 
-0.009648250000000001 0.0395952 0.010378 
0.00708795 0.07814409999999999 0.0699327 
-0.0109596 0.07959960000000001 0.0451845 
-0.0427368 0.000333438 0.109962 
0.0115262 -0.0216126 0.00915084 
0.0286487 -0.0161635 0.113906 
0.0238418 0.0714322 0.0368976 
0.009651760000000001 0.0603642 0.00476742 
-0.0117661 0.0713435 0.107401 
0.0154651 0.0431677 0.0122409 
0.0150852 0.0683631 0.0268002 
0.008040220000000001 0.0624288 0.109592 
-0.019726 -0.0354288 0.117962 
0.0317087 0.054037 0.111962 
-0.00978177 0.0796 0.0801403 
 -0.04 0.08130510000000001 0.079599 
-0.0336167 0.08398460000000001 0.0808981 
-0.00134537 -0.0254827 0.00782893 
-0.0022544 0.0686486 0.057125 
0.0113095 0.0275866 0.00205539 
0.0371726 0.0518797 0.108632 
-0.0219761 0.0673836 0.12915 
0.0117217 0.0420051 0.136962 
0.00711887 0.0796 0.07531880000000001 
-0.0146299 0.0667827 0.110958 
0.0232695 0.044768 0.106043 
-0.0157509 0.0634122 0.111681 
-0.0158397 0.074577 0.075959 
0.0381008 0.0659777 0.107952 
-0.0438847 0.00726488 0.11644 
0.00296531 0.0284599 0.00263736 
0.0239093 0.0624216 0.107252 
0.0380656 0.07149999999999999 0.08167389999999999 
-0.0172897 0.07149999999999999 0.06629939999999999 
-0.0343357 -0.00712555 0.110683 
0.00701531 0.07229969999999999 0.0165364 
-0.0285088 0.0371203 0.107861 
0.0117152 0.0409399 0.012901 
0.0025 0.0595967 0.0302914 
0.0133631 -0.0394353 0.117962 
0.011849 -0.0319121 0.117962 
-0.0221312 -0.0060427 0.00363234 
-0.0148789 0.0796 0.0383384 
-0.0297616 0.00342504 0.00934398 
  0.04 0.082388 0.0818444 
0.0242114 0.0535469 0.106764 
0.008568330000000001 0.0796 0.0802197 
0.0161147  0.079 0.0845977 
0.002527 0.0736059 0.0813736 
-0.00288184 0.0737 0.0482052 
0.0091331 0.0405 0.0128158 
-0.0025 0.0714181 0.0277591 
0.0294721  0.074 0.0904404 
0.00112836 0.0436245 -0.000362644 
0.00454248 0.06804010000000001 0.0927514 
0.0223937 -0.0114831 0.00312336 
-0.0302342  0.074 0.0855969 
-0.0188618 0.06439010000000001 0.111962 
0.0122767 0.0328863 0.110044 
0.00937808 0.0667475 0.09695579999999999 
-0.0266023 0.0244167 0.114485 
-0.0355897 0.07149999999999999 0.0606839 
0.000214529 0.0410461 0.120771 
0.0297056 0.00400353 0.00807886 
0.00135059 0.0432972 0.0126116 
0.0378241 0.07149999999999999 0.09721 
0.0121802  0.074 0.09715409999999999 
0.0165633 0.0680461 0.125452 
0.0131324 0.0463545 0.0196374 
  0.04 0.079624 0.113468 
-0.00400508 0.0666489 0.111022 
0.0263264 0.050574 0.104195 
-0.0129545 0.07149999999999999 0.0546719 
-0.0105706 0.07149999999999999 0.0763094 
-0.0200583 -0.0222823 0.008936299999999999 
0.0180239 0.06766949999999999 0.124786 
0.0256728 0.0555342 0.111962 
0.0319272 0.0834192 0.0806548 
-0.0178452 0.07149999999999999 0.091554 
-0.0112303 0.0757601 0.0461949 
0.00805636 0.0746573 0.0692208 
-0.0285231  0.079 0.0721917 
-0.0118705 0.0384897 0.114693 
-0.0390836 0.07149999999999999 0.0549744 
-0.0398025 -0.00427961 0.109962 
0.00572487 0.0650307 0.11136 
0.000491799 0.06363630000000001 0.00742082 
0.00162542 0.0359809 -0.000362644 
0.0025 0.0671403 0.0680004 
-0.0177981 0.0371378 0.006638 
-0.00325023 0.0553305 0.00291183 
-0.00440682 0.0478257 0.109962 
0.0096212 0.0638806 0.09714250000000001 
0.0353096 0.0759049 0.0402857 
-0.0108711 0.0680461 0.128572 
0.0130148 0.0586144 0.0996954 
0.0204511 0.0704441 0.10099 
-0.028173 0.0100579 0.00347416 
-0.0143328 0.0650988 0.0132239 
0.0171894 0.0410461 0.113741 
0.0316892 0.06714589999999999 0.118203 
-0.0182069 -0.0341334 0.109962 
0.00701228 -0.0255922 0.009387360000000001 
-0.0202813 -0.0306577 0.111645 
0.0112832 0.0309588 0.116237 
-0.00949999 0.0503496 0.0177134 
-0.0329716  0.079 0.0537979 
0.0375504 -0.0206929 0.112812 
-0.033595 0.0454035 0.120254 
0.0181325 0.0713432 0.09955170000000001 
-0.0402573 0.0504549 0.121991 
0.0191365 -0.018833 0.00263736 
-0.0405581 0.0188179 0.119136 
0.0241333 -0.0178163 0.00738039 
0.0121544 0.07141690000000001 0.0282151 
-0.0101808 -0.0279889 0.00332885 
0.00751159 0.06481729999999999 0.136962 
0.0158015 0.0722749 0.0189979 
-0.011962 0.0796 0.0488037 
-0.0354291 0.0815602 0.0446639 
-0.0341995 0.009934399999999999 0.117962 
-0.0109647 0.06351519999999999 0.00411686 
-0.0233885 0.0772857 0.08872439999999999 
 -0.04 0.07714790000000001 0.0614179 
-0.0269107 -0.009016329999999999 0.009387360000000001 
-0.0349008 0.07149999999999999 0.0796335 
0.0213218 0.0501032 0.111962 
0.00642709  0.079 0.0269834 
-0.0219761 0.0515033 0.13657 
0.00130119 -0.0298415 0.00507622 
0.0109079 0.0378552 -0.000362644 
-0.0219761 0.0531251 0.130491 
0.0264131   0.08 0.0844516 
-0.0183381 0.0325584 0.009387360000000001 
-0.0168458 0.039599 0.0117805 
0.00964922 0.06633699999999999 0.0971717 
0.0366134 0.00143564 0.116404 
0.0025 0.0642385 0.07628749999999999 
0.00491386 0.0385311 0.109962 
0.0228144 0.0507976 0.102301 
0.00304777 0.045231 0.136962 
-0.0159999 0.0605908 0.0252197 
-0.0332812 0.0324863 0.109408 
0.039834 0.0559552 0.109552 
-0.0370045 0.013823 0.117962 
-0.00927102  0.079 0.0276203 
0.0288458 -0.0308966 0.109962 
0.0180239 0.0460798 0.121728 
0.0378344 0.0832101 0.0985413 
-0.00517802 0.0410461 0.115865 
0.0296413 -0.0146037 0.110272 
0.0210643 0.0730379 0.104646 
0.035387 0.0421923 0.107998 
-0.00131742 0.066276 0.00663736 
-0.00958963 0.0503783 0.0183178 
0.00233118 0.0705694 0.108345 
0.0230192 0.07149999999999999 0.0944392 
0.00665438 0.0621341 0.0946288 
0.042962 -0.00282913 0.11082 
0.0115876 0.0308837 0.11096 
-0.00431041 0.0341217 0.109962 
0.00514463 0.0483156 0.136962 
 -0.04 0.074268 0.106159 
0.0287713 0.0304315 0.109886 
0.0270119 -0.0185349 0.110664 
-0.0297986 -0.00338243 0.00765974 
-0.000778465 0.0430028 0.0122886 
-0.0114232 0.0489018 0.109962 
0.0143758 0.06520189999999999 0.009924830000000001 
0.00621226 0.0397545 0.109962 
0.013775 0.0656211 0.100236 
0.00647069 0.0298694 0.009387360000000001 
-0.00958959 0.07149999999999999 0.0109554 
-0.0334632 0.07957930000000001 0.0372435 
-0.0372638 0.015838 0.117517 
-0.0334862 0.07149999999999999 0.091058 
-0.0372294 0.0620434 0.10874 
0.0031464 0.06945510000000001 0.09158090000000001 
0.0157518 0.0500805 0.09837949999999999 
0.0287719 0.0444991 0.105401 
0.0310665 0.071384 0.0370271 
-0.0292646 0.0152183 0.114597 
-0.0390275 0.07149999999999999 0.0915672 
0.0192571 0.033367 0.00305384 
0.0318666 0.0659513 0.111783 
-0.0219761 0.0477207 0.114947 
0.00860036 0.046238 0.109962 
0.00731962 0.0410461 0.115409 
0.0213188 0.0708934 0.0327128 
-0.0362412 -0.0231095 0.11531 
0.0054185 0.07149999999999999 0.0873961 
-0.00242874 0.0532928 -0.000362644 
0.023956 0.0742662 0.0882756 
-0.0201464 0.0669925 0.0302376 
0.00804089 0.0608125 0.0242979 
0.0025 0.0703109 0.0481269 
-0.0312309 -0.0100336 0.113843 
-0.0316538 0.0429131 0.111962 
-0.0037664 0.071307 0.0936616 
0.00497883 0.0486487 0.0135982 
0.0234175 0.0168266 0.009387360000000001 
0.0271526 -0.0123325 0.00928562 
-0.0415287 0.0355311 0.118985 
0.0210478 0.070968 0.107859 
-0.0353567 0.06995319999999999 0.103734 
0.0207814 0.07590909999999999 0.0907862 
-0.0179475 0.0737739 0.0220645 
 -0.04 0.0802583 0.0835156 
0.0012507   0.08 0.023178 
-0.00701793 0.0796 0.045775 
-0.0304232 -0.0193862 0.109962 
0.0336168 0.0226541 0.113032 
0.00157401 0.06389160000000001 0.136962 
0.038134 0.07149999999999999 0.09445050000000001 
0.0157835 -0.0218585 0.00263736 
 -0.04 0.078706 0.115546 
-0.0112529 0.0756685 0.08221050000000001 
0.00625263 0.045384 0.00280833 
-0.0141357 0.0585572 0.0234368 
0.0110812 -0.0276462 0.00328173 
-0.020027 0.0313771 0.00533628 
-0.00685901 -0.0422886 0.112741 
0.0107607 -0.0248719 0.009387360000000001 
0.00686068 0.06528050000000001 0.0948039 
-0.0132499 0.0727971 0.07020609999999999 
0.00448874 0.0796 0.0441766 
0.013518 0.077208 0.0418499 
0.0219 0.0489653 0.109962 
-0.00343961 0.0473344 0.008353889999999999 
0.0174409 0.0363007 0.00984639 
-0.0406287 0.0567065 0.120483 
0.00324457 -0.0227659 0.007893860000000001 
0.0120187 0.0231965 0.00324698 
0.0122559 0.0410461 0.122048 
-0.0317294 0.0740991 0.104024 
0.0297789 -0.0150086 0.109982 
0.0335791 0.0442828 0.117243 
-0.0161522 0.0593539 0.136962 
-0.00330564 0.0736541 0.0178225 
-0.0138323 0.076891 0.0821252 
-0.009602670000000001 0.07149999999999999 0.0335141 
-0.0213175 0.06625979999999999 0.111115 
0.0179688 -0.023779 0.00288956 
-0.024229 0.0679971 0.110292 
-0.0114199 -0.0331782 0.109962 
-0.0283747  0.079 0.0492337 
-0.0243875 0.0201072 0.00447487 
-0.0130817 0.0774205 0.0478986 
0.0399971 0.0193242 0.109962 
0.0278818 0.07149999999999999 0.091458 
-0.00104662 0.0638753 0.136962 
-0.0406551 0.0334985 0.109827 
-0.0103092 0.07149999999999999 0.09301429999999999 
3.10962e-05 0.0393584 0.117962 
0.013463 0.0630112 0.0124281 
0.0375171 0.076034 0.119804 
-0.0391674 0.07535650000000001 0.0522463 
-0.0272931 0.0660589 0.104649 
0.0379156 0.0837304 0.0679908 
-0.00634888 0.0725341 0.0488733 
  0.04 0.0777991 0.060214 
-0.0377454 0.0797195 0.11595 
-0.035061 0.07149999999999999 0.067783 
0.0025 0.06713189999999999 0.043904 
-0.0313145 0.07149999999999999 0.0894389 
-0.0350225 0.07149999999999999 0.045168 
0.0174777 0.037966 0.008825049999999999 
0.0296727 0.0410841 0.111962 
-0.0296639  0.074 0.0853883 
0.0312254   0.08 0.041485 
-0.0251723 0.0157451 0.009387360000000001 
-0.00181925 0.0597061 0.0377404 
0.012739 0.0743333 0.0600939 
0.0180239 0.0636201 0.126952 
0.00793228 -0.023865 0.009387360000000001 
-0.00734012 0.07149999999999999 0.047106 
0.011329 0.0747216 0.0649916 
-0.0008 0.0695147 0.0483067 
0.00715222 -0.0343428 0.11625 
6.3105e-05 0.0410461 0.116565 
-0.0236472 0.00229648 0.00263736 
0.0125698 0.0608676 0.0128804 
0.0406793 0.0555175 0.113716 
-0.0395945 0.009487199999999999 0.118052 
-0.009096979999999999 -0.0409871 0.117962 
-0.0126448 0.0505936 0.0977759 
0.0158084 0.021679 0.009387360000000001 
0.0318611 0.07956489999999999 0.0929146 
0.0103933 -0.0417014 0.110103 
-0.0127942 0.0752251 0.0948165 
-0.0339394 -0.0123587 0.111109 
0.008274480000000001 0.0680461 0.11963 
0.00197091 0.0680461 0.124923 
-0.0165407 0.0703976 0.0129547 
-0.00771476 0.058401 0.09151869999999999 
-0.0076858 0.0647909 0.018699 
-0.00263954 -0.0401085 0.109962 
-0.0219761 0.0419823 0.135459 
0.0355868 0.029327 0.109962 
0.007946089999999999 0.0559056 0.09180190000000001 
0.0158478 0.07202119999999999 0.07048310000000001 
0.0113009 0.0438485 0.0165142 
0.0251829 0.0796 0.0488448 
0.0049308 0.0663011 0.111107 
-0.00614307 0.0684843 0.0901465 
0.0149064 0.0410461 0.124038 
0.0167648 0.0786501 0.0750339 
-0.00135481 0.0688368 0.105434 
0.0127695 0.0740937 0.0703348 
0.00452072 0.0586473 0.08839180000000001 
-0.00186106 0.0549383 0.136962 
0.0213574 0.0489647 0.111962 
0.012211 0.0232892 0.00291598 
-0.0169388 0.07149999999999999 0.0418684 
0.009948179999999999 0.07149999999999999 0.0129801 
-0.00517503 0.07149999999999999 0.0323576 
-0.0149109 0.0230361 0.00263736 
0.0179926 0.07149999999999999 0.0979216 
0.0143006 0.0749499 0.0940961 
-0.0154417 0.0639932 0.111566 
0.00753252 0.048163 0.0195279 
-0.0219761 0.0518831 0.13077 
-0.001838 0.0622334 0.0735174 
-0.008779179999999999   0.08 0.0242795 
0.000663705 -0.0345778 0.111321 
-0.00554121   0.08 0.0958627 
-0.026557 0.012335 0.009387360000000001 
-0.0150019 -0.03422 0.110784 
0.0232125 0.0269397 0.117962 
-0.0362898 0.0380783 0.121171 
0.0144517 0.06879010000000001 0.105498 
0.0109929 0.07474119999999999 0.0453087 
-0.00355966  0.079 0.0263695 
0.0336101 0.046775 0.121805 
-0.0186111 0.0350367 0.00517185 
0.00545326 -0.0359382 0.117962 
0.0202823 0.0445266 0.104372 
-0.0285561 0.0764555 0.0838228 
0.0202938 0.0103655 0.00542384 
-0.0126712 0.0777472 0.0608251 
-0.0390513 0.0839201 0.0846314 
0.0248882 0.0269037 0.113923 
0.022497 0.0249949 0.00391056 
-0.0249244 0.0215591 0.112094 
0.032461 -0.008935429999999999 0.109962 
0.0317726 0.0796722 0.10312 
-0.0025 0.0577218 0.0252281 
-0.00366579 0.06803679999999999 0.106377 
-0.00873199 0.07149999999999999 0.0117293 
0.0117141 0.05629 0.009355179999999999 
-0.0403932 0.0488965 0.109735 
0.0369645 0.00621514 0.109962 
0.00602328 0.07143869999999999 0.00989395 
0.0385943 0.0807594 0.0486725 
-0.0196659 0.0796 0.0484443 
0.0069894 -0.0291484 0.00435136 
-0.0330459 0.0555884 0.117542 
-0.0272181 -0.008461059999999999 0.00263736 
-0.0174605 0.0378132 0.109962 
0.0133771 0.07149999999999999 0.06462030000000001 
-0.0177526 0.0277998 0.110288 
-0.0360452 0.08114540000000001 0.0627875 
0.0197827 0.07149999999999999 0.0740693 
0.0280205 -0.00374955 0.00263736 
-0.0335911 0.0455216 0.119328 
-0.0189312 0.0796 0.0550521 
0.000768575 0.0581727 0.00663736 
3 617 448 662 
3 448 617 564 
3 448 629 398 
3 629 448 564 
3 822 629 564 
3 448 373 662 
3 373 448 398 
3 617 761 564 
3 325 996 208 
3 996 875 208 
3 875 852 921 
3 756 648 662 
3 848 894 475 
3 730 597 378 
3 748 852 451 
3 567 921 762 
3 569 451 357 
3 569 597 451 
3 31 153 894 
3 848 31 894 
3 798 373 398 
3 702 471 615 
3 237 702 615 
3 430 749 117 
3 749 340 655 
3 340 749 430 
3 761 743 475 
3 743 761 617 
3 761 930 564 
3 141 930 761 
3 930 141 655 
3 930 655 917 
3 612 761 475 
3 612 894 117 
3 894 612 475 
3 544 325 208 
3 875 744 847 
3 744 875 996 
3 847 744 357 
3 852 123 451 
3 875 123 852 
3 123 875 847 
3 123 847 357 
3 451 123 357 
3 299 672 921 
3 655 299 917 
3 672 299 655 
3 138 672 655 
3 806 730 378 
3 988 748 762 
3 748 988 852 
3 921 988 762 
3 852 988 921 
3 854 550 917 
3 854 567 550 
3 299 854 917 
3 567 854 921 
3 854 299 921 
3 748 252 762 
3 252 567 762 
3 629 552 398 
3 552 629 822 
3 597 990 451 
3 990 545 451 
3 990 552 545 
3 552 990 398 
3 550 426 917 
3 545 426 451 
3 973 31 848 
3 973 161 649 
3 472 973 649 
3 973 472 64 
3 265 798 398 
3 798 889 373 
3 373 889 662 
3 889 756 662 
3 756 889 25 
3 888 702 237 
3 702 888 430 
3 888 340 430 
3 888 237 615 
3 340 888 615 
3 209 430 117 
3 894 209 117 
3 870 141 761 
3 870 612 117 
3 612 870 761 
3 863 617 662 
3 863 743 617 
3 848 863 662 
3 863 848 475 
3 743 863 475 
3 875 158 208 
3 158 791 208 
3 672 779 921 
3 138 779 672 
3 779 875 921 
3 730 421 398 
3 421 973 648 
3 421 756 25 
3 756 421 648 
3 472 465 64 
3 465 973 64 
3 973 465 31 
3 702 626 471 
3 626 702 430 
3 209 626 430 
3 153 626 894 
3 626 209 894 
3 567 27 748 
3 27 252 748 
3 252 27 567 
3 730 212 597 
3 212 990 597 
3 212 730 398 
3 990 212 398 
3 288 552 822 
3 552 288 545 
3 426 560 451 
3 560 426 550 
3 560 748 451 
3 567 560 550 
3 560 567 748 
3 645 930 917 
3 426 645 917 
3 973 219 648 
3 219 973 848 
3 648 219 662 
3 219 848 662 
3 158 586 791 
3 791 586 615 
3 746 138 740 
3 158 746 740 
3 746 158 875 
3 779 746 875 
3 746 779 138 
3 806 80 730 
3 80 421 730 
3 421 80 806 
3 524 265 398 
3 421 524 398 
3 265 524 798 
3 752 421 806 
3 973 752 161 
3 421 752 973 
3 222 282 378 
3 597 824 378 
3 824 354 378 
3 354 824 154 
3 149 288 822 
3 149 822 564 
3 149 645 426 
3 930 149 564 
3 645 149 930 
3 463 426 545 
3 288 463 545 
3 463 149 426 
3 149 463 288 
3 471 677 615 
3 677 229 615 
3 626 677 471 
3 791 74 208 
3 138 527 740 
3 527 158 740 
3 527 586 158 
3 527 138 655 
3 340 527 655 
3 527 340 615 
3 586 527 615 
3 210 889 798 
3 524 210 798 
3 889 210 25 
3 210 421 25 
3 210 524 421 
3 58 752 806 
3 58 806 378 
3 677 986 229 
3 74 986 208 
3 133 282 222 
3 510 222 378 
3 354 510 378 
3 510 354 222 
3 824 533 154 
3 325 533 996 
3 544 533 325 
3 744 533 357 
3 533 744 996 
3 222 533 544 
3 354 533 222 
3 533 354 154 
3 781 677 626 
3 781 465 472 
3 465 781 31 
3 31 781 153 
3 781 626 153 
3 893 791 615 
3 229 893 615 
3 282 199 378 
3 199 58 378 
3 58 199 752 
3 752 199 161 
3 199 282 161 
3 986 92 222 
3 92 133 222 
3 417 222 544 
3 417 986 222 
3 417 544 208 
3 986 417 208 
3 891 986 677 
3 891 781 472 
3 781 891 677 
3 161 891 649 
3 891 472 649 
3 282 891 161 
3 133 891 282 
3 112 986 74 
3 112 74 791 
3 893 112 791 
3 986 112 229 
3 112 893 229 
3 92 515 133 
3 515 891 133 
3 891 515 986 
3 236 92 986 
3 515 236 986 
3 236 515 92 
3 749 870 117 
3 870 749 655 
3 141 870 655 
3 569 533 597 
3 533 569 357 
3 533 824 597 
Vertices and facets:
- p448(v21): -0.044 0.00086  0.12
  neighbors: f83 f84 f146 f147 f151 f153
- p617(v20): -0.044 0.0059  0.12
  neighbors: f83 f84 f165 f279 f416 f417
- p662(v0): -0.044 0.0073  0.12
  neighbors: f83 f151 f195 f398 f399 f416 f418 f501 f502
- p564(v12): -0.041 -0.011  0.12
  neighbors: f84 f147 f149 f165 f284 f574 f576
- p629(v36): -0.041 -0.012  0.12
  neighbors: f146 f147 f149 f364 f365
- p398(v9): -0.029 -0.0064 0.0044
  neighbors: f146 f153 f254 f364 f374 f394 f441 f481 f482 f534 f535
- p822(v31): -0.036 -0.023  0.12
  neighbors: f149 f365 f485 f572 f574
- p373(v37): -0.043 0.0013  0.11
  neighbors: f151 f153 f254 f397 f398
- p761(v40): -0.022 0.052  0.14
  neighbors: f165 f278 f279 f284 f285 f289 f413 f415
- p325(v41): 0.029 0.0014 0.0026
  neighbors: f174 f297 f630 f631
- p996(v25): 0.028 -0.0037 0.0026
  neighbors: f174 f178 f301 f630 f633
- p208(v8):  0.03 -0.003 0.0033
  neighbors: f174 f178 f297 f431 f432 f588 f612 f658 f659
- p875(v42): 0.018 -0.024 0.0029
  neighbors: f178 f182 f300 f301 f310 f311 f431 f438 f528 f529
- p852(v30): 0.011 -0.028 0.0033
  neighbors: f182 f224 f309 f310 f352 f354
- p921(v26):  0.01 -0.042  0.11
  neighbors: f182 f227 f314 f353 f354 f358 f359 f436 f438
- p756(v45): -0.04 0.077 0.061
  neighbors: f195 f399 f400 f447 f448
- p648(v27): -0.04 0.081  0.08
  neighbors: f195 f446 f448 f499 f501
- p848(v46): -0.04 0.079  0.12
  neighbors: f197 f247 f386 f418 f419 f500 f502
- p894(v19): -0.038  0.08  0.12
  neighbors: f197 f246 f247 f290 f291 f408 f472 f473
- p475(v10): -0.038 0.074  0.12
  neighbors: f197 f278 f289 f291 f419 f420
- p730(v48): -0.028  0.01 0.0035
  neighbors: f212 f329 f441 f479 f481 f531 f532
- p597(v32): -0.014 0.034 -0.00036
  neighbors: f212 f238 f369 f479 f480 f563 f686 f689
- p378(v28): -0.014 0.068 0.0024
  neighbors: f212 f329 f551 f563 f566 f606 f624 f625 f648 f649
- p748(v50): -0.01 -0.028 0.0033
  neighbors: f224 f351 f352 f360 f476 f477 f489 f491
- p451(v16): -0.014 -0.026 0.0026
  neighbors: f224 f236 f238 f309 f313 f369 f370 f378 f487 f489
- p567(v51): -0.0076 -0.042  0.11
  neighbors: f227 f356 f358 f361 f476 f478 f490 f491
- p762(v5): 0.0013 -0.03 0.0051
  neighbors: f227 f351 f353 f360 f361
- p569(v53): -0.0089 0.034 -0.00036
  neighbors: f236 f238 f686 f687
- p357(v3): 0.0097 0.033 -0.00036
  neighbors: f236 f302 f312 f313 f632 f687
- p31(v56): -0.038 0.083   0.1
  neighbors: f246 f247 f386 f466 f640 f641
- p153(v34): -0.033 0.082  0.11
  neighbors: f246 f472 f641 f642
- p798(v57): -0.03 -0.0034 0.0077
  neighbors: f254 f394 f397 f537 f600 f601
- p702(v58):  0.04  0.08  0.11
  neighbors: f256 f257 f401 f402 f467 f469
- p471(v11):  0.04 0.081 0.094
  neighbors: f256 f467 f582 f584
- p615(v1): 0.043 0.0082  0.12
  neighbors: f256 f257 f404 f405 f522 f582 f583 f598 f599 f643 f645
- p237(v38):  0.04 0.073  0.12
  neighbors: f257 f401 f404
- p749(v59): 0.0075 0.065  0.14
  neighbors: f265 f268 f269 f681 f682
- p430(v39): 0.014 0.068  0.14
  neighbors: f265 f269 f402 f403 f406 f469 f470
- p117(v6): 0.00051 0.068  0.14
  neighbors: f265 f290 f406 f408 f414 f681
- p340(v60): 0.018 0.053  0.14
  neighbors: f268 f269 f403 f405 f597 f598
- p655(v13): 0.012 0.042  0.14
  neighbors: f268 f286 f287 f317 f318 f320 f596 f597 f682 f683
- p743(v62): -0.04  0.05  0.12
  neighbors: f278 f279 f417 f420
- p930(v63): -0.022 0.042  0.14
  neighbors: f284 f285 f286 f287 f497 f576 f577
- p141(v61): -0.016  0.05  0.14
  neighbors: f285 f286 f413 f683
- p917(v7): -0.0091 -0.041  0.12
  neighbors: f287 f317 f355 f357 f376 f497 f498
- p612(v64): -0.016 0.068  0.14
  neighbors: f289 f290 f291 f414 f415
- p544(v66): 0.027 0.013 0.0026
  neighbors: f297 f631 f634 f656 f658
- p744(v67): 0.019 -0.019 0.0026
  neighbors: f300 f301 f302 f632 f633
- p847(v14): 0.016 -0.022 0.0026
  neighbors: f300 f302 f311 f312
- p123(v69): -0.0064 -0.025 0.0026
  neighbors: f309 f310 f311 f312 f313
- p299(v70): 0.0042 -0.041  0.12
  neighbors: f314 f317 f318 f357 f359
- p672(v43): 0.013 -0.039  0.12
  neighbors: f314 f318 f320 f436 f437
- p138(v71): 0.036 -0.023  0.12
  neighbors: f320 f437 f526 f530 f593 f596
- p806(v73): -0.033  0.08 0.037
  neighbors: f329 f531 f533 f542 f605 f606
- p988(v76): 0.007 -0.029 0.0044
  neighbors: f351 f352 f353 f354
- p854(v77): -0.0069 -0.042  0.11
  neighbors: f355 f356 f357 f358 f359
- p550(v29): -0.014 -0.04  0.11
  neighbors: f355 f356 f376 f488 f490
- p252(v78): -0.00072 -0.03 0.0053
  neighbors: f360 f361 f477 f478
- p552(v79): -0.026 -0.015 0.0031
  neighbors: f364 f365 f371 f374 f485 f486
- p990(v80): -0.027 -0.0085 0.0026
  neighbors: f369 f370 f371 f374 f480 f482
- p545(v52): -0.021 -0.021 0.0029
  neighbors: f370 f371 f378 f486 f578 f579
- p426(v81): -0.028 -0.033  0.12
  neighbors: f376 f378 f487 f488 f498 f575 f578 f580
- p973(v83): -0.039 0.084 0.085
  neighbors: f386 f390 f391 f392 f446 f465 f466 f499 f500 f543 f544
- p161(v47): -0.036 0.084 0.066
  neighbors: f390 f543 f651 f652 f665 f667
- p649(v2): -0.034 0.084 0.081
  neighbors: f390 f391 f665 f666
- p472(v75): 0.033 0.084 0.085
  neighbors: f391 f392 f463 f639 f663 f666
- p64(v18): -0.034 0.084 0.089
  neighbors: f392 f463 f465
- p265(v84): -0.03 -0.0025 0.0076
  neighbors: f394 f534 f537
- p889(v85): -0.039 0.075 0.052
  neighbors: f397 f398 f399 f400 f600 f602
- p25(v15): -0.039 0.077 0.051
  neighbors: f400 f447 f602 f603
- p888(v86): 0.038 0.076  0.12
  neighbors: f401 f402 f403 f404 f405
- p209(v87): 0.031  0.08  0.11
  neighbors: f406 f408 f470 f473
- p870(v88): -0.016 0.059  0.14
  neighbors: f413 f414 f415 f681 f682 f683
- p863(v89): -0.041 0.057  0.12
  neighbors: f416 f417 f418 f419 f420
- p158(v92): 0.028 -0.011 0.0045
  neighbors: f431 f432 f521 f527 f528 f594 f595
- p791(v91): 0.043 -0.0028  0.11
  neighbors: f432 f521 f522 f588 f643 f670 f671
- p779(v93): 0.029 -0.031  0.11
  neighbors: f436 f437 f438 f529 f530
- p421(v94): -0.038 0.079 0.046
  neighbors: f441 f446 f447 f448 f532 f533 f535 f542 f544 f603 f604
- p465(v97): -0.034 0.084 0.094
  neighbors: f463 f465 f466 f639 f640
- p626(v98): 0.039 0.082  0.11
  neighbors: f467 f469 f470 f472 f473 f584 f638 f642
- p27(v99): -0.0064 -0.029 0.007
  neighbors: f476 f477 f478
- p212(v100): -0.027 -0.0072 0.0026
  neighbors: f479 f480 f481 f482
- p288(v101): -0.033 -0.027  0.11
  neighbors: f485 f486 f572 f579 f581
- p560(v102): -0.018 -0.039  0.11
  neighbors: f487 f488 f489 f490 f491
- p645(v104): -0.02 -0.035  0.12
  neighbors: f497 f498 f575 f577
- p219(v105): -0.04  0.08   0.1
  neighbors: f499 f500 f501 f502
- p586(v108): 0.042 -0.0072  0.12
  neighbors: f521 f522 f595 f599
- p746(v109): 0.024 -0.018 0.0074
  neighbors: f526 f527 f528 f529 f530
- p740(v68): 0.038 -0.021  0.11
  neighbors: f526 f527 f593 f594
- p80(v110): -0.036 0.078 0.041
  neighbors: f531 f532 f533
- p524(v111): -0.038 0.072 0.048
  neighbors: f534 f535 f537 f601 f604
- p752(v112): -0.035 0.082 0.045
  neighbors: f542 f543 f544 f605 f650 f651
- p282(v114): 0.0048  0.08 0.021
  neighbors: f551 f619 f648 f652 f667 f668
- p222(v74): 0.015 0.069 0.0028
  neighbors: f551 f619 f624 f626 f634 f635 f653 f654 f656 f657
- p824(v115): -0.0024 0.053 -0.00036
  neighbors: f563 f566 f567 f629 f689
- p354(v116): 0.011 0.064 0.0012
  neighbors: f566 f567 f625 f626 f635 f636
- p154(v96): 0.0093 0.054 -0.00036
  neighbors: f567 f629 f636
- p149(v118): -0.03 -0.03  0.12
  neighbors: f572 f574 f575 f576 f577 f580 f581
- p463(v119): -0.031 -0.03  0.11
  neighbors: f578 f579 f580 f581
- p677(v120):  0.04 0.082 0.082
  neighbors: f582 f583 f584 f610 f638 f660 f664
- p229(v106):  0.04 0.082 0.079
  neighbors: f583 f610 f645 f672 f673
- p74(v121): 0.039 0.072 0.054
  neighbors: f588 f612 f669 f670
- p527(v122):  0.04 -0.015  0.12
  neighbors: f593 f594 f595 f596 f597 f598 f599
- p210(v123): -0.039 0.076 0.051
  neighbors: f600 f601 f602 f603 f604
- p58(v124): -0.016  0.08 0.026
  neighbors: f605 f606 f649 f650
- p986(v125): 0.039 0.081 0.049
  neighbors: f610 f612 f653 f657 f659 f660 f669 f672 f677 f678 f679
- p133(v126): 0.0098  0.08 0.022
  neighbors: f619 f654 f668 f674 f675
- p510(v127): 0.012 0.066 0.0019
  neighbors: f624 f625 f626
- p533(v128): 0.014 0.039 -0.00036
  neighbors: f636 f629 f630 f631 f632 f633 f634 f635 f686 f687 f689
- p781(v129): 0.038 0.083 0.099
  neighbors: f638 f639 f640 f641 f642 f663 f664
- p893(v130):  0.04 0.078  0.06
  neighbors: f643 f645 f671 f673
- p199(v131): -0.0069  0.08 0.023
  neighbors: f648 f649 f650 f651 f652
- p92(v132): 0.018  0.08 0.027
  neighbors: f653 f654 f674 f678 f680
- p417(v133): 0.036 0.078 0.042
  neighbors: f656 f657 f658 f659
- p891(v134): 0.038 0.084 0.068
  neighbors: f660 f663 f664 f665 f666 f667 f668 f675 f677
- p112(v135):  0.04 0.079 0.055
  neighbors: f669 f670 f671 f672 f673
- p515(v136): 0.036 0.082 0.056
  neighbors: f674 f675 f677 f679 f680
- p236(v137): 0.034 0.081 0.046
  neighbors: f678 f679 f680
- f83
    - flags: bottom simplicial
    - normal:    -0.981 -0.09204   0.1708
    - offset: -0.06227064
    - vertices: p448(v21) p617(v20) p662(v0)
    - neighboring facets: f416 f151 f84
- f84
    - flags: top simplicial
    - normal:   -0.9485  -0.1465   0.2808
    - offset: -0.07346758
    - center: -0.04261333333333334 -0.001551071666666667 0.1168986666666667 
    - vertices: p448(v21) p617(v20) p564(v12)
    - neighboring facets: f165 f147 f83
- f146
    - flags: bottom simplicial
    - normal:   -0.9773  -0.1777  -0.1157
    - offset: -0.0290527
    - vertices: p629(v36) p448(v21) p398(v9)
    - neighboring facets: f153 f364 f147
- f147
    - flags: top simplicial
    - normal:   -0.9694  -0.1768   0.1703
    - offset: -0.06163483
    - vertices: p629(v36) p448(v21) p564(v12)
    - neighboring facets: f84 f149 f146
- f149
    - flags: bottom simplicial
    - normal:   -0.8925  -0.3954   0.2168
    - offset: -0.06648673
    - vertices: p629(v36) p822(v31) p564(v12)
    - neighboring facets: f574 f147 f365
- f151
    - flags: bottom simplicial
    - normal:   -0.9936 -0.03508   -0.107
    - offset: -0.03089717
    - vertices: p373(v37) p448(v21) p662(v0)
    - neighboring facets: f83 f398 f153
- f153
    - flags: top simplicial
    - normal:   -0.9791  -0.1667  -0.1167
    - offset: -0.02903062
    - vertices: p373(v37) p448(v21) p398(v9)
    - neighboring facets: f146 f254 f151
- f165
    - flags: bottom simplicial tested
    - normal:   -0.5645 -0.07445    0.822
    - offset: -0.1208384
    - center: -0.03543353333333332 0.01532952666666667 0.124052 
    - vertices: p761(v40) p617(v20) p564(v12)
    - neighboring facets: f84 f284 f279
- f174
    - flags: top simplicial
    - normal:    0.3694  -0.0466  -0.9281
    - offset: -0.008078998
    - center: 0.02882843333333333 -0.001773476666666667 0.002859743333333335 
    - vertices: p325(v41) p996(v25) p208(v8)
    - neighboring facets: f178 f297 f630
- f178
    - flags: bottom simplicial
    - normal:    0.4294  -0.2265  -0.8743
    - offset: -0.01057526
    - vertices: p875(v42) p996(v25) p208(v8)
    - neighboring facets: f174 f431 f301
- f182
    - flags: top simplicial
    - normal:    0.4817  -0.8692  -0.1113
    - offset: -0.02900387
    - vertices: p875(v42) p852(v30) p921(v26)
    - neighboring facets: f354 f438 f310
- f195
    - flags: top simplicial
    - normal:   -0.9988  0.04705 -0.01076
    - offset: -0.04292262
    - vertices: p756(v45) p648(v27) p662(v0)
    - neighboring facets: f501 f399 f448
- f197
    - flags: top simplicial
    - normal:   -0.4026   0.6313   0.6629
    - offset: -0.1423829
    - vertices: p848(v46) p894(v19) p475(v10)
    - neighboring facets: f291 f419 f247
- f212
    - flags: top simplicial
    - normal:   -0.3605  0.06922  -0.9302
    - offset: -0.007620071
    - center: -0.01868573333333333 0.03762943333333333 0.001849335333333333 
    - vertices: p730(v48) p597(v32) p378(v28)
    - neighboring facets: f563 f329 f479
- f224
    - flags: top simplicial
    - normal:  0.003771  -0.3622  -0.9321
    - offset: -0.006995047
    - vertices: p748(v50) p852(v30) p451(v16)
    - neighboring facets: f309 f489 f352
- f227
    - flags: top simplicial
    - normal:   0.02474  -0.9931  -0.1143
    - offset: -0.0290888
    - vertices: p567(v51) p921(v26) p762(v5)
    - neighboring facets: f353 f361 f358
- f236
    - flags: top simplicial seen
    - normal:  -0.001473 -0.04961  -0.9988
    - offset: 0.001311608
    - center: -0.004326303333333334 0.0137346 0.0006373573333333332 
    - vertices: p569(v53) p451(v16) p357(v3)
    - neighboring facets: f313 f687 f238
    - ridges:
- f238
    - flags: top simplicial seen
    - normal:  -0.00435 -0.04938  -0.9988
    - offset: 0.001278061
    - center: -0.01209775666666667 0.01405673333333333 0.0006373573333333334 
    - vertices: p569(v53) p597(v32) p451(v16)
    - neighboring facets: f369 f236 f686
    - ridges:
- f246
    - flags: top simplicial
    - normal:   -0.1362   0.9688   0.2069
    - offset: -0.1063628
    - vertices: p31(v56) p153(v34) p894(v19)
    - neighboring facets: f472 f247 f641
- f247
    - flags: bottom simplicial
    - normal:   -0.4308   0.8819   0.1916
    - offset: -0.1087817
    - vertices: p31(v56) p848(v46) p894(v19)
    - neighboring facets: f197 f246 f386
- f254
    - flags: top simplicial
    - normal:   -0.9872  -0.1018  -0.1225
    - offset: -0.02882409
    - vertices: p798(v57) p373(v37) p398(v9)
    - neighboring facets: f153 f394 f397
- f256
    - flags: top simplicial
    - normal:    0.9991  0.04304 0.004026
    - offset: -0.0438461
    - vertices: p702(v58) p471(v11) p615(v1)
    - neighboring facets: f582 f257 f467
- f257
    - flags: bottom simplicial
    - normal:    0.9946  0.04843  0.09202
    - offset: -0.05407991
    - center: 0.0410196 0.05369594666666667 0.1160926666666667 
    - vertices: p702(v58) p237(v38) p615(v1)
    - neighboring facets: f404 f256 f401
- f265
    - flags: bottom simplicial tested seen
    - normal:    0.0691   0.1539   0.9857
    - offset: -0.1454938
    - center: 0.007222871666666664 0.06694076666666667 0.1366506666666666 
    - vertices: p749(v59) p430(v39) p117(v6)
    - neighboring facets: f406 f681 f269
    - ridges:
- f268
    - flags: bottom simplicial tested seen
    - normal:    0.1026  0.01894   0.9945
    - offset: -0.1382127
    - center: 0.01241906333333333 0.05341856666666667 0.1366726666666666 
    - vertices: p340(v60) p749(v59) p655(v13)
    - neighboring facets: f682 f597 f269
    - ridges:
- f269
    - flags: top simplicial tested
    - normal:    0.1283  0.04295   0.9908
    - offset: -0.1394498
    - center: 0.01305946333333333 0.06209889999999999 0.1363613333333333 
    - vertices: p340(v60) p749(v59) p430(v39)
    - neighboring facets: f265 f403 f268
- f278
    - flags: bottom simplicial
    - normal:   -0.6244  0.07379   0.7776
    - offset: -0.1237226
    - vertices: p743(v62) p761(v40) p475(v10)
    - neighboring facets: f289 f420 f279
- f279
    - flags: top simplicial
    - normal:   -0.6221 -0.03069   0.7823
    - offset: -0.1189323
    - vertices: p743(v62) p761(v40) p617(v20)
    - neighboring facets: f165 f417 f278
- f284
    - flags: bottom simplicial tested
    - normal:   -0.5115 -0.09959   0.8535
    - offset: -0.1226732
    - center: -0.0282417 0.02735303333333333 0.129997 
    - vertices: p930(v63) p761(v40) p564(v12)
    - neighboring facets: f165 f576 f285
- f285
    - flags: bottom simplicial tested
    - normal:  -0.08841  -0.1154   0.9894
    - offset: -0.1311153
    - center: -0.01985783333333333 0.04782719999999999 0.1363303333333333 
    - vertices: p930(v63) p141(v61) p761(v40)
    - neighboring facets: f413 f284 f286
- f286
    - flags: top simplicial tested seen
    - normal:  -0.04395  -0.1504   0.9877
    - offset: -0.1284384
    - center: -0.008625233333333329 0.04466113333333334 0.136461 
    - vertices: p930(v63) p141(v61) p655(v13)
    - neighboring facets: f683 f287 f285
    - ridges:
- f287
    - flags: top simplicial tested
    - normal:   -0.0434  -0.2126   0.9762
    - offset: -0.1242602
    - center: -0.00645046 0.01433343333333333 0.1301276666666667 
    - vertices: p930(v63) p655(v13) p917(v7)
    - neighboring facets: f317 f497 f286
- f289
    - flags: top simplicial
    - normal:   -0.4713    0.237   0.8495
    - offset: -0.1385819
    - center: -0.02561909999999999 0.0644242 0.1309446666666667 
    - vertices: p612(v64) p761(v40) p475(v10)
    - neighboring facets: f278 f291 f415
- f290
    - flags: top simplicial
    - normal:  -0.06046   0.8201   0.5691
    - offset: -0.1336414
    - center: -0.017884525 0.07190816666666669 0.1293163333333334 
    - vertices: p612(v64) p894(v19) p117(v6)
    - neighboring facets: f408 f414 f291
- f291
    - flags: bottom simplicial
    - normal:   -0.2738   0.6536   0.7056
    - offset: -0.1442523
    - vertices: p612(v64) p894(v19) p475(v10)
    - neighboring facets: f197 f289 f290
- f297
    - flags: top simplicial
    - normal:    0.8634   0.1502  -0.4816
    - offset: -0.02369148
    - center: 0.028355 0.003903239999999999 0.002859743333333335 
    - vertices: p544(v66) p325(v41) p208(v8)
    - neighboring facets: f174 f658 f631
- f300
    - flags: bottom simplicial
    - normal:   0.05824 -0.06455  -0.9962
    - offset: 0.0002971541
    - vertices: p744(v67) p875(v42) p847(v14)
    - neighboring facets: f311 f302 f301
- f301
    - flags: top simplicial
    - normal:    0.1425 -0.08393  -0.9862
    - offset: -0.001706605
    - center: 0.0217086 -0.01545385 0.002721426666666666 
    - vertices: p744(v67) p875(v42) p996(v25)
    - neighboring facets: f178 f633 f300
- f302
    - flags: bottom simplicial
    - normal:   0.04444 -0.04925  -0.9978
    - offset: 0.000853591
    - center: 0.01487982 -0.002414233333333333 0.001637358666666667 
    - vertices: p744(v67) p847(v14) p357(v3)
    - neighboring facets: f312 f632 f300
- f309
    - flags: bottom simplicial
    - normal:   0.01784  -0.1388  -0.9902
    - offset: -0.0007843896
    - vertices: p123(v69) p852(v30) p451(v16)
    - neighboring facets: f224 f313 f310
- f310
    - flags: bottom simplicial
    - normal:   0.01856  -0.1335  -0.9909
    - offset: -0.0006460114
    - vertices: p123(v69) p875(v42) p852(v30)
    - neighboring facets: f182 f309 f311
- f311
    - flags: top simplicial
    - normal:   0.01718  -0.1109  -0.9937
    - offset: -7.545005e-05
    - vertices: p123(v69) p875(v42) p847(v14)
    - neighboring facets: f300 f312 f310
- f312
    - flags: top simplicial
    - normal:  0.008249 -0.05326  -0.9985
    - offset: 0.00133916
    - vertices: p123(v69) p847(v14) p357(v3)
    - neighboring facets: f302 f313 f311
- f313
    - flags: bottom simplicial
    - normal:  0.006797 -0.05286  -0.9986
    - offset: 0.00133995
    - vertices: p123(v69) p451(v16) p357(v3)
    - neighboring facets: f236 f312 f309
- f314
    - flags: top simplicial
    - normal:    0.1514  -0.9635   0.2206
    - offset: -0.06604518
    - vertices: p299(v70) p672(v43) p921(v26)
    - neighboring facets: f436 f359 f318
- f317
    - flags: bottom simplicial
    - normal:  0.001767  -0.2236   0.9747
    - offset: -0.1241236
    - vertices: p299(v70) p655(v13) p917(v7)
    - neighboring facets: f287 f357 f318
- f318
    - flags: bottom simplicial
    - normal:   0.03557  -0.2264   0.9734
    - offset: -0.1242256
    - vertices: p299(v70) p672(v43) p655(v13)
    - neighboring facets: f320 f317 f314
- f320
    - flags: top simplicial
    - normal:     0.248  -0.2154   0.9445
    - offset: -0.1232248
    - vertices: p138(v71) p672(v43) p655(v13)
    - neighboring facets: f318 f596 f437
- f329
    - flags: top simplicial
    - normal:   -0.8332    0.189  -0.5196
    - offset: -0.02357037
    - center: -0.0253085 0.05268413333333333 0.01438471666666667 
    - vertices: p806(v73) p730(v48) p378(v28)
    - neighboring facets: f212 f606 f531
- f351
    - flags: top simplicial
    - normal:  -0.00507  -0.7026  -0.7116
    - offset: -0.01734741
    - vertices: p988(v76) p748(v50) p762(v5)
    - neighboring facets: f360 f353 f352
- f352
    - flags: bottom simplicial
    - normal:  0.007791   -0.594  -0.8044
    - offset: -0.01386845
    - vertices: p988(v76) p748(v50) p852(v30)
    - neighboring facets: f224 f354 f351
- f353
    - flags: bottom simplicial
    - normal:    0.1049  -0.9871  -0.1206
    - offset: -0.0289825
    - vertices: p988(v76) p921(v26) p762(v5)
    - neighboring facets: f227 f351 f354
- f354
    - flags: bottom simplicial
    - normal:    0.3138  -0.9416  -0.1219
    - offset: -0.02911001
    - vertices: p988(v76) p852(v30) p921(v26)
    - neighboring facets: f182 f353 f352
- f355
    - flags: top simplicial
    - normal:   -0.2181  -0.9648    0.147
    - offset: -0.05887159
    - vertices: p854(v77) p550(v29) p917(v7)
    - neighboring facets: f376 f357 f356
- f356
    - flags: top simplicial
    - normal:   -0.2427  -0.9689  0.04858
    - offset: -0.04811468
    - vertices: p854(v77) p567(v51) p550(v29)
    - neighboring facets: f490 f355 f358
- f357
    - flags: bottom simplicial
    - normal:  0.007661  -0.9695    0.245
    - offset: -0.06856371
    - vertices: p854(v77) p299(v70) p917(v7)
    - neighboring facets: f317 f355 f359
- f358
    - flags: bottom simplicial
    - normal:   0.02716  -0.9986 -0.04466
    - offset: -0.03700991
    - vertices: p854(v77) p567(v51) p921(v26)
    - neighboring facets: f227 f359 f356
- f359
    - flags: top simplicial
    - normal:   0.05616  -0.9875   0.1475
    - offset: -0.05800225
    - vertices: p854(v77) p299(v70) p921(v26)
    - neighboring facets: f314 f358 f357
- f360
    - flags: bottom simplicial
    - normal:  -0.03834  -0.8011  -0.5974
    - offset: -0.02082247
    - vertices: p252(v78) p748(v50) p762(v5)
    - neighboring facets: f351 f361 f477
- f361
    - flags: top simplicial
    - normal:   0.02174  -0.9932  -0.1145
    - offset: -0.02908481
    - vertices: p252(v78) p567(v51) p762(v5)
    - neighboring facets: f227 f360 f478
- f364
    - flags: bottom simplicial
    - normal:   -0.9338  -0.3373  -0.1192
    - offset: -0.02880157
    - vertices: p552(v79) p629(v36) p398(v9)
    - neighboring facets: f146 f374 f365
- f365
    - flags: top simplicial
    - normal:   -0.9058  -0.4082  -0.1139
    - offset: -0.02912639
    - vertices: p552(v79) p629(v36) p822(v31)
    - neighboring facets: f149 f485 f364
- f369
    - flags: bottom simplicial
    - normal:  -0.06503 -0.04907  -0.9967
    - offset: 0.0004433726
    - vertices: p990(v80) p597(v32) p451(v16)
    - neighboring facets: f238 f370 f480
- f370
    - flags: top simplicial
    - normal:  -0.07159 -0.05403   -0.996
    - offset: 0.0002210391
    - vertices: p990(v80) p545(v52) p451(v16)
    - neighboring facets: f378 f369 f371
- f371
    - flags: top simplicial
    - normal:   -0.2163  -0.1233  -0.9685
    - offset: -0.004375673
    - vertices: p990(v80) p552(v79) p545(v52)
    - neighboring facets: f486 f370 f374
- f374
    - flags: bottom simplicial
    - normal:    -0.784  -0.2075  -0.5851
    - offset: -0.02155129
    - vertices: p990(v80) p552(v79) p398(v9)
    - neighboring facets: f364 f482 f371
- f376
    - flags: bottom simplicial
    - normal:   -0.3937    -0.81   0.4346
    - offset: -0.08805084
    - vertices: p426(v81) p550(v29) p917(v7)
    - neighboring facets: f355 f498 f488
- f378
    - flags: bottom simplicial
    - normal:   -0.5764  -0.8086  -0.1177
    - offset: -0.02886609
    - vertices: p426(v81) p545(v52) p451(v16)
    - neighboring facets: f370 f487 f578
- f386
    - flags: top simplicial
    - normal:   -0.7331    0.674  0.09118
    - offset: -0.09290619
    - vertices: p973(v83) p31(v56) p848(v46)
    - neighboring facets: f247 f500 f466
- f390
    - flags: top simplicial
    - normal:  -0.02403   0.9996 -0.01771
    - offset: -0.08332195
    - vertices: p973(v83) p161(v47) p649(v2)
    - neighboring facets: f665 f391 f543
- f391
    - flags: bottom simplicial
    - normal:  -9.506e-05   0.9999  0.01714
    - offset: -0.08536174
    - vertices: p973(v83) p472(v75) p649(v2)
    - neighboring facets: f666 f390 f392
- f392
    - flags: top simplicial
    - normal:  -0.0001518   0.9994  0.03318
    - offset: -0.08668816
    - vertices: p973(v83) p472(v75) p64(v18)
    - neighboring facets: f463 f465 f391
- f394
    - flags: top simplicial
    - normal:   -0.9775 -0.005739  -0.2109
    - offset: -0.02753164
    - vertices: p265(v84) p798(v57) p398(v9)
    - neighboring facets: f254 f534 f537
- f397
    - flags: bottom simplicial
    - normal:    -0.991 -0.04684  -0.1255
    - offset: -0.02872704
    - vertices: p889(v85) p798(v57) p373(v37)
    - neighboring facets: f254 f398 f600
- f398
    - flags: bottom simplicial
    - normal:   -0.9935 -0.03342  -0.1085
    - offset: -0.03072899
    - vertices: p889(v85) p373(v37) p662(v0)
    - neighboring facets: f151 f399 f397
- f399
    - flags: top simplicial
    - normal:    -0.996 -0.01371 -0.08774
    - offset: -0.0333949
    - vertices: p889(v85) p756(v45) p662(v0)
    - neighboring facets: f195 f398 f400
- f400
    - flags: bottom simplicial
    - normal:   -0.9937   0.0506  -0.1001
    - offset: -0.03750368
    - vertices: p889(v85) p756(v45) p25(v15)
    - neighboring facets: f447 f602 f399
- f401
    - flags: top simplicial
    - normal:    0.8457   0.2485   0.4722
    - offset: -0.1071995
    - vertices: p888(v86) p702(v58) p237(v38)
    - neighboring facets: f257 f404 f402
- f402
    - flags: bottom simplicial
    - normal:   0.05904   0.8584   0.5095
    - offset: -0.1285277
    - vertices: p888(v86) p702(v58) p430(v39)
    - neighboring facets: f469 f403 f401
- f403
    - flags: top simplicial
    - normal:    0.5179   0.1591   0.8405
    - offset: -0.1322216
    - vertices: p888(v86) p340(v60) p430(v39)
    - neighboring facets: f269 f402 f405
- f404
    - flags: top simplicial
    - normal:    0.7903  0.04831   0.6108
    - offset: -0.1065029
    - vertices: p888(v86) p237(v38) p615(v1)
    - neighboring facets: f257 f405 f401
- f405
    - flags: bottom simplicial
    - normal:    0.6204  0.02983   0.7837
    - offset: -0.1194384
    - vertices: p888(v86) p340(v60) p615(v1)
    - neighboring facets: f598 f404 f403
- f406
    - flags: top simplicial
    - normal:   0.02859   0.8748   0.4836
    - offset: -0.1257028
    - vertices: p209(v87) p430(v39) p117(v6)
    - neighboring facets: f265 f408 f470
- f408
    - flags: bottom simplicial
    - normal:   0.01377    0.883   0.4692
    - offset: -0.1242717
    - vertices: p209(v87) p894(v19) p117(v6)
    - neighboring facets: f290 f406 f473
- f413
    - flags: top simplicial tested seen
    - normal:   -0.0624 -0.00354    0.998
    - offset:  -0.137492
    - center: -0.01791653333333333 0.05361773333333333 0.1368313333333333 
    - vertices: p870(v88) p141(v61) p761(v40)
    - neighboring facets: f285 f415 f683
    - ridges:
- f414
    - flags: top simplicial tested seen
    - normal:   -0.1093   0.2117   0.9712
    - offset: -0.1473484
    - center: -0.01068679166666666 0.06511963333333333 0.1363203333333333 
    - vertices: p870(v88) p612(v64) p117(v6)
    - neighboring facets: f290 f681 f415
    - ridges:
- f415
    - flags: bottom simplicial tested
    - normal:    -0.325   0.1949   0.9254
    - offset: -0.1435641
    - center: -0.01818353333333333 0.05963443333333334 0.1361896666666667 
    - vertices: p870(v88) p612(v64) p761(v40)
    - neighboring facets: f289 f413 f414
- f416
    - flags: top simplicial
    - normal:   -0.9501  0.03723   0.3098
    - offset: -0.07804062
    - vertices: p863(v89) p617(v20) p662(v0)
    - neighboring facets: f83 f418 f417
- f417
    - flags: top simplicial
    - normal:   -0.9302  0.03294   0.3657
    - offset: -0.08371524
    - vertices: p863(v89) p743(v62) p617(v20)
    - neighboring facets: f279 f416 f420
- f418
    - flags: bottom simplicial
    - normal:   -0.9911   0.0554   0.1207
    - offset: -0.05794937
    - vertices: p863(v89) p848(v46) p662(v0)
    - neighboring facets: f502 f416 f419
- f419
    - flags: top simplicial
    - normal:   -0.9331   0.1039   0.3443
    - offset: -0.08528355
    - vertices: p863(v89) p848(v46) p475(v10)
    - neighboring facets: f197 f420 f418
- f420
    - flags: bottom simplicial
    - normal:   -0.8333  0.08235   0.5466
    - offset: -0.1043874
    - vertices: p863(v89) p743(v62) p475(v10)
    - neighboring facets: f278 f419 f417
- f431
    - flags: bottom simplicial
    - normal:    0.4407   -0.233  -0.8669
    - offset: -0.01095454
    - vertices: p158(v92) p875(v42) p208(v8)
    - neighboring facets: f178 f432 f528
- f432
    - flags: top simplicial
    - normal:    0.9583  -0.2607   -0.117
    - offset: -0.02893803
    - vertices: p158(v92) p791(v91) p208(v8)
    - neighboring facets: f588 f431 f521
- f436
    - flags: bottom simplicial
    - normal:    0.5048  -0.8613  0.05761
    - offset: -0.04750737
    - vertices: p779(v93) p672(v43) p921(v26)
    - neighboring facets: f314 f438 f437
- f437
    - flags: bottom simplicial
    - normal:    0.5715  -0.7697   0.2846
    - offset: -0.0715559
    - vertices: p779(v93) p138(v71) p672(v43)
    - neighboring facets: f320 f436 f530
- f438
    - flags: top simplicial
    - normal:    0.5017  -0.8583   -0.108
    - offset: -0.02911174
    - vertices: p779(v93) p875(v42) p921(v26)
    - neighboring facets: f182 f436 f529
- f441
    - flags: bottom simplicial
    - normal:   -0.9607  0.03716  -0.2751
    - offset: -0.02648415
    - vertices: p421(v94) p730(v48) p398(v9)
    - neighboring facets: f481 f535 f532
- f446
    - flags: top simplicial
    - normal:   -0.8659   0.4917 -0.09227
    - offset: -0.06726735
    - vertices: p421(v94) p973(v83) p648(v27)
    - neighboring facets: f499 f448 f544
- f447
    - flags: top simplicial
    - normal:    -0.954   0.2786  -0.1104
    - offset: -0.05287657
    - vertices: p421(v94) p756(v45) p25(v15)
    - neighboring facets: f400 f603 f448
- f448
    - flags: bottom simplicial
    - normal:   -0.9156   0.3921 -0.08965
    - offset: -0.06136375
    - vertices: p421(v94) p756(v45) p648(v27)
    - neighboring facets: f195 f446 f447
- f463
    - flags: bottom simplicial
    - normal:  0.0008222   0.9988  0.04889
    - offset: -0.08800003
    - vertices: p465(v97) p472(v75) p64(v18)
    - neighboring facets: f392 f465 f639
- f465
    - flags: top simplicial
    - normal:  -0.01666   0.9986  0.05046
    - offset: -0.08872231
    - vertices: p465(v97) p973(v83) p64(v18)
    - neighboring facets: f392 f463 f466
- f466
    - flags: bottom simplicial
    - normal:  -0.03162   0.9978  0.05858
    - offset: -0.08992656
    - vertices: p465(v97) p973(v83) p31(v56)
    - neighboring facets: f386 f640 f465
- f467
    - flags: bottom simplicial
    - normal:    0.9344   0.3547  0.03318
    - offset: -0.06938158
    - vertices: p626(v98) p702(v58) p471(v11)
    - neighboring facets: f256 f584 f469
- f469
    - flags: top simplicial
    - normal:   0.03323   0.8729   0.4868
    - offset: -0.1260668
    - vertices: p626(v98) p702(v58) p430(v39)
    - neighboring facets: f402 f470 f467
- f470
    - flags: bottom simplicial
    - normal:   0.02967   0.8744   0.4842
    - offset: -0.1257749
    - vertices: p626(v98) p209(v87) p430(v39)
    - neighboring facets: f406 f469 f473
- f472
    - flags: bottom simplicial
    - normal:  -0.00512   0.9616   0.2743
    - offset: -0.1086558
    - vertices: p626(v98) p153(v34) p894(v19)
    - neighboring facets: f246 f473 f642
- f473
    - flags: top simplicial
    - normal:   0.01296    0.891   0.4538
    - offset: -0.1231579
    - vertices: p626(v98) p209(v87) p894(v19)
    - neighboring facets: f408 f472 f470
- f476
    - flags: bottom simplicial
    - normal:   -0.1955  -0.9728  -0.1241
    - offset: -0.02880496
    - vertices: p27(v99) p567(v51) p748(v50)
    - neighboring facets: f491 f477 f478
- f477
    - flags: top simplicial
    - normal:   -0.1658  -0.9739  -0.1547
    - offset: -0.02843243
    - vertices: p27(v99) p252(v78) p748(v50)
    - neighboring facets: f360 f476 f478
- f478
    - flags: bottom simplicial
    - normal:   -0.1573  -0.9797  -0.1246
    - offset: -0.02875699
    - vertices: p27(v99) p252(v78) p567(v51)
    - neighboring facets: f361 f476 f477
- f479
    - flags: bottom simplicial
    - normal:   -0.3011  0.03007  -0.9531
    - offset: -0.005473901
    - vertices: p212(v100) p730(v48) p597(v32)
    - neighboring facets: f212 f480 f481
- f480
    - flags: top simplicial
    - normal:   -0.1996 -0.005143  -0.9799
    - offset: -0.002891775
    - vertices: p212(v100) p990(v80) p597(v32)
    - neighboring facets: f369 f479 f482
- f481
    - flags: top simplicial
    - normal:   -0.6974 -0.002548  -0.7167
    - offset: -0.01713309
    - vertices: p212(v100) p730(v48) p398(v9)
    - neighboring facets: f441 f482 f479
- f482
    - flags: bottom simplicial
    - normal:   -0.7007 -0.01806  -0.7132
    - offset: -0.01734394
    - vertices: p212(v100) p990(v80) p398(v9)
    - neighboring facets: f374 f481 f480
- f485
    - flags: top simplicial
    - normal:   -0.8655  -0.4873  -0.1162
    - offset: -0.02922944
    - vertices: p288(v101) p552(v79) p822(v31)
    - neighboring facets: f365 f572 f486
- f486
    - flags: bottom simplicial
    - normal:   -0.7966  -0.5918  -0.1236
    - offset: -0.02894426
    - vertices: p288(v101) p552(v79) p545(v52)
    - neighboring facets: f371 f579 f485
- f487
    - flags: bottom simplicial
    - normal:   -0.5706  -0.8128  -0.1172
    - offset: -0.02889708
    - vertices: p560(v102) p426(v81) p451(v16)
    - neighboring facets: f378 f489 f488
- f488
    - flags: top simplicial
    - normal:    -0.463  -0.8713   0.1625
    - offset: -0.06035208
    - vertices: p560(v102) p426(v81) p550(v29)
    - neighboring facets: f376 f490 f487
- f489
    - flags: top simplicial
    - normal:   -0.4118  -0.9031  -0.1219
    - offset: -0.02906264
    - vertices: p560(v102) p748(v50) p451(v16)
    - neighboring facets: f224 f487 f491
- f490
    - flags: bottom simplicial
    - normal:   -0.2956   -0.954 -0.05095
    - offset: -0.03686783
    - vertices: p560(v102) p567(v51) p550(v29)
    - neighboring facets: f356 f488 f491
- f491
    - flags: top simplicial
    - normal:   -0.2966  -0.9476  -0.1183
    - offset: -0.02914919
    - vertices: p560(v102) p567(v51) p748(v50)
    - neighboring facets: f476 f489 f490
- f497
    - flags: top simplicial
    - normal:   -0.1162  -0.2222   0.9681
    - offset: -0.1243576
    - vertices: p645(v104) p930(v63) p917(v7)
    - neighboring facets: f287 f498 f577
- f498
    - flags: bottom simplicial
    - normal:   -0.3564  -0.6815   0.6391
    - offset: -0.1065684
    - vertices: p645(v104) p426(v81) p917(v7)
    - neighboring facets: f376 f497 f575
- f499
    - flags: bottom simplicial
    - normal:    -0.951   0.3085  0.01898
    - offset: -0.06463498
    - vertices: p219(v105) p973(v83) p648(v27)
    - neighboring facets: f446 f501 f500
- f500
    - flags: top simplicial
    - normal:   -0.9353   0.3526  0.03076
    - offset: -0.06871538
    - vertices: p219(v105) p973(v83) p848(v46)
    - neighboring facets: f386 f502 f499
- f501
    - flags: bottom simplicial
    - normal:   -0.9985  0.05404 0.003325
    - offset: -0.04460007
    - vertices: p219(v105) p648(v27) p662(v0)
    - neighboring facets: f195 f502 f499
- f502
    - flags: top simplicial
    - normal:   -0.9985  0.05435 0.004743
    - offset: -0.04476645
    - vertices: p219(v105) p848(v46) p662(v0)
    - neighboring facets: f418 f501 f500
- f521
    - flags: bottom simplicial
    - normal:    0.9565  -0.2676  -0.1162
    - offset: -0.02897002
    - vertices: p586(v108) p158(v92) p791(v91)
    - neighboring facets: f432 f522 f595
- f522
    - flags: bottom simplicial
    - normal:    0.9963 -0.05298  0.06788
    - offset: -0.05047478
    - vertices: p586(v108) p791(v91) p615(v1)
    - neighboring facets: f643 f599 f521
- f526
    - flags: top simplicial
    - normal:    0.8127  -0.5704   -0.119
    - offset: -0.02889738
    - vertices: p746(v109) p138(v71) p740(v68)
    - neighboring facets: f593 f527 f530
- f527
    - flags: bottom simplicial
    - normal:     0.847  -0.5175  -0.1219
    - offset: -0.02876002
    - vertices: p746(v109) p158(v92) p740(v68)
    - neighboring facets: f594 f526 f528
- f528
    - flags: top simplicial
    - normal:    0.7681  -0.5597  -0.3111
    - offset: -0.02621233
    - vertices: p746(v109) p158(v92) p875(v42)
    - neighboring facets: f431 f529 f527
- f529
    - flags: bottom simplicial
    - normal:    0.7337  -0.6689   -0.119
    - offset: -0.02874705
    - vertices: p746(v109) p779(v93) p875(v42)
    - neighboring facets: f438 f528 f530
- f530
    - flags: top simplicial
    - normal:    0.7577  -0.6421  -0.1167
    - offset: -0.02886412
    - vertices: p746(v109) p779(v93) p138(v71)
    - neighboring facets: f437 f526 f529
- f531
    - flags: bottom simplicial
    - normal:   -0.8795   0.1521   -0.451
    - offset: -0.02474098
    - vertices: p80(v110) p806(v73) p730(v48)
    - neighboring facets: f329 f532 f533
- f532
    - flags: top simplicial
    - normal:   -0.9065   0.1231  -0.4038
    - offset: -0.02537434
    - vertices: p80(v110) p421(v94) p730(v48)
    - neighboring facets: f441 f531 f533
- f533
    - flags: bottom simplicial
    - normal:   -0.8787   0.2282  -0.4193
    - offset: -0.03194652
    - vertices: p80(v110) p421(v94) p806(v73)
    - neighboring facets: f542 f531 f532
- f534
    - flags: top simplicial
    - normal:   -0.9712  0.01728  -0.2378
    - offset: -0.02708027
    - vertices: p524(v111) p265(v84) p398(v9)
    - neighboring facets: f394 f535 f537
- f535
    - flags: bottom simplicial
    - normal:    -0.968  0.02425  -0.2498
    - offset: -0.02689129
    - vertices: p524(v111) p421(v94) p398(v9)
    - neighboring facets: f441 f534 f604
- f537
    - flags: bottom simplicial
    - normal:   -0.9801 -0.005066  -0.1984
    - offset: -0.02770371
    - vertices: p524(v111) p265(v84) p798(v57)
    - neighboring facets: f394 f601 f534
- f542
    - flags: top simplicial
    - normal:   -0.7614   0.5472  -0.3478
    - offset: -0.0560681
    - vertices: p752(v112) p421(v94) p806(v73)
    - neighboring facets: f533 f605 f544
- f543
    - flags: bottom simplicial
    - normal:   -0.5982   0.7949  -0.1012
    - offset: -0.08150974
    - vertices: p752(v112) p973(v83) p161(v47)
    - neighboring facets: f390 f651 f544
- f544
    - flags: bottom simplicial
    - normal:   -0.7569   0.6448  -0.1067
    - offset: -0.07464035
    - vertices: p752(v112) p421(v94) p973(v83)
    - neighboring facets: f446 f543 f542
- f551
    - flags: bottom simplicial
    - normal:  -0.003979   0.8526  -0.5225
    - offset: -0.05711722
    - vertices: p282(v114) p222(v74) p378(v28)
    - neighboring facets: f624 f648 f619
- f563
    - flags: bottom simplicial tested seen
    - normal:   -0.1329  0.07862   -0.988
    - offset: -0.004871277
    - center: -0.01010431333333333 0.05204106666666667 0.0005704006666666663 
    - vertices: p824(v115) p597(v32) p378(v28)
    - neighboring facets: f212 f566 f689
    - ridges:
- f566
    - flags: bottom simplicial
    - normal:  -0.02022   0.1666  -0.9858
    - offset: -0.00928613
    - vertices: p354(v116) p824(v115) p378(v28)
    - neighboring facets: f563 f625 f567
- f567
    - flags: top simplicial
    - normal:  -0.003048   0.1456  -0.9893
    - offset: -0.008123575
    - center: 0.006040296666666667 0.0570024 0.0001570586666666673 
    - vertices: p354(v116) p824(v115) p154(v96)
    - neighboring facets: f629 f636 f566
- f572
    - flags: top simplicial
    - normal:   -0.7822  -0.6211  0.04804
    - offset: -0.04824291
    - vertices: p149(v118) p288(v101) p822(v31)
    - neighboring facets: f485 f574 f581
- f574
    - flags: top simplicial
    - normal:   -0.6077  -0.3925   0.6904
    - offset:  -0.110703
    - vertices: p149(v118) p822(v31) p564(v12)
    - neighboring facets: f149 f576 f572
- f575
    - flags: top simplicial
    - normal:   -0.3022  -0.3493   0.8869
    - offset: -0.1229616
    - vertices: p149(v118) p645(v104) p426(v81)
    - neighboring facets: f498 f580 f577
- f576
    - flags: bottom simplicial
    - normal:   -0.2522    -0.22   0.9424
    - offset: -0.1239567
    - vertices: p149(v118) p930(v63) p564(v12)
    - neighboring facets: f284 f574 f577
- f577
    - flags: bottom simplicial
    - normal:   -0.2499  -0.2204   0.9429
    - offset: -0.1239592
    - vertices: p149(v118) p645(v104) p930(v63)
    - neighboring facets: f497 f576 f575
- f578
    - flags: top simplicial
    - normal:   -0.6397  -0.7598  -0.1163
    - offset: -0.02918102
    - vertices: p463(v119) p426(v81) p545(v52)
    - neighboring facets: f378 f579 f580
- f579
    - flags: bottom simplicial
    - normal:   -0.6577  -0.7442  -0.1165
    - offset: -0.02923369
    - vertices: p463(v119) p288(v101) p545(v52)
    - neighboring facets: f486 f578 f581
- f580
    - flags: top simplicial
    - normal:   -0.6787  -0.7344 -0.004007
    - offset: -0.04247985
    - vertices: p463(v119) p149(v118) p426(v81)
    - neighboring facets: f575 f578 f581
- f581
    - flags: bottom simplicial
    - normal:   -0.7483  -0.6634  0.00677
    - offset: -0.04369173
    - vertices: p463(v119) p149(v118) p288(v101)
    - neighboring facets: f572 f579 f580
- f582
    - flags: bottom simplicial
    - normal:    0.9991  0.04282 0.003345
    - offset: -0.04376449
    - vertices: p677(v120) p471(v11) p615(v1)
    - neighboring facets: f256 f583 f584
- f583
    - flags: top simplicial
    - normal:    0.9992   0.0386 -0.005329
    - offset: -0.04271341
    - vertices: p677(v120) p229(v106) p615(v1)
    - neighboring facets: f645 f582 f610
- f584
    - flags: bottom simplicial
    - normal:    0.9193   0.3923  0.03065
    - offset: -0.07160567
    - vertices: p677(v120) p626(v98) p471(v11)
    - neighboring facets: f467 f582 f638
- f588
    - flags: bottom simplicial
    - normal:    0.9915 -0.04593  -0.1214
    - offset: -0.02927919
    - vertices: p74(v121) p791(v91) p208(v8)
    - neighboring facets: f432 f612 f670
- f593
    - flags: bottom simplicial
    - normal:    0.8943  -0.4449  0.04707
    - offset: -0.0480997
    - vertices: p527(v122) p138(v71) p740(v68)
    - neighboring facets: f526 f594 f596
- f594
    - flags: top simplicial
    - normal:    0.9276  -0.3554  -0.1153
    - offset: -0.02917355
    - vertices: p527(v122) p158(v92) p740(v68)
    - neighboring facets: f527 f593 f595
- f595
    - flags: top simplicial
    - normal:    0.9534  -0.2787  -0.1154
    - offset: -0.02901501
    - vertices: p527(v122) p586(v108) p158(v92)
    - neighboring facets: f521 f594 f599
- f596
    - flags: top simplicial
    - normal:    0.2789   -0.202   0.9388
    - offset: -0.1233672
    - vertices: p527(v122) p138(v71) p655(v13)
    - neighboring facets: f320 f597 f593
- f597
    - flags: bottom simplicial
    - normal:    0.3826  -0.1417    0.913
    - offset: -0.1235783
    - vertices: p527(v122) p340(v60) p655(v13)
    - neighboring facets: f268 f596 f598
- f598
    - flags: top simplicial
    - normal:     0.425  -0.1234   0.8967
    - offset: -0.1231036
    - vertices: p527(v122) p340(v60) p615(v1)
    - neighboring facets: f405 f599 f597
- f599
    - flags: bottom simplicial
    - normal:    0.5026  -0.1303   0.8546
    - offset: -0.1214212
    - vertices: p527(v122) p586(v108) p615(v1)
    - neighboring facets: f522 f598 f595
- f600
    - flags: top simplicial
    - normal:   -0.9844 -0.01798  -0.1751
    - offset:  -0.028053
    - vertices: p210(v123) p889(v85) p798(v57)
    - neighboring facets: f397 f601 f602
- f601
    - flags: bottom simplicial
    - normal:   -0.9839 -0.01638   -0.178
    - offset: -0.02801122
    - vertices: p210(v123) p524(v111) p798(v57)
    - neighboring facets: f537 f600 f604
- f602
    - flags: bottom simplicial
    - normal:   -0.9861 0.002478  -0.1661
    - offset: -0.03013462
    - vertices: p210(v123) p889(v85) p25(v15)
    - neighboring facets: f400 f603 f600
- f603
    - flags: top simplicial
    - normal:   -0.9749  0.08294  -0.2067
    - offset: -0.03376389
    - vertices: p210(v123) p421(v94) p25(v15)
    - neighboring facets: f447 f602 f604
- f604
    - flags: top simplicial
    - normal:   -0.9703  0.02693  -0.2405
    - offset: -0.02760923
    - vertices: p210(v123) p524(v111) p421(v94)
    - neighboring facets: f535 f603 f601
- f605
    - flags: top simplicial
    - normal:   -0.2232   0.9254  -0.3062
    - offset: -0.06971133
    - vertices: p58(v124) p752(v112) p806(v73)
    - neighboring facets: f542 f606 f650
- f606
    - flags: top simplicial
    - normal:   -0.3098   0.8424  -0.4409
    - offset: -0.06098731
    - vertices: p58(v124) p806(v73) p378(v28)
    - neighboring facets: f329 f649 f605
- f610
    - flags: bottom simplicial
    - normal:    0.9012   0.4293 -0.05927
    - offset: -0.06656449
    - vertices: p986(v125) p677(v120) p229(v106)
    - neighboring facets: f583 f672 f660
- f612
    - flags: bottom simplicial
    - normal:    0.9842 -0.007572  -0.1769
    - offset: -0.02876343
    - vertices: p986(v125) p74(v121) p208(v8)
    - neighboring facets: f588 f659 f669
- f619
    - flags: top simplicial
    - normal:   0.06256   0.8669  -0.4945
    - offset: -0.05917084
    - vertices: p133(v126) p282(v114) p222(v74)
    - neighboring facets: f551 f654 f668
- f624
    - flags: top simplicial
    - normal:  0.006681   0.3346  -0.9423
    - offset: -0.02050034
    - vertices: p510(v127) p222(v74) p378(v28)
    - neighboring facets: f551 f625 f626
- f625
    - flags: bottom simplicial
    - normal:  0.003952   0.3026  -0.9531
    - offset: -0.01832278
    - vertices: p510(v127) p354(v116) p378(v28)
    - neighboring facets: f566 f624 f626
- f626
    - flags: top simplicial
    - normal:   0.05589   0.2824  -0.9577
    - offset: -0.01760543
    - center: 0.0127844 0.06642473333333333 0.001949766666666664 
    - vertices: p510(v127) p354(v116) p222(v74)
    - neighboring facets: f635 f624 f625
- f629
    - flags: bottom simplicial tested seen
    - normal:  3.328e-07 3.815e-07       -1
    - offset: -0.0003626635
    - center: 0.00701643 0.04854933333333333 -0.0003626426666666667 
    - vertices: p533(v128) p824(v115) p154(v96)
    - neighboring facets: f567 f636 f689
    - ridges:
- f630
    - flags: bottom simplicial tested
    - normal:    0.1542 -0.01945  -0.9879
    - offset: -0.00178771
    - center: 0.0236191 0.01215143666666667 0.001637358666666666 
    - vertices: p533(v128) p325(v41) p996(v25)
    - neighboring facets: f174 f633 f631
- f631
    - flags: bottom simplicial tested
    - normal:    0.3508  0.06101  -0.9345
    - offset: -0.007677403
    - center: 0.02314566666666667 0.01782815333333333 0.001637358666666668 
    - vertices: p533(v128) p544(v66) p325(v41)
    - neighboring facets: f297 f630 f634
- f632
    - flags: bottom simplicial tested seen
    - normal:   0.05672 -0.04701  -0.9973
    - offset: 0.0006594588
    - center: 0.01434142 0.0178108 0.0006373573333333332 
    - vertices: p533(v128) p744(v67) p357(v3)
    - neighboring facets: f302 f687 f633
    - ridges:
- f633
    - flags: top simplicial tested
    - normal:   0.07677 -0.04522   -0.996
    - offset: 0.0003062444
    - center: 0.02044176666666667 0.00541135 0.001637358666666667 
    - vertices: p533(v128) p744(v67) p996(v25)
    - neighboring facets: f301 f630 f632
- f634
    - flags: bottom simplicial tested
    - normal:    0.3952  0.08495  -0.9147
    - offset: -0.009228551
    - center: 0.01857916666666666 0.04028313333333333 0.001679435333333332 
    - vertices: p533(v128) p222(v74) p544(v66)
    - neighboring facets: f656 f631 f635
- f635
    - flags: bottom simplicial tested
    - normal:    0.2879  0.09185  -0.9533
    - offset: -0.007989744
    - center: 0.01345906666666667 0.05724820000000001 0.001199135333333335 
    - vertices: p533(v128) p354(v116) p222(v74)
    - neighboring facets: f626 f634 f636
- f636
    - flags: top simplicial tested
    - normal:    0.2743  0.09054  -0.9574
    - offset: -0.007748615
    - center: 0.01157264333333333 0.052177 0.0001570586666666654 
    - vertices: p533(v128) p354(v116) p154(v96)
    - neighboring facets: f567 f629 f635
- f638
    - flags: top simplicial
    - normal:    0.5139   0.8575  0.02443
    - offset: -0.09320354
    - vertices: p781(v129) p677(v120) p626(v98)
    - neighboring facets: f584 f642 f664
- f639
    - flags: top simplicial
    - normal:  0.001207   0.9987  0.05173
    - offset: -0.08824184
    - vertices: p781(v129) p465(v97) p472(v75)
    - neighboring facets: f463 f663 f640
- f640
    - flags: bottom simplicial
    - normal:  -0.0004723   0.9969  0.07816
    - offset: -0.09063995
    - vertices: p781(v129) p465(v97) p31(v56)
    - neighboring facets: f466 f641 f639
- f641
    - flags: bottom simplicial
    - normal:  -1.568e-06   0.9952  0.09817
    - offset:  -0.092482
    - vertices: p781(v129) p31(v56) p153(v34)
    - neighboring facets: f246 f642 f640
- f642
    - flags: top simplicial
    - normal:  0.0009482   0.9943   0.1064
    - offset: -0.09326044
    - vertices: p781(v129) p626(v98) p153(v34)
    - neighboring facets: f472 f641 f638
- f643
    - flags: top simplicial
    - normal:    0.9993  0.01439 -0.03556
    - offset: -0.03894907
    - vertices: p893(v130) p791(v91) p615(v1)
    - neighboring facets: f522 f645 f671
- f645
    - flags: bottom simplicial
    - normal:    0.9993  0.03703 -0.008292
    - offset: -0.0423526
    - vertices: p893(v130) p229(v106) p615(v1)
    - neighboring facets: f583 f643 f673
- f648
    - flags: bottom simplicial
    - normal:  -0.06223   0.8763  -0.4778
    - offset: -0.0596764
    - vertices: p199(v131) p282(v114) p378(v28)
    - neighboring facets: f551 f649 f652
- f649
    - flags: top simplicial
    - normal:   -0.1445   0.8809  -0.4506
    - offset: -0.06123637
    - vertices: p199(v131) p58(v124) p378(v28)
    - neighboring facets: f606 f648 f650
- f650
    - flags: bottom simplicial
    - normal:  -0.03876   0.9919  -0.1209
    - offset: -0.07687435
    - vertices: p199(v131) p58(v124) p752(v112)
    - neighboring facets: f605 f651 f649
- f651
    - flags: bottom simplicial
    - normal:   -0.0204    0.995 -0.09727
    - offset: -0.07753494
    - vertices: p199(v131) p752(v112) p161(v47)
    - neighboring facets: f543 f652 f650
- f652
    - flags: top simplicial
    - normal:  -0.01194   0.9957 -0.09162
    - offset: -0.0776582
    - vertices: p199(v131) p282(v114) p161(v47)
    - neighboring facets: f667 f651 f648
- f653
    - flags: bottom simplicial
    - normal:    0.4041   0.8124  -0.4204
    - offset: -0.0607401
    - vertices: p92(v132) p986(v125) p222(v74)
    - neighboring facets: f657 f654 f678
- f654
    - flags: top simplicial
    - normal:    0.2877    0.857  -0.4275
    - offset: -0.06204855
    - vertices: p92(v132) p133(v126) p222(v74)
    - neighboring facets: f619 f653 f674
- f656
    - flags: top simplicial
    - normal:     0.849   0.1792   -0.497
    - offset: -0.02365343
    - vertices: p417(v133) p222(v74) p544(v66)
    - neighboring facets: f634 f658 f657
- f657
    - flags: top simplicial
    - normal:     0.739   0.4529  -0.4988
    - offset: -0.04082008
    - vertices: p417(v133) p986(v125) p222(v74)
    - neighboring facets: f653 f656 f659
- f658
    - flags: top simplicial
    - normal:    0.8741   0.1531   -0.461
    - offset: -0.02406891
    - vertices: p417(v133) p544(v66) p208(v8)
    - neighboring facets: f297 f659 f656
- f659
    - flags: bottom simplicial
    - normal:    0.9126   0.1165  -0.3919
    - offset: -0.02555279
    - vertices: p417(v133) p986(v125) p208(v8)
    - neighboring facets: f612 f658 f657
- f660
    - flags: top simplicial
    - normal:    0.8021   0.5938 -0.06314
    - offset: -0.07584034
    - vertices: p891(v134) p986(v125) p677(v120)
    - neighboring facets: f610 f664 f677
- f663
    - flags: top simplicial
    - normal:    0.1087   0.9939  0.01722
    - offset: -0.08851322
    - vertices: p891(v134) p781(v129) p472(v75)
    - neighboring facets: f639 f666 f664
- f664
    - flags: bottom simplicial
    - normal:    0.4624   0.8865  0.01633
    - offset: -0.09287093
    - vertices: p891(v134) p781(v129) p677(v120)
    - neighboring facets: f638 f660 f663
- f665
    - flags: bottom simplicial
    - normal:  -0.000431   0.9998 -0.02208
    - offset: -0.08219256
    - vertices: p891(v134) p161(v47) p649(v2)
    - neighboring facets: f390 f666 f667
- f666
    - flags: top simplicial
    - normal:  0.001576   0.9999 -0.01096
    - offset: -0.0830398
    - vertices: p891(v134) p472(v75) p649(v2)
    - neighboring facets: f391 f665 f663
- f667
    - flags: bottom simplicial
    - normal:  0.0008528   0.9968 -0.08007
    - offset: -0.07805018
    - vertices: p891(v134) p282(v114) p161(v47)
    - neighboring facets: f652 f665 f668
- f668
    - flags: bottom simplicial
    - normal:   0.01103   0.9961 -0.08721
    - offset: -0.07789488
    - vertices: p891(v134) p133(v126) p282(v114)
    - neighboring facets: f619 f667 f675
- f669
    - flags: top simplicial
    - normal:    0.9847 -0.006046  -0.1743
    - offset: -0.02903328
    - vertices: p112(v135) p986(v125) p74(v121)
    - neighboring facets: f612 f670 f672
- f670
    - flags: top simplicial
    - normal:    0.9952 -0.02515 -0.09444
    - offset: -0.03236176
    - vertices: p112(v135) p74(v121) p791(v91)
    - neighboring facets: f588 f671 f669
- f671
    - flags: bottom simplicial
    - normal:    0.9989 0.007311 -0.04682
    - offset: -0.03770491
    - vertices: p112(v135) p893(v130) p791(v91)
    - neighboring facets: f643 f670 f673
- f672
    - flags: bottom simplicial
    - normal:     0.925   0.3754  -0.0582
    - offset: -0.0631862
    - vertices: p112(v135) p986(v125) p229(v106)
    - neighboring facets: f610 f673 f669
- f673
    - flags: top simplicial
    - normal:     0.994   0.1066 -0.02388
    - offset: -0.04661765
    - vertices: p112(v135) p893(v130) p229(v106)
    - neighboring facets: f645 f672 f671
- f674
    - flags: bottom simplicial
    - normal:    0.1004   0.9837  -0.1492
    - offset: -0.07642057
    - vertices: p515(v136) p92(v132) p133(v126)
    - neighboring facets: f654 f675 f680
- f675
    - flags: top simplicial
    - normal:   0.04858   0.9928  -0.1098
    - offset: -0.0774995
    - vertices: p515(v136) p891(v134) p133(v126)
    - neighboring facets: f668 f674 f677
- f677
    - flags: bottom simplicial
    - normal:    0.2653   0.9543  -0.1374
    - offset:  -0.080619
    - vertices: p515(v136) p891(v134) p986(v125)
    - neighboring facets: f660 f679 f675
- f678
    - flags: top simplicial
    - normal:    0.2389   0.9343  -0.2646
    - offset: -0.07179297
    - vertices: p236(v137) p92(v132) p986(v125)
    - neighboring facets: f653 f679 f680
- f679
    - flags: bottom simplicial
    - normal:    0.1816   0.9688  -0.1688
    - offset: -0.07703154
    - vertices: p236(v137) p515(v136) p986(v125)
    - neighboring facets: f677 f678 f680
- f680
    - flags: top simplicial
    - normal:    0.1052   0.9827  -0.1522
    - offset: -0.07634933
    - vertices: p236(v137) p515(v136) p92(v132)
    - neighboring facets: f674 f678 f679
- f681
    - flags: bottom simplicial tricoplanar keepcentrum
    - owner of normal & centrum is facet f681
    - normal:        -0       -0        1
    - offset:  -0.136962
    - center: -0.002405216999999999 0.05682623999999999 0.136962 
    - vertices: p870(v88) p749(v59) p117(v6)
    - neighboring facets: f265 f414 f682
- f682
    - flags: top simplicial tricoplanar
    - owner of normal & centrum is facet f681
    - normal:        -0       -0        1
    - offset:  -0.136962
    - center: -0.002405216999999999 0.05682623999999999 0.136962 
    - vertices: p870(v88) p749(v59) p655(v13)
    - neighboring facets: f268 f683 f681
- f683
    - flags: bottom simplicial tricoplanar
    - owner of normal & centrum is facet f681
    - normal:        -0       -0        1
    - offset:  -0.136962
    - center: -0.002405216999999999 0.05682623999999999 0.136962 
    - vertices: p870(v88) p141(v61) p655(v13)
    - neighboring facets: f286 f682 f413
- f686
    - flags: bottom simplicial tricoplanar keepcentrum
    - owner of normal & centrum is facet f686
    - normal:         0        0       -1
    - offset: -0.000362644
    - center: -0.0002075700000000003 0.03879504 -0.000362644 
    - vertices: p533(v128) p569(v53) p597(v32)
    - neighboring facets: f238 f689 f687
- f687
    - flags: top simplicial tricoplanar
    - owner of normal & centrum is facet f686
    - normal:         0        0       -1
    - offset: -0.000362644
    - center: -0.0002075700000000003 0.03879504 -0.000362644 
    - vertices: p533(v128) p569(v53) p357(v3)
    - neighboring facets: f236 f632 f686
- f689
    - flags: top simplicial tricoplanar
    - owner of normal & centrum is facet f686
    - normal:         0        0       -1
    - offset: -0.000362644
    - center: -0.0002075700000000003 0.03879504 -0.000362644 
    - vertices: p533(v128) p824(v115) p597(v32)
    - neighboring facets: f563 f686 f629
