3
1000 192 288
0.00420685 0.0286359 0.0321243 
-0.0308114 0.00236303 0.0498745 
0.0212462 -0.00734255 0.0494996 
0.0128012 -0.0164112  0.116 
0.0290337 -0.006 0.183337 
-0.0107982 -0.024 0.0647905 
0.0185 0.0165687 0.103162 
-0.0167142 -0.024 0.101829 
-0.021 0.0250092 0.133119 
0.00065296 0.007902859999999999 0.167952 
0.00487929 -0.024 0.0659399 
0.0228926 -0.00493138 0.184492 
-0.0125058 -0.024 0.0881383 
-0.0087524   0.01 0.110777 
0.0123423  0.008 0.07006220000000001 
0.00418804 -0.0320796 0.0420247 
0.0185 0.0212415 0.168255 
-0.021 0.00878869 0.173289 
0.0127469 -0.0298746 0.0338975 
-0.0273577 -0.0217547 0.187324 
0.0188934 0.008919939999999999 0.172763 
0.0166519 -0.0305512 0.0209176 
-0.00288051 0.0146558 0.0590238 
-0.016 -0.0224844 0.138996 
-0.0251452 0.0133918 0.165299 
0.000591825 -0.0275 0.0918843 
-0.0295 0.0173142 0.201331 
-0.008741189999999999 -0.0260541 0.0419576 
-0.0265 -0.0174865 0.174637 
0.0182634 -0.000147302 0.169232 
0.0104131 0.0288545 0.0567037 
-0.0182903 -0.0194176 0.164069 
0.00490929 -0.028231 0.0596856 
0.0234494 -0.0208566  0.018 
0.000503171 -0.008317659999999999  0.068 
-0.000594819 0.0153809  0.176 
-0.016612 0.0235374 0.0659642 
-0.0341261 -0.00181678 0.0379696 
-0.016 0.0243832 0.138683 
0.0214959 -0.023693 0.0301476 
0.0221008 0.0187244 0.0211914 
0.008380810000000001 -0.024 0.0626097 
-0.016 0.0182841 0.08391800000000001 
0.0015 0.00148822 0.110128 
0.00777791 -0.0245234  0.119 
0.00318679 -0.0188943 0.171739 
0.0266915 0.0010064 0.0582902 
-0.0205963 -0.024501 0.0398039 
-0.0305931 -0.009305620000000001 0.0443194 
-0.0174834 0.00344847  0.118 
-0.0185875 -0.0275 0.126389 
-0.0155634 0.0227924 0.0418831 
-0.0015 0.00625727 0.110291 
0.0185 0.0199336 0.108037 
0.000282199 -0.0347587 0.0332068 
-0.00090051 0.0315354 0.0199524 
-0.00659092 -0.0222468  0.119 
-0.0302869 -0.0102843 0.0420061 
-0.00480425 -0.0184521 0.0528996 
0.00623688 0.0282977 0.0212503 
-0.0295 -0.0185983 0.215407 
-0.0115388 -0.00872877  0.118 
0.00271844  0.008 0.114283 
-0.030054 0.0158153 0.0420161 
-0.00809931  -0.02 0.168502 
-0.00115062   0.01 0.104851 
0.0114363 -0.0148027  0.116 
0.0140773 0.0262064 0.159482 
-0.0278172 -0.008126400000000001 0.0313667 
-0.0158547 -0.0306591 0.0314831 
 0.031 -0.00398189 0.222875 
-0.0273728 -0.00941431 0.0338639 
-0.0115175 0.00307244  0.118 
-0.0221363 -0.00102141  0.061 
0.008700289999999999 -0.0275 0.104214 
0.0340244 -0.00259735 0.192137 
-0.00334009 0.0164822 0.0551415 
-0.016 0.0109678 0.08485529999999999 
-0.008475450000000001   0.01 0.106177 
0.00376149 0.0323615 0.0304927 
0.00136949 -0.0275 0.0878163 
-0.0164694 0.0156614 0.0492351 
-0.0265 0.00559514 0.192089 
-0.0267887 0.0110975 0.0326812 
0.0163647 -0.0159036  0.118 
-0.016 -0.0224368 0.136857 
0.0149544 0.023112 0.0420808 
-0.0275836 -0.0214635 0.185189 
-0.008835819999999999 0.0275065 0.0320704 
-0.0229911 -0.0257519 0.1637 
0.000422042 -0.0245216 0.175116 
0.0260831  0.006 0.177217 
0.0158498 0.0145915 0.0504048 
-0.0267029 -0.010243 0.19976 
0.00858192 0.0277957 0.0183517 
0.0189876 0.0146447 0.0737268 
-0.0282948 0.018891 0.0351254 
-0.0275237 0.00743479 0.0569589 
-0.016 0.0109231 0.103707 
-0.019082 0.0275571 0.0361892 
0.016482  0.008 0.07635939999999999 
 0.031 0.00241798 0.203702 
-0.0282677 0.0205227 0.188763 
0.0256457 0.00359074 0.060082 
-0.0179587 -0.0167553  0.118 
0.00102876 -0.0171632  0.166 
0.0015 0.00777086 0.108584 
0.0015 -0.0138246 0.115161 
0.00788178  0.008 0.0995475 
-0.021 0.0180673 0.0857967 
-0.00991416 -0.024 0.08072849999999999 
0.00455739 -0.0033209 0.169038 
-0.00301227 -0.0275 0.105958 
0.0137276 -0.0142056  0.116 
0.000471355 0.0262269 0.116183 
0.000792903 -0.0222837  0.119 
-0.0224902 0.0182343 0.0239542 
0.0279736 -0.00428322 0.191745 
0.0136603 -0.0251403 0.169375 
0.0256548 0.00211418 0.0600664 
-0.0210778 -0.0190003 0.159773 
0.0139012 0.0301681 0.0366625 
0.000824204 -0.0178887 0.0540301 
-0.00925316 0.0271118 0.037142 
 0.016 0.0154027 0.0651904 
-0.021 -0.0262537 0.126888 
0.0015 -0.00739157 0.09352340000000001 
0.00305968 0.000415429  0.118 
0.0060776 -0.0198152  0.116 
-0.0281144 -0.0189421 0.0234889 
-0.0320052 0.00440407 0.04429 
-0.017422 -0.02672 0.108258 
-0.016 0.0110842 0.0838974 
-0.00818956 -0.0157372 0.0542292 
0.017894 0.0250814 0.169921 
0.008888689999999999 0.0169318  0.176 
-0.0261272 -0.0149439 0.221273 
-0.0295 0.000832783 0.191932 
0.0300676 0.0113006 0.025262 
-0.0295 0.0127066 0.228939 
-0.021 0.00825087 0.114892 
0.0343343 -0.0065424 0.222032 
-0.0252986 0.0199673 0.0448688 
-0.0227996 0.0259806 0.161577 
-0.0227973 0.0172531 0.0377001 
0.0257791 -0.0129599 0.0351884 
0.00856313 -0.0268045 0.08555409999999999 
-0.0137664 -0.0254946 0.0198577 
-0.016 0.0198526 0.081481 
0.022224 0.0229113 0.0452308 
0.0147557 -0.0304221 0.0251173 
-0.016 0.011559 0.106065 
-0.0110554 0.0208093  0.061 
-0.0143296  -0.02 0.166939 
0.0284751 -0.00534101 0.0267311 
-0.00345202 -0.024 0.0813733 
-0.0015 -0.0116146 0.0918069 
0.0131108  0.008 0.0776758 
-0.0285958 0.000744678 0.038075 
-0.00951167 -0.0305279 0.0374277 
-0.00355274  0.008 0.0756077 
-0.00240181 -0.0164996 0.17378 
-0.0132411 -0.024 0.110738 
-0.0015 -0.00626459 0.0746354 
-0.019376 -0.018 0.120418 
0.010276 -0.021 0.174488 
0.0144094 -0.026491 0.156841 
0.0143448 0.0266369 0.155486 
-0.007947050000000001 -0.0268654 0.08268590000000001 
0.0295567 -0.0165235 0.0423677 
0.0241116 0.00755535 0.0611893 
0.0015 -0.0149635 0.07949829999999999 
0.00501582 -0.00519804  0.176 
 0.035 -0.00237186 0.205794 
-0.0258439 -0.0133772 0.0598041 
0.008249899999999999   0.01 0.103258 
0.00238427 0.0223499  0.116 
-0.0220431 -0.0187404 0.0268117 
-0.0245 -0.0163145 0.197111 
-0.00418583 -0.024 0.0804053 
-0.021 0.0130813 0.105471 
-0.0134936   0.01 0.0618973 
-0.0175031 0.0253773 0.107889 
0.0295478 0.0035 0.192283 
-0.0314781 -0.00576697 0.0282233 
-0.0240384 -0.0246293 0.174116 
0.0185 0.0104046 0.117989 
0.00694874  0.008 0.104814 
-0.0259203 0.009138200000000001 0.167625 
0.0284958 -0.0153828 0.0188539 
0.00922507 -0.024 0.101847 
0.0186471 -0.0290766 0.0369952 
-0.021 -0.0215307 0.123023 
-0.0196185 -0.0243681 0.0551455 
-0.0265 0.0124469 0.184449 
-0.0282407 0.0151278 0.0201773 
-0.021 0.0172121 0.076972 
-0.015221 -0.024 0.0672267 
-0.0188226  0.008 0.0947017 
0.0179614 0.0105792 0.0510945 
 0.016 0.0162794 0.112246 
0.0126285  0.008 0.0951958 
-0.0295 -0.00820998 0.230617 
0.0142979 -0.0147308  0.172 
-0.00887074   0.02 0.174302 
-0.009852629999999999 -0.0272174 0.0261904 
0.0325315 -0.0035611 0.0342956 
0.0135 0.026312 0.151612 
-0.0158228 -0.0242519 0.0349892 
0.01475 0.00195299 0.171628 
-0.00376712 -0.0275 0.0918021 
-0.0132169 -0.024 0.0731912 
-0.0231542 -0.0173923 0.0242921 
-0.030113 0.0108546 0.0463639 
-0.0015 -0.00209947 0.114256 
-0.0174554 0.0197405 0.173361 
0.0310839 -0.00168323 0.224122 
-0.021 0.0197345 0.129767 
0.0185 0.0257734 0.141264 
0.010523 -0.0275 0.100145 
0.0015 -0.0213897 0.0897551 
-0.009269970000000001 -0.00503563  0.116 
0.0271015 0.0101786 0.0255378 
0.0184104 -0.0148148 0.0481578 
0.0151378 0.023702 0.115982 
0.0184841 0.0222584 0.0187364 
 0.031 -0.00633528 0.218205 
-0.0299421 -0.0121928 0.0404949 
0.0155649 -0.0246884 0.09506439999999999 
0.000816497 0.0164381  0.118 
-0.0265 -0.0163108 0.181902 
0.0100038 -0.0303743 0.0279673 
0.008062730000000001 -0.0248014 0.172519 
-0.00847009   0.01 0.0904179 
-0.016616 -0.0117789 0.0516293 
-0.0160598  0.008 0.0921891 
-0.0266698 0.00140568 0.0436216 
0.0173768 -0.018 0.120683 
0.00394174 -0.024 0.0646056 
-0.0300541 -0.0177643 0.0186356 
0.0218904 -0.00156192 0.176926 
-0.0212962 -0.021559 0.0589695 
0.021913 -0.0233196 0.0181959 
0.0248743 -0.0194887 0.0536223 
0.0221465 -0.0230059 0.040486 
0.0157322 0.0286661 0.0221824 
0.00715521 -0.00486546  0.116 
0.0185 0.0174308 0.0919807 
0.00211557 -0.015183 0.0569133 
0.000605673   0.01 0.0918339 
0.0177297 -0.0144476  0.172 
-0.0207319 0.020289 0.0946617 
-0.0152145 -0.0237809 0.0397203 
-0.0103553 -0.0268545 0.0363401 
-0.007921620000000001   0.01 0.08053 
0.0321468 -0.00832054 0.219402 
 0.016 0.0159617 0.101102 
-0.021 0.0133344 0.103791 
0.0015 -0.0129778 0.08053879999999999 
0.0135 0.0196481 0.132572 
-0.0169377 -0.024 0.0638304 
0.000190655 -0.00474301 0.16884 
0.0350666 -0.00693931 0.218993 
-0.0206682 0.0164766 0.176837 
0.0015 -0.0163527 0.0777837 
-0.00708801 0.0250086 0.0449185 
 0.035 0.000540415 0.202183 
0.025968 -0.0171845 0.0556105 
0.0250316 0.0144495 0.0326567 
-0.0119996 -0.0261055 0.0371036 
-0.00486335 -0.0285416 0.0242468 
0.0158072 -0.0214565 0.130542 
-0.021 0.009942680000000001 0.17626 
-0.0015 0.000910019 0.0928712 
0.000797024 -0.0348298 0.0288785 
0.0146943 -0.024 0.09696539999999999 
0.0287528 -0.006 0.187348 
-0.0243637 0.00516912 0.190139 
-0.0204007 -0.0250027 0.170651 
0.0173134 0.0259233 0.055206 
0.00874222 -0.00277648  0.118 
-0.0292849 0.0191562 0.191416 
0.0189471 0.0065134 0.0519541 
-0.009036809999999999 -0.024 0.0950834 
0.00605384 0.0222354  0.166 
0.00193715  0.008 0.0714902 
-0.000791839 -0.0094695  0.176 
-0.0314176 -0.00405957 0.0484015 
0.0231831 0.0219724 0.039624 
-0.021 -0.00557526 0.116524 
-0.009348469999999999   0.01 0.09494900000000001 
0.0236974 0.009309929999999999 0.045982 
-0.008438920000000001 0.0276821 0.022278 
0.00690401 -0.0148175  0.176 
0.00590062 0.0184699  0.116 
-0.0245 -0.0158178 0.217454 
0.0315245 -0.00275864 0.0480552 
-0.0299183 0.0120958 0.0332562 
-0.0204565 0.0171794 0.166175 
-0.016 0.0191841 0.08553040000000001 
0.0185 -0.0261682 0.126687 
0.0264039 -0.0193474 0.038344 
-0.00972992 -0.024 0.06434520000000001 
0.00552016 -0.0140986 0.0573139 
-0.00467836 -0.0308069  0.018 
0.00549573  0.008 0.0987324 
0.0112797 -0.0257564 0.0855325 
0.0105432  0.021 0.172538 
-0.0195811 0.0200502 0.082195 
0.0152674 -0.0275 0.133022 
0.0350515 -0.000475588 0.223618 
0.0185 0.0179685 0.101116 
0.0185 0.0217947 0.107354 
-0.0015 -0.0207015 0.0646118 
-0.0208299 0.0162322 0.163157 
-0.008756190000000001 0.000120576  0.116 
0.017936  0.018 0.123743 
 0.035 0.00105903 0.212363 
0.00450701 0.0223324  0.119 
-0.0267616 -0.01115 0.028862 
-0.016 0.0227898 0.108229 
0.0265936  0.006 0.183684 
-0.00743269 0.0310998 0.0416843 
-0.0015 -0.000263229 0.102897 
0.0046282 0.0147953  0.176 
0.0141937 0.0250795 0.0352398 
-0.0245 -0.0171109 0.19483 
-0.0307262 0.00101287  0.018 
0.0185 -0.0222033 0.161813 
-0.00278754 -0.0333654 0.0220036 
0.0237969 0.0011717  0.061 
0.00234324 -0.024 0.114118 
0.00405112 -0.0231431 0.0483704 
-0.0245 -0.0195041 0.200276 
-0.0248074 0.0150114 0.0330803 
0.000750921 -0.0155687 0.0564968 
-0.0015 -0.00639225 0.0868998 
0.0185 0.00870956 0.169814 
0.00478297 -0.0317961 0.040196 
-0.00661408 -0.0272453 0.0845263 
0.0191574 -0.000264224  0.172 
-0.0197669 -0.018 0.123579 
-0.0310036 0.00753563 0.0180615 
0.00354391 0.0211568  0.061 
-0.00661997 -0.024 0.063073 
-0.0283344 -0.00548007 0.035994 
-0.0015 -0.008728369999999999 0.0990422 
-0.0160977 -0.024 0.0974571 
-0.00954324   0.01 0.07909960000000001 
-0.00996911  0.008 0.100035 
0.00312496 -0.0235795 0.0612135 
-0.0015 0.00618971 0.08230079999999999 
-0.0169453 -0.0216865 0.136952 
0.00204424 0.0293787 0.0544706 
0.0185 0.0192178 0.116785 
-0.00325964 -0.024 0.0973719 
0.0185 0.0143146 0.0935691 
0.00525344 -0.0284823 0.0193837 
-0.0101379  0.008 0.07146950000000001 
-0.00729093 0.0176042  0.116 
0.0195783 -0.0258311 0.0315811 
-0.00269172 -0.0275 0.108909 
0.00589252 -0.024 0.114023 
-0.000341449 -0.0275 0.109576 
0.0107588  0.008 0.08071830000000001 
-0.0295 0.0174744 0.218668 
-0.0295 -0.00563278 0.229722 
-0.00738832 -0.024 0.110314 
-0.020917 0.0198235 0.0679303 
-0.0112997 0.01744  0.061 
-0.0176005 0.0269377 0.130162 
-0.0262519 0.0194012 0.0351623 
-0.0268735 0.0158671 0.055261 
-0.0265 0.0141725 0.201081 
0.00753128   0.01 0.0831885 
0.0270974 -0.006 0.178529 
-0.008024180000000001 -0.0308727 0.0301131 
0.0124138 0.00645413 0.177183 
0.0259166 0.0128709 0.0209648 
0.0164817  0.008 0.08478090000000001 
0.00378319 -0.028691 0.0335282 
-0.0203684 -0.0206081 0.0248013 
-0.0245 -0.0176697 0.19965 
0.00246327 -0.0337077 0.0246144 
-0.0181191 0.0194842 0.171676 
-0.0015 -0.0209428 0.114855 
0.0108789 0.0202581 0.0488947 
0.0256416 -0.00285356 0.180063 
0.00136787 -0.0301944 0.0521609 
0.00927732 0.0305943 0.0204954 
-0.00748285 -0.0276945 0.0367304 
-0.0248656 -0.0148957 0.0197424 
0.0171916 -0.021839  0.176 
0.00709852 0.010924  0.118 
0.0130457   0.01 0.114155 
0.015247 -0.009179339999999999 0.167472 
-0.0265 -0.015525 0.188069 
-0.0265 0.00565514 0.176027 
-0.00168899 0.0268242 0.0432806 
0.0185 0.0195706 0.112956 
-0.0116782 -0.024 0.0827729 
-0.0295 0.0154626 0.204809 
-0.0015 -0.0101917 0.081195 
-0.0048859 0.0317487 0.0446643 
 0.035 0.00114663 0.206122 
-0.0015 0.00373185 0.11301 
0.0135 -0.0259573 0.151564 
0.0159699 -0.0167621 0.0488006 
0.0015 -0.00286896 0.114368 
-0.000184028 0.0149083 0.0598022 
0.009309960000000001 -0.0242133 0.119217 
0.0108474 -0.0280434  0.018 
-0.00606911 0.00155831  0.118 
0.0236903 -0.008923850000000001  0.061 
-0.0109647 0.0301149 0.0217068 
0.0224845 -0.0227227 0.0252348 
-0.0265 -0.0103895 0.187769 
0.00764656 -0.0275 0.112222 
0.00121365 -0.0167935  0.172 
0.0150272 -0.024 0.0694178 
-0.0162176 -0.0256393 0.101832 
0.0016727 -0.0275 0.0919681 
-0.0151607 0.0288537 0.0492769 
0.0352951 0.0071472 0.215267 
0.00364577 -0.00998338  0.116 
-0.0244382 0.0127429 0.19061 
0.0212973 0.0238707 0.0288189 
0.00110159 0.00356943  0.068 
0.0062615 -0.0275 0.118216 
0.00185274 0.0312293 0.0489822 
0.0330641  0.006 0.193639 
-0.0288864 -0.00162159 0.0284241 
-0.0217944 -0.0212142 0.0585502 
-0.0049387 -0.0159583  0.118 
0.0185 0.0147908 0.174878 
0.013812 0.0177965 0.0494277 
-0.0228724 0.0073596 0.0477238 
-0.0015 -0.00852116 0.11132 
-0.0015 -0.00184052 0.07721799999999999 
-0.0243167 -0.0251454 0.165785 
0.00535111 0.0257919  0.061 
-0.026033 -0.0126161 0.0244154 
0.009564410000000001 0.0029918  0.174 
-0.018512  0.018 0.126416 
-0.0254732 0.0198788 0.0189546 
0.0132113 0.0189544  0.172 
-0.0092832 -0.0275 0.100587 
0.012241   0.01 0.06595239999999999 
0.0257663 0.0196172 0.0456659 
-0.0219533 0.0149479 0.182807 
-0.0279351 0.011531 0.232026 
-0.028943 0.000578397 0.0203091 
-0.00706122   0.01 0.09102929999999999 
-0.002 0.00337205 0.174702 
0.00601591 0.0190984  0.061 
0.0129451 0.0265104 0.119705 
-0.0166654 -0.0239407 0.0617021 
-0.0285 0.00991068 0.227309 
-0.0301439 0.013809 0.0353324 
-0.016 0.0194901 0.08305419999999999 
-0.0297273 0.00394154 0.0525647 
0.0275551 0.00751287 0.0378879 
-0.0127258   0.01 0.105118 
0.0219785 0.023182 0.0382572 
-0.0287446 0.0198717 0.182623 
-0.0201008 -0.0177979 0.178946 
0.0015 -0.0188153 0.113469 
-0.0177608 0.022241 0.088947 
0.0168386 0.008703209999999999  0.172 
0.00119794 -0.00689374  0.068 
-0.0236577 -0.0102991  0.061 
-0.00550021 0.00908695  0.118 
0.00475 -0.0035624 0.16963 
-0.0221347 0.00470455 0.183163 
-0.0015 -0.0108614 0.0869235 
-0.0288397 -0.00234274 0.0544632 
0.00433501 0.00261022  0.176 
-0.016 0.0245031 0.148456 
-0.0159909 0.016617 0.0619661 
0.00280796 0.0236751  0.166 
-0.0071792 -0.0279995 0.0318422 
-0.0303265 0.0144072 0.0327916 
0.00376263   0.01 0.0910475 
-0.021 0.0135156 0.079899 
-0.0181891 -0.0175062 0.0462549 
-0.00388517 -0.024 0.0931071 
0.0015 -0.0218457 0.111373 
-0.0299466 -0.011748 0.0481259 
0.00224508   0.01 0.101001 
-0.0113512   0.01 0.06411939999999999 
-0.0158281 0.000251727  0.116 
-0.021 -0.0106587 0.168785 
-0.0170363 -0.0230507 0.150488 
-0.0295 0.0163668 0.21514 
0.027883 -0.00774762 0.0260538 
-0.028097 -0.0189559 0.0271223 
-0.0271668 0.0190264 0.221614 
-0.00164242 0.00235868  0.116 
0.0014439 0.0194638  0.172 
0.0195547 0.0231158 0.0596737 
0.0159273 0.0194206 0.0617286 
0.0304395 0.0166498 0.0354734 
-0.0212643 0.0114524 0.0474849 
-0.0304186 -0.0171201 0.0233969 
 0.016 0.0140753 0.0784485 
0.0105887 -0.0157966  0.061 
0.0127452 0.0185852 0.163529 
0.0253202 -0.013898 0.0337552 
0.0167345 0.007983860000000001 0.0618611 
-0.01861 -0.0242934 0.177234 
0.0185 0.0186323 0.115476 
-0.0114863 -0.0300155 0.0275153 
-0.00182424   0.01 0.0987562 
0.0179517 -0.00832285 0.167739 
-0.0295 -0.0144933 0.227108 
-0.0259551 -0.00775001 0.0428547 
-0.0265 -0.0148685 0.185107 
-0.0015 -0.0236901 0.08332970000000001 
0.00294667 -0.024 0.0657953 
-0.0015 0.00666045 0.077475 
-0.0175659 0.0232451 0.147534 
-0.015279 0.0125535 0.0521678 
-0.0246198 0.0147811 0.21048 
0.0220625 0.0194053 0.0639909 
-0.00635097 -0.0275 0.0895555 
0.0346287 -0.00399521 0.195552 
0.0226673 0.00189235 0.0491463 
0.0288855 0.0187004 0.0336311 
0.0326791 -0.00122791 0.18737 
-0.0015 -0.00648471 0.0938485 
0.0118339 0.0264355 0.0259582 
0.00153906 0.0298643 0.0528519 
0.0186302 0.0134965 0.07709770000000001 
0.0288584 -0.00207003 0.0238097 
0.0245527 -0.0160617  0.061 
-0.0202984 0.0274391 0.147133 
-0.03109 0.00721298 0.0200929 
0.0263978 0.0119374 0.0333674 
-0.00990736   0.01 0.07849440000000001 
-0.0221028 -0.0231068 0.0245798 
-0.00529153 -0.0284879 0.0335592 
-0.0243453 0.0145669 0.190023 
0.0015 -0.00233903 0.0926492 
-0.0015 -0.008449679999999999 0.102215 
0.0279845 -0.00619597 0.0375957 
-0.0278046 -0.00533121 0.0395605 
0.0112985 -0.0158362  0.061 
-0.016 -0.0252625 0.126739 
-0.0245 0.00500151 0.193923 
0.0155274 -0.024 0.09468550000000001 
0.020649 0.0244527 0.0498637 
-0.0295 0.0119917 0.225035 
0.0105884 0.0245883 0.0436271 
0.00645578 0.013465 0.0585164 
0.0283345 0.0167785 0.0192635 
0.0260163 -0.00916324 0.0416714 
0.034624 -0.00145072 0.0283863 
-0.0175095 0.0232086 0.143054 
0.008790559999999999 0.0157082  0.172 
-0.0293233 0.00461085 0.230026 
0.0206063 0.0245303 0.0229139 
0.0127266 -0.0109221 0.0551775 
0.0142238 -0.0228767  0.176 
0.00282297 -0.0116215  0.172 
 0.016 0.0215849 0.0863276 
-0.0223031 -0.00238984 0.183494 
0.0116467 0.0160006 0.0522081 
0.0164164 0.030618 0.0194317 
-0.021 0.0123016 0.08034910000000001 
0.023925 -0.0163409 0.031892 
0.00020656   0.01 0.0987121 
-0.000839265 -0.0170671  0.176 
-0.0164455 0.0199451 0.167577 
0.0164706 0.0233965 0.0926049 
0.00995497 0.024756 0.172941 
-0.0312553 0.00672743 0.0482409 
0.00851796 0.02766 0.023467 
0.0161455 -0.0159378  0.176 
-0.0245 0.0174582 0.208374 
-0.0015 0.00188456 0.09029089999999999 
-0.0185691 -0.0292381 0.0211979 
-0.0288102 0.0187035 0.0240464 
-0.0179925 0.0225893 0.152179 
-0.0245 0.00286801 0.232704 
-0.0189117 0.0270318 0.133943 
-0.016657 -0.0269697 0.0193479 
0.0314271 -0.00599122 0.0219247 
-0.0106516 0.0102134  0.116 
-0.002 -0.00290612 0.174344 
0.019266 0.021597 0.0225051 
-0.00176627 0.0288546 0.031073 
0.0176294 0.0229383 0.0210278 
0.0317013 -0.000944964 0.019495 
-0.0305142 0.00239855 0.0506356 
-0.0206677 0.0220998 0.0594441 
0.0164723 -0.000208443  0.116 
-0.0111701 -0.0300217 0.0489681 
0.028805 0.00285104 0.0312335 
0.00580063 0.00107628  0.176 
0.0158847 -0.00750688 0.167994 
-0.0254898 0.0136946 0.0263671 
-0.0162584 -0.0306793 0.0353777 
-0.00471724 0.0195547  0.061 
0.0135 0.0201916 0.132946 
-0.0114993 0.0299873 0.0407409 
0.0185 0.0209331 0.111776 
0.0230686 -0.00319535 0.177957 
0.0125466 -0.0219011  0.061 
-0.0161587 0.0286063 0.0481672 
-0.0015 -0.0174379 0.09567100000000001 
-0.0154132 -0.0302215 0.0423524 
0.0162298 -0.0258001 0.163251 
0.029269  0.006 0.190416 
0.0281744 -0.00568155 0.0557494 
-0.00974239 -0.0304542 0.0308346 
0.0008086359999999999 0.0129327  0.116 
 0.016 0.0214007 0.103966 
-0.0138469   0.01 0.101098 
0.0185 0.00530214 0.171262 
-0.0170284 0.008545489999999999 0.0529029 
-0.0113406 -0.0214369  0.061 
0.0280404 0.00726699 0.0203187 
-0.0175422 0.0229964 0.0247286 
-0.0151871  0.008 0.0623302 
-0.016 -0.0200115 0.124416 
-0.0242956 -0.0104878 0.189709 
-0.0265082 0.018418 0.167584 
-0.0273221 -0.0142723 0.17103 
0.0252894 0.0035 0.185094 
0.026908 0.0192244 0.0349593 
-0.0239643 -0.0234524 0.185038 
0.00342501 -0.024 0.0784905 
0.0184073 -0.0275 0.126048 
-0.0221905 0.024168 0.157118 
-0.0205348 -0.0275 0.143322 
-0.00378461 -0.024 0.111809 
-0.0265 0.0159888 0.182167 
-0.016178 0.0240576 0.0303848 
0.00773473 -0.024 0.0720334 
-0.00469428 -0.00708552  0.118 
0.0185 0.0233651 0.110973 
-0.0187818 -0.0212611 0.0390409 
-0.0295 0.0177614 0.209919 
-0.0156625 0.00104529  0.118 
0.0015 0.000650029 0.100949 
-0.016 0.0124116 0.0955237 
-0.021 -0.0244155 0.118953 
-0.0245 -0.0212597 0.201704 
0.00598703 -0.0287004 0.0574354 
-0.0155371  -0.02 0.177185 
-0.0170561 0.0233641 0.0343004 
0.0170436 0.0271111 0.151086 
0.0156754 0.0164953 0.162732 
0.0258701 -0.0195685 0.0358665 
0.0347487 0.00187509 0.19655 
0.001006 0.0110493 0.17553 
-0.0245 0.009254180000000001 0.230644 
-0.00910215 0.019064 0.0508141 
-0.0190681  0.008 0.0804151 
0.00521373 0.0173258 0.0538877 
0.0271362 -0.0127776 0.0575282 
0.0104381 0.0179825  0.116 
0.0252558 0.019935 0.0490971 
-0.0284456 -0.00535691 0.0204891 
-0.00585678 -0.024 0.0998091 
-0.0015 -0.009586849999999999 0.100443 
0.00330662 -0.0033312  0.116 
-0.0180319 -0.029894 0.0297159 
-0.0244595 -0.0220231 0.163191 
-0.0162863 -0.028573 0.024403 
-0.0200006  0.018 0.127052 
-0.00486958  0.008 0.0813386 
 0.016 0.020211 0.072907 
0.0157821 0.0160696 0.115602 
0.0185 0.016204 0.0808005 
-0.0245 -0.0164862 0.19375 
-0.009601459999999999 0.0237535 0.0458049 
-0.0102677 0.0122834  0.118 
0.0015 0.00200974 0.101774 
-0.0291807 -0.0192923 0.186588 
-0.0219845 0.0156275 0.0678609 
-0.0067439 0.006883  0.118 
-0.021 -0.00576331 0.178344 
-0.0205831 -0.0133921  0.061 
-0.0158696 -0.0234989 0.115866 
0.0156315 -0.00667145 0.168255 
0.0126106 -0.0260451 0.0283414 
-0.00423473  0.008 0.108717 
0.0164866 0.023855 0.0335482 
0.0150295 0.0158702 0.16332 
-0.0177773 0.02564 0.110202 
-0.00836808 -0.0307805 0.0321614 
-0.0147371  0.008 0.101722 
-0.0195243 -0.0259267 0.0312269 
0.0031842   0.01 0.0686792 
0.0203594 0.000738362 0.176358 
-0.0054738 -0.028398 0.0353538 
-0.0295 -0.000341897 0.181351 
-0.00728781 0.014009  0.061 
0.0174616 -0.0226558 0.140838 
0.033927 -0.00409507 0.223992 
-0.0295 0.0136611 0.225872 
-0.0161035 -0.018 0.126727 
-0.00842654 0.0138406 0.0557488 
0.00673998 -0.0312302 0.0220465 
0.0063302 -0.0153746  0.061 
0.0135189 -0.00416007  0.116 
-0.0256004 0.0100691 0.0421187 
0.0148308 0.0265204 0.119847 
-0.021 -0.0204275 0.11832 
-0.0196625 0.0211454 0.0357375 
0.0206016 -0.012641  0.061 
-0.0126591 -0.024 0.0975883 
-0.0203029 -0.0275 0.123096 
-0.00222757 0.0325702  0.018 
0.00205894 -0.0253511 0.167418 
0.0113496   0.01 0.112462 
0.0135 -0.0228953 0.130905 
-0.0136356 0.0154563 0.0513276 
-0.021 0.0105409 0.0846852 
0.009151090000000001 -0.02748 0.031352 
-0.00248383 -0.0185004  0.061 
0.017771 0.0286219 0.0437514 
0.0185 0.0232084 0.147545 
-0.016 -0.0185036 0.131043 
-0.012551  0.008 0.0998951 
-0.00114837 -0.0275 0.09977270000000001 
0.0324976 -0.006 0.202714 
-0.00592532  0.008 0.0902449 
0.0164976 -0.0306415 0.0252727 
0.02577 -0.000619853 0.0454499 
0.009831660000000001 -0.0242675  0.176 
 0.035 0.00460694 0.218705 
-0.0279489 -0.00239903 0.171306 
-0.00366218 -0.022194  0.119 
0.0216705 -0.0231791 0.0530698 
-0.0312985 -0.00655283 0.0421822 
0.00833149  0.008 0.0776877 
-0.0102084 -0.024 0.0792202 
0.0321175 -0.00338895  0.018 
0.0304536 0.0169964 0.0196364 
0.0144828 -0.0186904 0.168157 
0.0130043 -0.0299224 0.0495765 
0.015963   0.01 0.0643589 
-0.00130116 0.0287983 0.0354622 
-0.0182863 -0.0252734 0.16814 
0.012829 0.0245311 0.0412539 
-0.0112409 -0.00440681  0.118 
0.00493603 -0.02763 0.0402644 
0.0299244 -0.00546794 0.19659 
-0.0281307 0.0164415 0.226919 
-0.0193711 -0.0230123 0.179919 
-0.021 0.0148266 0.168135 
-0.014621   0.01 0.0635752 
0.0185 0.0168226 0.0942795 
-0.0072316 -0.027026 0.0828083 
0.00486178 -0.0300102 0.0527181 
0.0289388 -0.0163175 0.0464818 
0.00549083   0.01 0.100265 
-0.021 0.0197018 0.130919 
-0.0188232 -0.0219697 0.0331997 
 0.031 -0.000650006 0.223925 
0.027342 0.00346386 0.0416917 
0.0270139 -0.0104201 0.024669 
0.0339456 -5.3388e-05 0.191767 
0.0150144 0.0011733 0.0577062 
0.0229928 -0.019107 0.0608014 
0.0172785 0.0244106 0.0611263 
-0.0168637  0.008 0.112398 
-0.0275471 -0.0190847 0.0378013 
-0.00513615  0.008 0.0801381 
-0.0265 0.00913342 0.179936 
0.0100575 -0.0303468 0.0237062 
0.00896487 -0.0131232  0.174 
0.00361563 -0.0167374  0.172 
-0.0269314 -0.0153813 0.0199191 
0.0274437 -0.0191121 0.035615 
-0.0154414   0.01 0.0953822 
-0.0125757 -0.0260815 0.0305899 
-0.00559797 0.0248202  0.166 
0.00996526 -0.00572484 0.176324 
-0.0263934 0.0229699 0.189226 
0.025766 0.00305714 0.180404 
-0.0314172 0.00599193 0.0235907 
0.015237 -0.0244884 0.0355406 
0.0254522 -0.0198952 0.0195172 
0.0185 0.0223773 0.114209 
0.00412371 0.0152228  0.172 
-0.0150086 -0.0219568 0.0439694 
-0.0143864 0.0147629  0.061 
-0.0117367  0.008 0.103843 
0.0311821 -0.00707322 0.0451751 
0.00235318  0.008 0.111203 
-0.016 -0.0225697 0.152672 
0.0117972 -0.00218932  0.174 
0.00399245 0.030913 0.0498419 
-0.000549957 0.0328502 0.018436 
0.00203976 -0.024 0.08672390000000001 
-0.00515644 0.0256038 0.044902 
-0.0295 -0.000163233 0.182882 
-0.0277271 -0.0177718 0.189629 
-0.0221082 0.0262291 0.159271 
-0.0265 0.009199260000000001 0.182041 
-0.00420419  0.008 0.107683 
0.0114931 -0.0264724 0.0675361 
-0.0287649 0.0174311 0.0441521 
-0.0285316 -0.00226722 0.235736 
-0.0109335 -0.0251522 0.169264 
-0.00932972   0.01 0.07646210000000001 
-0.0249312 0.0203025 0.0209266 
-0.020937 -0.0165561  0.116 
-0.0311671 0.000567326 0.0187581 
0.00594566 -0.0314363 0.0229568 
-0.00707426 -0.00693546  0.118 
0.0183756  0.008 0.09914679999999999 
0.0125626   0.01 0.10942 
-0.0295 -0.0165805 0.203671 
-0.0284474 -0.00348391 0.172811 
 0.031 0.00190298 0.197175 
-0.0265 0.0117448 0.175395 
0.0303899 -0.00293107 0.190466 
-0.00450917 -0.00616529  0.118 
0.0233245 0.0218262 0.0409355 
0.00356618 0.0194596  0.061 
0.0125352 -0.0261048 0.0226217 
0.00598224 0.0134972 0.0608777 
0.000758445 0.00725301  0.176 
0.0118347 0.0256246 0.164881 
-0.019856  0.008 0.0723924 
0.0101394 -0.024 0.106881 
-0.021 0.0217381 0.110203 
0.018172 0.0271021 0.15117 
-0.0239494 -0.00382871  0.061 
-0.0280275 -0.0145673 0.209728 
-0.0287314 0.00157078 0.0358724 
-0.0158588 0.0306602 0.0315308 
-0.000743553 -0.0234633 0.0483772 
-0.0120065   0.01 0.0917241 
0.00224196 0.0146612 0.0601226 
0.0115653 0.0232512  0.176 
-0.008889070000000001 -0.0291821 0.0552942 
0.0203906 0.008304890000000001 0.0499759 
-0.0245 0.0185368 0.197102 
-0.0289554 -0.0175331 0.1933 
-0.0229924 -0.0117381 0.166277 
0.0304093 -0.00590051 0.183486 
-0.0015 0.00760068 0.0731494 
-0.0280357 0.0072894 0.0264854 
-0.00764217 0.0310412 0.049498 
-0.0113345 -0.026452 0.092603 
0.0253907 0.008829419999999999 0.0432809 
0.00139035 0.0142134  0.172 
0.0274385 -0.00597961 0.0402245 
0.0181394 0.0288651 0.040758 
0.016892 0.0304832 0.0202273 
0.0189902 -0.0265941 0.0492189 
-0.00981306  0.008 0.0944797 
0.0340033 -0.001421 0.0386647 
-0.0245 0.0188113 0.211496 
0.00332944 -0.0146553  0.118 
-0.0182514 0.0264372 0.118751 
-0.0015 -0.0193226 0.0960268 
-0.0275621 0.0211786 0.206138 
0.0145114 0.0303547 0.0326642 
0.0185 -0.0259609 0.124201 
0.00614155 0.028311 0.0332512 
 0.036 -0.00201694 0.213869 
-0.0218635 0.00513746 0.0495087 
-0.0303721 0.00989218 0.0216395 
0.0152716 0.0192007 0.168619 
0.010023 -0.00933485 0.176281 
-0.0257416 0.0191249 0.220889 
-0.0135447 -0.0251853 0.0904105 
0.00912786 -0.0126211  0.116 
-0.0148351 -0.008228920000000001 0.0550072 
-0.0106135 0.0261466 0.0398638 
-0.0217753 -0.00861524 0.0485079 
0.0105588 0.0247854 0.165522 
0.0247346 -0.0196735  0.018 
0.0302575 0.0173581 0.0312406 
-0.00674691 0.007912570000000001 0.115326 
0.00830821 0.021266  0.119 
0.0159728 0.0201873 0.0618984 
0.031382 0.00812833 0.212819 
-0.0215785 0.0235531 0.0462601 
0.00681227 -0.024 0.0686508 
-0.016 0.0179911 0.0638339 
-0.0134306 0.0255774 0.165318 
0.0111781 -0.00649963  0.118 
-0.00589078 -0.0275 0.09177680000000001 
-0.0143875 0.0303212 0.0248251 
0.00658987 0.01617 0.17029 
-0.00371058 -0.0275 0.0765121 
0.0145391 0.0103821  0.118 
-0.0297091 0.00933179 0.0526143 
0.00311602   0.01 0.08542139999999999 
-0.0169293 -0.0198996  0.061 
-0.0120159   0.01 0.0980926 
0.00544777   0.01 0.101363 
-0.0295 -0.0103512 0.228524 
-0.021 -0.0256596 0.137876 
0.0162769 0.0141227 0.164735 
0.0135961 -0.0147206 0.0519145 
0.0302986 -0.0168763 0.0357785 
0.0015 -0.0149494 0.0644554 
-0.000165629 -0.0275 0.0725198 
0.0164979 0.0271446 0.135175 
0.0168908 -0.0286888 0.0462052 
0.0171229 -0.00572779  0.116 
0.0052352 -0.0275 0.0738974 
0.0199636 0.0109826 0.0702093 
-0.0299905 0.013372 0.0424952 
0.0200178 0.000254899 0.176277 
-0.0257765 -0.0131338 0.0199476 
-0.0138755 0.0253948 0.167013 
0.0191601 -0.0272627 0.0304773 
-0.0229362 -0.0244285 0.175979 
-0.016 0.0244865 0.113974 
0.0015 -0.0188442 0.069285 
-0.0264397 0.0154894 0.219298 
-0.0125791 0.0210242 0.0470938 
0.0301765 0.0106363 0.0185906 
-0.00577133 -0.0274566 0.0839913 
-0.0313826 -0.00617924 0.0226811 
0.00447212 -0.00531833  0.176 
0.00662543 -0.0144082  0.176 
0.00526795 -0.0184466  0.172 
-0.0318533 0.00473278 0.0403786 
-0.0188071 0.020799 0.0775134 
-0.027915 -0.00894899 0.0181353 
 0.031 -0.00231109 0.19443 
-0.0113812 0.0248216 0.119102 
0.0281952 0.0168957 0.0198255 
-0.0184585 0.0155748  0.118 
0.0151695  0.018 0.125235 
-0.0241691 -0.0190823 0.188911 
-0.0148999 0.0170107 0.0493183 
-0.0211557 0.0239872 0.0431297 
0.0191547 0.0076055 0.177403 
-0.0146266 0.00800872  0.118 
0.0015 -0.0129219 0.102088 
-0.0148661 -0.0120251  0.118 
0.00741656 0.0146126  0.061 
0.0252486 0.00554396 0.187049 
-0.021 -0.0212371 0.127222 
0.008904560000000001 0.0275487 0.0340464 
0.00707571 -0.00445599  0.116 
-0.019071 0.0253996 0.0529122 
0.00438813 -0.00437515  0.116 
-0.028753 -0.00304892 0.0274368 
-0.00967753 0.0267503  0.061 
0.00102505 9.36016e-05  0.068 
-0.0134159 0.0105587 0.0548884 
0.0015 6.95745e-05 0.0693897 
0.0270077 0.00252315 0.176547 
0.0015 -0.0238238 0.107058 
0.018425 0.013245 0.0493065 
-0.0299062 -0.012917 0.0441953 
0.0202676 -0.00612037 0.050807 
-0.0257604 0.00263787 0.231728 
-0.0305161 -0.016983 0.0291707 
 0.016 0.0119955 0.08856559999999999 
-0.019888 -0.0274038 0.14779 
0.0015 -0.0171409 0.0969754 
-0.00519416 -0.009572590000000001  0.118 
-0.0148281 -0.0248707 0.0309958 
-0.0211444 0.0191586 0.159606 
0.0184062 0.0241884 0.101686 
-0.016 0.0105887 0.103936 
-0.0176944  0.008 0.0745035 
-0.0126407 -0.0286843 0.0545337 
-0.016 0.0209077 0.131172 
0.0166003 -0.0275 0.118076 
-0.0245 0.0103855 0.203336 
-0.013698 -0.0301347 0.0254999 
-0.0295 -0.012953 0.207643 
0.0181103  0.008 0.0863805 
0.0119527 0.0244762 0.12044 
0.0172875 0.0230316 0.0360544 
-0.0163807 -0.024 0.0966664 
0.0015 -0.00136427 0.09968340000000001 
-0.0194888 0.0204338 0.07246089999999999 
-0.0157357 0.0306187 0.0384933 
-0.0235557 0.0215593 0.0508702 
0.0064197 0.0251207  0.119 
0.0185 0.0111206 0.08754000000000001 
-0.0102006 -0.0275 0.102492 
-0.020496 0.0230169 0.181007 
0.0282084 -0.00120165 0.0395702 
-0.0057054 0.0196531 0.171287 
-0.0226431 -0.018063 0.0228468 
-0.0284659 0.0190592 0.179053 
-0.0015 -0.019682 0.07673290000000001 
-0.0326368 0.00351262 0.0203778 
0.000491144 -0.0184055 0.0535461 
-0.0015 0.00232172 0.07181700000000001 
0.010505 0.0269491 0.0353922 
0.0166633 -0.0176763 0.169444 
0.0159018 -0.0209872 0.130375 
0.0185 0.016017 0.0976562 
3 739 556 740 
3 423 556 866 
3 556 423 740 
3 993 239 327 
3 585 239 580 
3 239 993 37 
3 921 739 740 
3 739 189 556 
3 831 423 134 
3 365 862 496 
3 310 423 866 
3 423 871 134 
3 862 871 496 
3 871 862 134 
3 304 585 580 
3 304 239 585 
3 239 960 679 
3 921 714 739 
3 342 993 327 
3 714 342 327 
3 342 714 444 
3 450 310 806 
3 365 139 37 
3 139 450 806 
3 118 255 611 
3 166 118 611 
3 255 60 514 
3 514 60 37 
3 60 960 37 
3 960 60 679 
3 527 831 854 
3 310 700 806 
3 806 700 514 
3 274 329 580 
3 329 304 580 
3 329 21 304 
3 929 304 327 
3 239 929 327 
3 304 929 239 
3 69 274 580 
3 69 601 274 
3 89 166 962 
3 89 118 166 
3 118 89 509 
3 634 89 962 
3 63 281 37 
3 281 862 365 
3 601 54 274 
3 634 54 601 
3 54 634 962 
3 166 54 962 
3 503 239 37 
3 960 503 37 
3 503 960 239 
3 94 714 921 
3 342 581 993 
3 581 342 444 
3 581 281 63 
3 903 21 191 
3 189 903 556 
3 871 750 496 
3 750 871 423 
3 139 750 450 
3 750 365 496 
3 750 139 365 
3 202 806 514 
3 202 139 806 
3 202 514 37 
3 139 202 37 
3 118 731 255 
3 731 60 255 
3 60 731 647 
3 831 567 854 
3 79 567 831 
3 567 79 796 
3 714 567 796 
3 94 567 714 
3 854 567 740 
3 567 921 740 
3 567 94 921 
3 879 854 740 
3 879 527 854 
3 423 879 740 
3 831 879 423 
3 527 879 831 
3 862 574 134 
3 574 827 134 
3 827 574 862 
3 651 801 535 
3 801 651 831 
3 79 651 535 
3 651 79 831 
3 67 801 831 
3 801 67 827 
3 67 831 134 
3 827 67 134 
3 21 411 304 
3 878 189 739 
3 632 166 611 
3 54 632 274 
3 632 54 166 
3 632 903 191 
3 21 383 274 
3 383 329 274 
3 329 383 21 
3 667 69 580 
3 69 667 601 
3 667 634 601 
3 239 667 580 
3 89 630 509 
3 630 60 647 
3 630 118 509 
3 439 667 239 
3 439 89 634 
3 667 439 634 
3 642 365 37 
3 281 642 37 
3 642 281 365 
3 403 982 796 
3 982 403 535 
3 79 403 796 
3 403 79 535 
3 835 714 796 
3 982 835 796 
3 835 982 535 
3 581 481 993 
3 481 581 63 
3 993 481 37 
3 481 63 37 
3 281 781 862 
3 785 903 189 
3 903 785 21 
3 878 785 189 
3 556 262 866 
3 903 262 556 
3 632 262 903 
3 262 310 866 
3 255 262 611 
3 262 632 611 
3 450 732 310 
3 750 732 450 
3 310 732 423 
3 732 750 423 
3 731 232 647 
3 232 731 118 
3 232 630 647 
3 630 232 118 
3 411 242 33 
3 242 411 21 
3 242 878 33 
3 785 242 21 
3 242 785 878 
3 729 21 274 
3 632 729 274 
3 21 729 191 
3 729 632 191 
3 60 19 679 
3 439 19 60 
3 19 439 239 
3 630 185 60 
3 185 439 60 
3 185 630 89 
3 439 185 89 
3 714 890 444 
3 835 890 714 
3 890 581 444 
3 890 835 581 
3 801 143 535 
3 143 835 535 
3 781 143 862 
3 835 143 581 
3 143 781 581 
3 143 827 862 
3 143 801 827 
3 581 464 281 
3 781 464 581 
3 141 262 255 
3 141 255 514 
3 700 141 514 
3 141 700 310 
3 262 141 310 
3 87 239 679 
3 19 87 679 
3 87 19 239 
3 102 781 281 
3 464 102 281 
3 102 464 781 
3 304 878 327 
3 411 878 304 
3 714 878 739 
3 878 714 327 
3 878 411 33 
Vertices and facets:
- p739(v16): 0.032 -0.0034 0.018
  neighbors: f52 f116 f118 f199 f383 f501
- p556(v15): 0.035 -0.0015 0.028
  neighbors: f52 f63 f64 f118 f330 f441 f442
- p740(v8):  0.03 0.017  0.02
  neighbors: f52 f64 f116 f358 f359 f361 f363
- p423(v19): 0.035 0.0071  0.22
  neighbors: f63 f64 f137 f146 f152 f336 f363 f364 f451 f452
- p866(v1): 0.036 -0.002  0.21
  neighbors: f63 f146 f441 f445
- p239(v28): -0.03 -0.018 0.019
  neighbors: f102 f103 f107 f158 f194 f278 f279 f307 f309 f399 f411 f469 f493 f495
- p993(v14): -0.033 0.0035  0.02
  neighbors: f102 f107 f203 f321 f428 f430
- p327(v7): -0.031 0.001 0.018
  neighbors: f102 f203 f204 f277 f278 f499 f502
- p585(v21): -0.017 -0.027 0.019
  neighbors: f103 f157 f158
- p580(v10): -0.019 -0.029 0.021
  neighbors: f103 f157 f273 f274 f284 f395 f399
- p37(v0): -0.034 -0.0018 0.038
  neighbors: f107 f220 f233 f236 f298 f307 f308 f344 f345 f414 f415 f430 f431
- p921(v30):  0.03 0.011 0.019
  neighbors: f116 f199 f317 f359 f360
- p189(v31): 0.028 -0.015 0.019
  neighbors: f118 f330 f383 f437 f439
- p831(v34): 0.018 0.027  0.15
  neighbors: f137 f250 f353 f354 f364 f365 f370 f372 f373 f375
- p134(v9): 0.018 0.025  0.17
  neighbors: f137 f152 f154 f366 f367 f375 f376
- p862(v35): -0.028 0.021  0.21
  neighbors: f141 f153 f154 f299 f366 f368 f432 f480 f483
- p365(v25): -0.029 0.017  0.22
  neighbors: f141 f220 f299 f340 f341 f414 f416
- p496(v5): -0.027 0.019  0.22
  neighbors: f141 f153 f335 f340
- p310(v36): 0.035 -0.00048  0.22
  neighbors: f146 f215 f265 f445 f449 f451 f491 f492
- p871(v37): -0.026 0.019  0.22
  neighbors: f152 f153 f154 f335 f336
- p304(v38): -0.0047 -0.031 0.018
  neighbors: f157 f158 f274 f276 f277 f279 f379 f499 f500
- p960(v46): -0.031 -0.017 0.029
  neighbors: f194 f236 f237 f308 f309
- p679(v26): -0.029 -0.019  0.19
  neighbors: f194 f237 f466 f493 f494
- p714(v47): -0.0022 0.033 0.018
  neighbors: f199 f204 f205 f317 f356 f357 f421 f474 f475 f501 f502
- p342(v48): -0.031 0.0075 0.018
  neighbors: f203 f204 f205 f321 f322
- p444(v29): -0.025  0.02 0.019
  neighbors: f205 f322 f474 f476
- p450(v50): -0.028 0.012  0.23
  neighbors: f215 f221 f337 f449 f450
- p806(v32): -0.029 -0.0023  0.24
  neighbors: f215 f221 f265 f266 f342 f343
- p139(v51): -0.029 0.013  0.23
  neighbors: f220 f221 f337 f341 f343 f345
- p118(v52): 0.014 -0.025  0.17
  neighbors: f224 f227 f289 f290 f349 f405 f454 f456
- p255(v33): 0.032 -0.0083  0.22
  neighbors: f224 f229 f349 f350 f447 f488 f489
- p611(v11): 0.016 -0.026  0.16
  neighbors: f224 f227 f385 f447 f448
- p166(v41): 0.014 -0.026  0.16
  neighbors: f227 f287 f289 f305 f385 f387
- p60(v53): -0.029 -0.019  0.22
  neighbors: f229 f233 f236 f237 f350 f352 f403 f466 f467 f470 f471
- p514(v13): -0.029 -0.014  0.23
  neighbors: f229 f233 f266 f342 f344 f489 f490
- p527(v57): 0.029 0.019 0.034
  neighbors: f250 f362 f365
- p854(v20): 0.017  0.03  0.02
  neighbors: f250 f353 f358 f361 f362
- p700(v60): 0.034 -0.0041  0.22
  neighbors: f265 f266 f490 f491
- p329(v62): -0.0028 -0.033 0.022
  neighbors: f273 f274 f276 f393 f394
- p274(v23): 0.0008 -0.035 0.029
  neighbors: f273 f284 f286 f302 f386 f392 f393 f462 f463
- p21(v61): 0.017 -0.031 0.021
  neighbors: f276 f329 f379 f392 f394 f438 f458 f460 f462 f464
- p929(v63): -0.028 -0.0089 0.018
  neighbors: f277 f278 f279
- p69(v65): -0.016 -0.031 0.031
  neighbors: f284 f286 f395 f396
- p601(v40): -0.016 -0.031 0.035
  neighbors: f286 f302 f303 f396 f397
- p89(v66): -0.023 -0.026  0.16
  neighbors: f287 f289 f290 f292 f401 f412 f472 f473
- p962(v6): -0.02 -0.027  0.15
  neighbors: f287 f292 f304 f305
- p509(v42): -0.019 -0.024  0.18
  neighbors: f290 f401 f405
- p634(v45): -0.021 -0.028  0.14
  neighbors: f292 f303 f304 f397 f412 f413
- p281(v67): -0.029 0.019  0.19
  neighbors: f298 f299 f325 f415 f416 f432 f485 f496 f497
- p63(v43): -0.03 0.016 0.042
  neighbors: f298 f325 f429 f431
- p54(v68): 0.00028 -0.035 0.033
  neighbors: f302 f303 f304 f305 f386 f387
- p503(v69): -0.03 -0.017 0.023
  neighbors: f307 f308 f309
- p94(v71): 0.0086 0.028 0.018
  neighbors: f317 f357 f360
- p581(v72): -0.029 0.019 0.024
  neighbors: f321 f322 f325 f428 f429 f476 f477 f481 f482 f485 f487
- p903(v73):  0.03 -0.017 0.036
  neighbors: f329 f330 f391 f437 f438 f442 f444
- p191(v39): 0.019 -0.029 0.037
  neighbors: f329 f391 f464 f465
- p750(v74): -0.028 0.016  0.23
  neighbors: f335 f336 f337 f340 f341 f450 f452
- p202(v75): -0.029 -0.0082  0.23
  neighbors: f342 f343 f344 f345
- p731(v77): 0.0098 -0.024  0.18
  neighbors: f349 f350 f352 f453 f454
- p647(v24): -0.025 -0.021   0.2
  neighbors: f352 f403 f453 f455
- p567(v78): 0.016 0.031 0.019
  neighbors: f353 f354 f355 f356 f357 f358 f359 f360
- p79(v55): 0.0038 0.032  0.03
  neighbors: f354 f355 f371 f372 f419 f420
- p796(v2): -0.00055 0.033 0.018
  neighbors: f355 f356 f417 f419 f421 f422
- p879(v79):  0.03 0.017 0.031
  neighbors: f361 f362 f363 f364 f365
- p574(v80):  0.01 0.025  0.17
  neighbors: f366 f367 f368
- p827(v58): 0.012 0.026  0.16
  neighbors: f367 f368 f374 f376 f483 f484
- p651(v81): 0.017 0.027  0.15
  neighbors: f369 f370 f371 f372
- p801(v59): -0.022 0.026  0.16
  neighbors: f369 f370 f373 f374 f478 f484
- p535(v18): -0.02 0.027  0.15
  neighbors: f369 f371 f418 f420 f427 f478 f479
- p67(v82): 0.014 0.026  0.16
  neighbors: f373 f374 f375 f376
- p411(v83): 0.011 -0.028 0.018
  neighbors: f379 f457 f458 f500 f503
- p878(v84): 0.025 -0.02 0.018
  neighbors: f383 f439 f459 f461 f499 f500 f501 f502 f503
- p632(v85): 0.018 -0.028  0.13
  neighbors: f385 f386 f387 f391 f444 f448 f463 f465
- p383(v86): 0.0025 -0.034 0.025
  neighbors: f392 f393 f394
- p667(v87): -0.018 -0.03  0.03
  neighbors: f395 f396 f397 f399 f411 f413
- p630(v88): -0.024 -0.023  0.19
  neighbors: f401 f403 f405 f455 f456 f470 f472
- p439(v89): -0.024 -0.025  0.17
  neighbors: f411 f412 f413 f467 f469 f471 f473
- p642(v90): -0.029 0.018  0.21
  neighbors: f414 f415 f416
- p403(v91): -0.0049 0.032 0.045
  neighbors: f417 f418 f419 f420
- p982(v70): -0.016 0.031 0.038
  neighbors: f417 f418 f422 f427
- p835(v92): -0.016 0.031 0.032
  neighbors: f421 f422 f427 f475 f477 f479 f481
- p481(v93): -0.03 0.014 0.033
  neighbors: f428 f429 f430 f431
- p781(v94): -0.026 0.023  0.19
  neighbors: f432 f480 f482 f487 f496 f498
- p785(v95): 0.025 -0.02  0.02
  neighbors: f437 f438 f439 f460 f461
- p262(v96): 0.035 -0.0069  0.22
  neighbors: f441 f442 f444 f445 f447 f448 f488 f492
- p732(v97): 0.035 0.0046  0.22
  neighbors: f449 f450 f451 f452
- p232(v98): 0.0081 -0.025  0.17
  neighbors: f453 f454 f455 f456
- p242(v99): 0.022 -0.023 0.018
  neighbors: f457 f458 f459 f460 f461
- p33(v3): 0.023 -0.021 0.018
  neighbors: f457 f459 f503
- p729(v100): 0.016 -0.031 0.025
  neighbors: f462 f463 f464 f465
- p19(v101): -0.027 -0.022  0.19
  neighbors: f466 f467 f469 f494 f495
- p185(v102): -0.024 -0.025  0.17
  neighbors: f470 f471 f472 f473
- p890(v103): -0.014  0.03 0.025
  neighbors: f474 f475 f476 f477
- p143(v104): -0.023 0.026  0.16
  neighbors: f478 f479 f480 f481 f482 f483 f484
- p464(v105): -0.029  0.02  0.18
  neighbors: f485 f487 f497 f498
- p141(v106): 0.034 -0.0065  0.22
  neighbors: f488 f489 f490 f491 f492
- p87(v107): -0.028 -0.021  0.19
  neighbors: f493 f494 f495
- p102(v108): -0.028 0.021  0.19
  neighbors: f496 f497 f498
- f52
    - flags: top simplicial
    - normal:     0.963  0.09874  -0.2508
    - offset: -0.02607931
    - vertices: p739(v16) p556(v15) p740(v8)
    - neighboring facets: f64 f116 f118
- f63
    - flags: top simplicial
    - normal:    0.9969  0.07778 -0.007158
    - offset: -0.0342022
    - vertices: p423(v19) p556(v15) p866(v1)
    - neighboring facets: f441 f146 f64
- f64
    - flags: bottom simplicial
    - normal:    0.9766   0.2144 -0.01337
    - offset: -0.03312457
    - vertices: p423(v19) p556(v15) p740(v8)
    - neighboring facets: f52 f363 f63
- f102
    - flags: bottom simplicial
    - normal:    -0.803 -0.04885  -0.5939
    - offset: -0.01393477
    - center: -0.03113903333333333 -0.004412936666666666 0.01900446666666667 
    - vertices: p239(v28) p993(v14) p327(v7)
    - neighboring facets: f203 f278 f107
- f103
    - flags: bottom simplicial
    - normal:   -0.2715  -0.4605  -0.8452
    - offset: -0.0005879083
    - center: -0.02176006666666667 -0.02465736666666667 0.01972713333333333 
    - vertices: p239(v28) p585(v21) p580(v10)
    - neighboring facets: f157 f399 f158
- f107
    - flags: top simplicial
    - normal:    -0.987  -0.1102   -0.117
    - offset: -0.02944213
    - vertices: p239(v28) p993(v14) p37(v0)
    - neighboring facets: f430 f307 f102
- f116
    - flags: top simplicial
    - normal:    0.5544   0.1115  -0.8247
    - offset: -0.002583588
    - center: 0.03091586666666666 0.00808125 0.01874233333333334 
    - vertices: p921(v30) p739(v16) p740(v8)
    - neighboring facets: f52 f359 f199
- f118
    - flags: bottom simplicial
    - normal:    0.9397   -0.296  -0.1715
    - offset: -0.0280952
    - center: 0.03174576666666667 -0.006740823333333334 0.02174673333333333 
    - vertices: p189(v31) p739(v16) p556(v15)
    - neighboring facets: f52 f330 f383
- f137
    - flags: top simplicial
    - normal:    0.5826   0.8071  0.09561
    - offset: -0.04691534
    - vertices: p831(v34) p423(v19) p134(v9)
    - neighboring facets: f152 f375 f364
- f141
    - flags: bottom simplicial
    - normal:    -0.651   0.7494   0.1208
    - offset: -0.05872439
    - vertices: p862(v35) p365(v25) p496(v5)
    - neighboring facets: f340 f153 f299
- f146
    - flags: top simplicial
    - normal:    0.9942  0.06324  0.08673
    - offset: -0.05421347
    - vertices: p310(v36) p423(v19) p866(v1)
    - neighboring facets: f63 f445 f451
- f152
    - flags: bottom simplicial
    - normal:    0.2099   0.9341   0.2889
    - offset: -0.07626945
    - vertices: p871(v37) p423(v19) p134(v9)
    - neighboring facets: f137 f154 f336
- f153
    - flags: bottom simplicial
    - normal:  0.001594   0.9905   0.1377
    - offset: -0.04931835
    - vertices: p871(v37) p862(v35) p496(v5)
    - neighboring facets: f141 f335 f154
- f154
    - flags: top simplicial
    - normal:   0.02261   0.9906   0.1351
    - offset: -0.04820944
    - vertices: p871(v37) p862(v35) p134(v9)
    - neighboring facets: f366 f152 f153
- f157
    - flags: top simplicial tested
    - normal:    -0.248  -0.4781  -0.8426
    - offset: -0.0007237087
    - center: -0.01330148666666667 -0.0290049 0.01951526666666667 
    - vertices: p304(v38) p585(v21) p580(v10)
    - neighboring facets: f103 f274 f158
- f158
    - flags: top simplicial tested
    - normal:   -0.2282  -0.4008  -0.8873
    - offset: 0.002554942
    - center: -0.01712982 -0.0251803 0.01866116666666667 
    - vertices: p304(v38) p239(v28) p585(v21)
    - neighboring facets: f103 f157 f279
- f194
    - flags: bottom simplicial
    - normal:   -0.8616  -0.5076 -0.0001377
    - offset: -0.03490899
    - vertices: p960(v46) p239(v28) p679(v26)
    - neighboring facets: f493 f237 f309
- f199
    - flags: bottom simplicial tested seen
    - normal:   0.05143  0.04912  -0.9975
    - offset: 0.01646912
    - center: 0.02002214333333333 0.01327251666666667 0.01819686666666667 
    - vertices: p714(v47) p921(v30) p739(v16)
    - neighboring facets: f116 f501 f317
    - ridges:
- f203
    - flags: top simplicial tested
    - normal:   -0.7934 -0.02801  -0.6081
    - offset: -0.01340457
    - center: -0.03145553333333333 0.004020373333333333 0.0188131 
    - vertices: p342(v48) p993(v14) p327(v7)
    - neighboring facets: f102 f204 f321
- f204
    - flags: bottom simplicial tested seen
    - normal:  -0.00997 0.009004  -0.9999
    - offset: 0.01768292
    - center: -0.02131912333333333 0.01370623333333333 0.0180205 
    - vertices: p342(v48) p714(v47) p327(v7)
    - neighboring facets: f502 f203 f205
    - ridges:
- f205
    - flags: top simplicial tested
    - normal:   -0.1053   0.1186  -0.9873
    - offset: 0.01367387
    - center: -0.01956812333333333 0.01999487666666666 0.0183387 
    - vertices: p342(v48) p714(v47) p444(v29)
    - neighboring facets: f474 f322 f204
- f215
    - flags: top simplicial
    - normal:    0.1746   0.2486   0.9527
    - offset: -0.2190504
    - vertices: p450(v50) p310(v36) p806(v32)
    - neighboring facets: f265 f221 f449
- f220
    - flags: bottom simplicial
    - normal:   -0.9988  0.04478  0.02079
    - offset: -0.03479246
    - vertices: p139(v51) p365(v25) p37(v0)
    - neighboring facets: f414 f345 f341
- f221
    - flags: top simplicial
    - normal:   -0.8513   0.1703   0.4964
    - offset: -0.1409131
    - vertices: p139(v51) p450(v50) p806(v32)
    - neighboring facets: f215 f343 f337
- f224
    - flags: top simplicial
    - normal:    0.2716  -0.9381    0.215
    - offset: -0.06371428
    - vertices: p118(v52) p255(v33) p611(v11)
    - neighboring facets: f447 f227 f349
- f227
    - flags: bottom simplicial
    - normal:  6.313e-05  -0.9942   0.1071
    - offset: -0.04314434
    - vertices: p118(v52) p166(v41) p611(v11)
    - neighboring facets: f385 f224 f289
- f229
    - flags: bottom simplicial
    - normal:    0.1346   -0.935    0.328
    - offset: -0.08407821
    - vertices: p60(v53) p255(v33) p514(v13)
    - neighboring facets: f489 f233 f350
- f233
    - flags: bottom simplicial
    - normal:   -0.9981 -0.05842   0.0205
    - offset:  -0.034945
    - vertices: p60(v53) p514(v13) p37(v0)
    - neighboring facets: f344 f236 f229
- f236
    - flags: top simplicial
    - normal:   -0.9724  -0.2334 0.003281
    - offset: -0.03373226
    - vertices: p60(v53) p960(v46) p37(v0)
    - neighboring facets: f308 f233 f237
- f237
    - flags: bottom simplicial
    - normal:   -0.8927  -0.4507 0.0009618
    - offset: -0.03492319
    - vertices: p60(v53) p960(v46) p679(v26)
    - neighboring facets: f194 f466 f236
- f250
    - flags: top simplicial
    - normal:     0.694   0.7199   0.0118
    - offset: -0.03390573
    - vertices: p527(v57) p831(v34) p854(v20)
    - neighboring facets: f353 f362 f365
- f265
    - flags: bottom simplicial
    - normal:    0.1858  0.04369   0.9816
    - offset: -0.2259984
    - vertices: p700(v60) p310(v36) p806(v32)
    - neighboring facets: f215 f266 f491
- f266
    - flags: bottom simplicial
    - normal:    0.1344  -0.5784   0.8046
    - offset: -0.1871474
    - vertices: p700(v60) p806(v32) p514(v13)
    - neighboring facets: f342 f490 f265
- f273
    - flags: bottom simplicial
    - normal:   -0.2486  -0.9656 -0.07603
    - offset: -0.03123787
    - vertices: p329(v62) p274(v23) p580(v10)
    - neighboring facets: f284 f274 f393
- f274
    - flags: top simplicial
    - normal:   -0.2031  -0.8658  -0.4574
    - offset: -0.01938942
    - vertices: p329(v62) p304(v38) p580(v10)
    - neighboring facets: f157 f273 f276
- f276
    - flags: top simplicial
    - normal:   0.08716  -0.8202  -0.5653
    - offset: -0.0146852
    - center: 0.003062 -0.0315745 0.02030706666666667 
    - vertices: p329(v62) p21(v61) p304(v38)
    - neighboring facets: f379 f274 f394
- f277
    - flags: top simplicial tested seen
    - normal:  -0.02531 -0.02072  -0.9995
    - offset: 0.01723379
    - center: -0.02110652 -0.01291434 0.01804509999999999 
    - vertices: p929(v63) p304(v38) p327(v7)
    - neighboring facets: f499 f278 f279
    - ridges:
- f278
    - flags: bottom simplicial tested
    - normal:  -0.08192 -0.03665   -0.996
    - offset:  0.0154473
    - center: -0.0295651 -0.008566806666666668 0.01825696666666667 
    - vertices: p929(v63) p239(v28) p327(v7)
    - neighboring facets: f102 f277 f279
- f279
    - flags: bottom simplicial tested
    - normal:   -0.0481 -0.04496  -0.9978
    - offset: 0.01635088
    - center: -0.02088248666666667 -0.01917339666666667 0.01825696666666667 
    - vertices: p929(v63) p304(v38) p239(v28)
    - neighboring facets: f158 f278 f277
- f284
    - flags: top simplicial
    - normal:   -0.2522  -0.9654  -0.0668
    - offset: -0.03149292
    - vertices: p69(v65) p274(v23) p580(v10)
    - neighboring facets: f273 f395 f286
- f286
    - flags: top simplicial
    - normal:   -0.2474  -0.9684 -0.03066
    - offset: -0.03264788
    - vertices: p69(v65) p601(v40) p274(v23)
    - neighboring facets: f302 f284 f396
- f287
    - flags: top simplicial
    - normal:  -0.0007432  -0.9947   0.1031
    - offset: -0.04251392
    - vertices: p89(v66) p166(v41) p962(v6)
    - neighboring facets: f305 f292 f289
- f289
    - flags: top simplicial
    - normal:  1.226e-06  -0.9942   0.1071
    - offset: -0.04314289
    - vertices: p89(v66) p118(v52) p166(v41)
    - neighboring facets: f227 f287 f290
- f290
    - flags: bottom simplicial
    - normal:  8.586e-07  -0.9942   0.1071
    - offset: -0.04314327
    - vertices: p89(v66) p118(v52) p509(v42)
    - neighboring facets: f405 f401 f289
- f292
    - flags: bottom simplicial
    - normal:    -0.235  -0.9704  0.05492
    - offset: -0.03938419
    - vertices: p89(v66) p634(v45) p962(v6)
    - neighboring facets: f304 f287 f412
- f298
    - flags: bottom simplicial
    - normal:   -0.9744    0.225 -1.623e-05
    - offset: -0.03284139
    - vertices: p281(v67) p63(v43) p37(v0)
    - neighboring facets: f431 f415 f325
- f299
    - flags: top simplicial
    - normal:   -0.8468   0.5313   0.0261
    - offset: -0.03997249
    - vertices: p281(v67) p862(v35) p365(v25)
    - neighboring facets: f141 f416 f432
- f302
    - flags: bottom simplicial
    - normal:    -0.241  -0.9704 -0.01273
    - offset: -0.03324063
    - vertices: p54(v68) p601(v40) p274(v23)
    - neighboring facets: f286 f386 f303
- f303
    - flags: bottom simplicial
    - normal:    -0.237  -0.9713  0.01922
    - offset: -0.0343328
    - vertices: p54(v68) p634(v45) p601(v40)
    - neighboring facets: f397 f302 f304
- f304
    - flags: top simplicial
    - normal:   -0.1317  -0.9905  0.04039
    - offset: -0.03573141
    - vertices: p54(v68) p634(v45) p962(v6)
    - neighboring facets: f292 f305 f303
- f305
    - flags: bottom simplicial
    - normal:  0.009225  -0.9978  0.06567
    - offset: -0.03686551
    - vertices: p54(v68) p166(v41) p962(v6)
    - neighboring facets: f287 f304 f387
- f307
    - flags: top simplicial
    - normal:   -0.9804  -0.1906 -0.04927
    - offset: -0.03193386
    - vertices: p503(v69) p239(v28) p37(v0)
    - neighboring facets: f107 f308 f309
- f308
    - flags: bottom simplicial
    - normal:   -0.9742  -0.2254  -0.0111
    - offset: -0.0332336
    - vertices: p503(v69) p960(v46) p37(v0)
    - neighboring facets: f236 f307 f309
- f309
    - flags: top simplicial
    - normal:   -0.8818  -0.4716 -0.003691
    - offset: -0.03481079
    - vertices: p503(v69) p960(v46) p239(v28)
    - neighboring facets: f194 f307 f308
- f317
    - flags: top simplicial
    - normal:    0.0592  0.06063  -0.9964
    - offset: 0.01609254
    - vertices: p94(v71) p714(v47) p921(v30)
    - neighboring facets: f199 f360 f357
- f321
    - flags: bottom simplicial
    - normal:   -0.9432   0.2805  -0.1778
    - offset: -0.02814603
    - vertices: p581(v72) p342(v48) p993(v14)
    - neighboring facets: f203 f428 f322
- f322
    - flags: top simplicial
    - normal:   -0.8079   0.3937  -0.4386
    - offset: -0.02009228
    - vertices: p581(v72) p342(v48) p444(v29)
    - neighboring facets: f205 f476 f321
- f325
    - flags: top simplicial
    - normal:   -0.9265   0.3763 -0.003646
    - offset: -0.03364291
    - vertices: p581(v72) p281(v67) p63(v43)
    - neighboring facets: f298 f429 f485
- f329
    - flags: top simplicial
    - normal:    0.7216  -0.6918 -0.02611
    - offset: -0.03260525
    - vertices: p903(v73) p21(v61) p191(v39)
    - neighboring facets: f464 f391 f438
- f330
    - flags: bottom simplicial
    - normal:    0.9372  -0.3243  -0.1284
    - offset: -0.02927317
    - vertices: p903(v73) p189(v31) p556(v15)
    - neighboring facets: f118 f442 f437
- f335
    - flags: bottom simplicial
    - normal:    0.1719   0.8729   0.4566
    - offset: -0.1131207
    - vertices: p750(v74) p871(v37) p496(v5)
    - neighboring facets: f153 f340 f336
- f336
    - flags: top simplicial
    - normal:    0.2115   0.8591   0.4661
    - offset: -0.1139412
    - vertices: p750(v74) p871(v37) p423(v19)
    - neighboring facets: f152 f452 f335
- f337
    - flags: bottom simplicial
    - normal:   -0.6573   0.5305   0.5352
    - offset: -0.1486713
    - vertices: p750(v74) p139(v51) p450(v50)
    - neighboring facets: f221 f450 f341
- f340
    - flags: top simplicial
    - normal:   -0.7064   0.6783   0.2021
    - offset: -0.07689618
    - vertices: p750(v74) p365(v25) p496(v5)
    - neighboring facets: f141 f335 f341
- f341
    - flags: top simplicial
    - normal:     -0.88   0.4308      0.2
    - offset: -0.07721584
    - vertices: p750(v74) p139(v51) p365(v25)
    - neighboring facets: f220 f340 f337
- f342
    - flags: top simplicial
    - normal:   -0.8514  -0.2558    0.458
    - offset: -0.1328351
    - vertices: p202(v75) p806(v32) p514(v13)
    - neighboring facets: f266 f344 f343
- f343
    - flags: top simplicial
    - normal:   -0.9853  0.01368   0.1705
    - offset: -0.06827523
    - vertices: p202(v75) p139(v51) p806(v32)
    - neighboring facets: f221 f342 f345
- f344
    - flags: top simplicial
    - normal:   -0.9996 -0.01316  0.02357
    - offset: -0.03503243
    - vertices: p202(v75) p514(v13) p37(v0)
    - neighboring facets: f233 f345 f342
- f345
    - flags: bottom simplicial
    - normal:   -0.9997 0.001931  0.02407
    - offset: -0.03502658
    - vertices: p202(v75) p139(v51) p37(v0)
    - neighboring facets: f220 f344 f343
- f349
    - flags: bottom simplicial
    - normal:    0.2046  -0.9482   0.2432
    - offset: -0.06781865
    - vertices: p731(v77) p118(v52) p255(v33)
    - neighboring facets: f224 f350 f454
- f350
    - flags: top simplicial
    - normal:    0.1405  -0.9505    0.277
    - offset:  -0.073201
    - vertices: p731(v77) p60(v53) p255(v33)
    - neighboring facets: f229 f349 f352
- f352
    - flags: bottom simplicial
    - normal:   0.07738   -0.973   0.2172
    - offset: -0.06260545
    - vertices: p731(v77) p60(v53) p647(v24)
    - neighboring facets: f403 f453 f350
- f353
    - flags: bottom simplicial
    - normal:    0.2372   0.9712  0.02276
    - offset: -0.0340722
    - vertices: p567(v78) p831(v34) p854(v20)
    - neighboring facets: f250 f358 f354
- f354
    - flags: bottom simplicial
    - normal:    0.1572   0.9873  0.02425
    - offset: -0.03328034
    - vertices: p567(v78) p79(v55) p831(v34)
    - neighboring facets: f372 f353 f355
- f355
    - flags: top simplicial
    - normal:    0.1308   0.9914 -0.006597
    - offset: -0.03237361
    - vertices: p567(v78) p79(v55) p796(v2)
    - neighboring facets: f419 f356 f354
- f356
    - flags: bottom simplicial
    - normal:    0.1213   0.5548  -0.8231
    - offset: -0.002986161
    - vertices: p567(v78) p714(v47) p796(v2)
    - neighboring facets: f421 f355 f357
- f357
    - flags: bottom simplicial
    - normal:   0.08941   0.1297  -0.9875
    - offset:  0.0137505
    - vertices: p567(v78) p94(v71) p714(v47)
    - neighboring facets: f317 f356 f360
- f358
    - flags: bottom simplicial
    - normal:    0.6698    0.686  -0.2842
    - offset: -0.02647747
    - vertices: p567(v78) p854(v20) p740(v8)
    - neighboring facets: f361 f359 f353
- f359
    - flags: top simplicial
    - normal:    0.1629   0.1532  -0.9747
    - offset: 0.01157651
    - vertices: p567(v78) p921(v30) p740(v8)
    - neighboring facets: f116 f358 f360
- f360
    - flags: top simplicial
    - normal:   0.09725   0.1086  -0.9893
    - offset: 0.01430199
    - vertices: p567(v78) p94(v71) p921(v30)
    - neighboring facets: f317 f359 f357
- f361
    - flags: top simplicial
    - normal:    0.7049   0.7092  -0.0102
    - offset: -0.03332081
    - vertices: p879(v79) p854(v20) p740(v8)
    - neighboring facets: f358 f363 f362
- f362
    - flags: top simplicial
    - normal:    0.7002   0.7139 0.001018
    - offset: -0.0336113
    - vertices: p879(v79) p527(v57) p854(v20)
    - neighboring facets: f250 f361 f365
- f363
    - flags: bottom simplicial
    - normal:    0.8905    0.455 0.0008674
    - offset: -0.03486901
    - vertices: p879(v79) p423(v19) p740(v8)
    - neighboring facets: f64 f361 f364
- f364
    - flags: bottom simplicial
    - normal:    0.7295   0.6837  0.01797
    - offset: -0.03450299
    - vertices: p879(v79) p831(v34) p423(v19)
    - neighboring facets: f137 f363 f365
- f365
    - flags: bottom simplicial
    - normal:    0.7123   0.7017  0.01476
    - offset: -0.0341938
    - vertices: p879(v79) p527(v57) p831(v34)
    - neighboring facets: f250 f364 f362
- f366
    - flags: bottom simplicial
    - normal:  9.557e-06   0.9942   0.1072
    - offset: -0.04314473
    - vertices: p574(v80) p862(v35) p134(v9)
    - neighboring facets: f154 f367 f368
- f367
    - flags: top simplicial
    - normal:  7.639e-06   0.9942   0.1071
    - offset: -0.04314386
    - vertices: p574(v80) p827(v58) p134(v9)
    - neighboring facets: f376 f366 f368
- f368
    - flags: bottom simplicial
    - normal:  4.434e-06   0.9942   0.1071
    - offset: -0.0431437
    - vertices: p574(v80) p827(v58) p862(v35)
    - neighboring facets: f483 f366 f367
- f369
    - flags: top simplicial
    - normal:  -0.001733   0.9951  0.09894
    - offset: -0.04189684
    - vertices: p651(v81) p801(v59) p535(v18)
    - neighboring facets: f478 f371 f370
- f370
    - flags: bottom simplicial
    - normal:  -3.358e-05   0.9943    0.107
    - offset: -0.04311799
    - vertices: p651(v81) p801(v59) p831(v34)
    - neighboring facets: f373 f372 f369
- f371
    - flags: bottom simplicial
    - normal:   0.00422   0.9991  0.04303
    - offset: -0.03365929
    - vertices: p651(v81) p79(v55) p535(v18)
    - neighboring facets: f420 f369 f372
- f372
    - flags: top simplicial
    - normal:   0.00477   0.9991  0.04297
    - offset: -0.03365951
    - vertices: p651(v81) p79(v55) p831(v34)
    - neighboring facets: f354 f370 f371
- f373
    - flags: top simplicial
    - normal:  -1.023e-06   0.9942   0.1071
    - offset: -0.0431423
    - vertices: p67(v82) p801(v59) p831(v34)
    - neighboring facets: f370 f375 f374
- f374
    - flags: bottom simplicial
    - normal:  -1.028e-06   0.9942   0.1071
    - offset: -0.04314244
    - vertices: p67(v82) p801(v59) p827(v58)
    - neighboring facets: f484 f376 f373
- f375
    - flags: top simplicial
    - normal:  1.052e-05   0.9942   0.1071
    - offset: -0.04314334
    - vertices: p67(v82) p831(v34) p134(v9)
    - neighboring facets: f137 f376 f373
- f376
    - flags: bottom simplicial
    - normal:  1.05e-05   0.9942   0.1071
    - offset: -0.04314334
    - vertices: p67(v82) p827(v58) p134(v9)
    - neighboring facets: f367 f375 f374
- f379
    - flags: bottom simplicial tested seen
    - normal:    0.1125  -0.6319  -0.7669
    - offset: -0.005136035
    - center: 0.00760698 -0.0298005 0.01897253333333333 
    - vertices: p411(v83) p21(v61) p304(v38)
    - neighboring facets: f276 f500 f458
    - ridges:
- f383
    - flags: top simplicial tested seen
    - normal:    0.4178  -0.1894  -0.8886
    - offset: 0.001932632
    - center: 0.0284493 -0.01281508333333333 0.01828463333333333 
    - vertices: p878(v84) p189(v31) p739(v16)
    - neighboring facets: f118 f501 f439
    - ridges:
- f385
    - flags: top simplicial
    - normal:    0.1781  -0.9825  0.05532
    - offset: -0.03726822
    - vertices: p632(v85) p166(v41) p611(v11)
    - neighboring facets: f227 f448 f387
- f386
    - flags: bottom simplicial
    - normal:    0.1927  -0.9805  0.03903
    - offset: -0.03543049
    - vertices: p632(v85) p54(v68) p274(v23)
    - neighboring facets: f302 f463 f387
- f387
    - flags: top simplicial
    - normal:    0.1382  -0.9891  0.05035
    - offset: -0.03609173
    - vertices: p632(v85) p54(v68) p166(v41)
    - neighboring facets: f305 f385 f386
- f391
    - flags: top simplicial
    - normal:    0.7238  -0.6898  0.01416
    - offset: -0.03407941
    - vertices: p632(v85) p903(v73) p191(v39)
    - neighboring facets: f329 f465 f444
- f392
    - flags: bottom simplicial
    - normal:    0.1658  -0.9677  -0.1899
    - offset: -0.02835441
    - vertices: p383(v86) p21(v61) p274(v23)
    - neighboring facets: f462 f393 f394
- f393
    - flags: top simplicial
    - normal:   0.05336  -0.9706  -0.2346
    - offset: -0.02707539
    - vertices: p383(v86) p329(v62) p274(v23)
    - neighboring facets: f273 f392 f394
- f394
    - flags: bottom simplicial
    - normal:    0.1148  -0.9287  -0.3526
    - offset: -0.02290999
    - vertices: p383(v86) p329(v62) p21(v61)
    - neighboring facets: f276 f392 f393
- f395
    - flags: top simplicial
    - normal:   -0.2909  -0.9552 -0.05521
    - offset: -0.03215805
    - vertices: p667(v87) p69(v65) p580(v10)
    - neighboring facets: f284 f399 f396
- f396
    - flags: bottom simplicial
    - normal:   -0.3048  -0.9517 -0.03653
    - offset: -0.03286114
    - vertices: p667(v87) p69(v65) p601(v40)
    - neighboring facets: f286 f397 f395
- f397
    - flags: top simplicial
    - normal:   -0.4302  -0.9027 0.009545
    - offset: -0.03502569
    - vertices: p667(v87) p634(v45) p601(v40)
    - neighboring facets: f303 f396 f413
- f399
    - flags: bottom simplicial
    - normal:   -0.7056  -0.7085 -0.01006
    - offset: -0.03360545
    - vertices: p667(v87) p239(v28) p580(v10)
    - neighboring facets: f103 f395 f411
- f401
    - flags: bottom simplicial
    - normal:  3.729e-07  -0.9942   0.1071
    - offset: -0.04314331
    - vertices: p630(v88) p89(v66) p509(v42)
    - neighboring facets: f290 f405 f472
- f403
    - flags: top simplicial
    - normal:   -0.1837  -0.9753   0.1224
    - offset: -0.04992736
    - vertices: p630(v88) p60(v53) p647(v24)
    - neighboring facets: f352 f455 f470
- f405
    - flags: top simplicial
    - normal:  1.002e-06  -0.9942   0.1071
    - offset: -0.04314337
    - vertices: p630(v88) p118(v52) p509(v42)
    - neighboring facets: f290 f401 f456
- f411
    - flags: top simplicial
    - normal:   -0.7066  -0.7076 -0.007943
    - offset: -0.03365752
    - vertices: p439(v89) p667(v87) p239(v28)
    - neighboring facets: f399 f469 f413
- f412
    - flags: top simplicial
    - normal:   -0.3696  -0.9285   0.0351
    - offset: -0.03815486
    - vertices: p439(v89) p89(v66) p634(v45)
    - neighboring facets: f292 f413 f473
- f413
    - flags: bottom simplicial
    - normal:   -0.4967  -0.8679 0.007345
    - offset: -0.03511947
    - vertices: p439(v89) p667(v87) p634(v45)
    - neighboring facets: f397 f412 f411
- f414
    - flags: top simplicial
    - normal:   -0.9836   0.1804 0.005919
    - offset: -0.03346237
    - vertices: p642(v90) p365(v25) p37(v0)
    - neighboring facets: f220 f415 f416
- f415
    - flags: bottom simplicial
    - normal:   -0.9799   0.1995 0.003648
    - offset: -0.03321589
    - vertices: p642(v90) p281(v67) p37(v0)
    - neighboring facets: f298 f414 f416
- f416
    - flags: top simplicial
    - normal:   -0.9647   0.2634  0.00864
    - offset: -0.0349489
    - vertices: p642(v90) p281(v67) p365(v25)
    - neighboring facets: f299 f414 f415
- f417
    - flags: top simplicial
    - normal:   -0.1162    0.993  0.02249
    - offset: -0.03309781
    - vertices: p403(v91) p982(v70) p796(v2)
    - neighboring facets: f422 f419 f418
- f418
    - flags: bottom simplicial
    - normal:   -0.1171   0.9928  0.02414
    - offset: -0.03317124
    - vertices: p403(v91) p982(v70) p535(v18)
    - neighboring facets: f427 f420 f417
- f419
    - flags: bottom simplicial
    - normal:  -0.002796   0.9991   0.0415
    - offset: -0.03358837
    - vertices: p403(v91) p79(v55) p796(v2)
    - neighboring facets: f355 f417 f420
- f420
    - flags: top simplicial
    - normal:  -0.002572   0.9991  0.04163
    - offset: -0.0335932
    - vertices: p403(v91) p79(v55) p535(v18)
    - neighboring facets: f371 f418 f419
- f421
    - flags: top simplicial
    - normal:   -0.1593    0.987 -0.02111
    - offset: -0.03212202
    - vertices: p835(v92) p714(v47) p796(v2)
    - neighboring facets: f356 f422 f475
- f422
    - flags: bottom simplicial
    - normal:   -0.1347   0.9909 0.008287
    - offset: -0.0327767
    - vertices: p835(v92) p982(v70) p796(v2)
    - neighboring facets: f417 f421 f427
- f427
    - flags: top simplicial
    - normal:   -0.3638   0.9314  0.01198
    - offset:  -0.034704
    - vertices: p835(v92) p982(v70) p535(v18)
    - neighboring facets: f418 f479 f422
- f428
    - flags: bottom simplicial
    - normal:   -0.9663   0.2538 -0.04287
    - offset: -0.03155509
    - vertices: p481(v93) p581(v72) p993(v14)
    - neighboring facets: f321 f430 f429
- f429
    - flags: top simplicial
    - normal:   -0.9536   0.3005  -0.0177
    - offset: -0.03266882
    - vertices: p481(v93) p581(v72) p63(v43)
    - neighboring facets: f325 f431 f428
- f430
    - flags: bottom simplicial
    - normal:   -0.9746   0.2235 -0.01479
    - offset: -0.03229112
    - vertices: p481(v93) p993(v14) p37(v0)
    - neighboring facets: f107 f431 f428
- f431
    - flags: top simplicial
    - normal:    -0.974   0.2263 -0.005767
    - offset: -0.03261033
    - vertices: p481(v93) p63(v43) p37(v0)
    - neighboring facets: f298 f430 f429
- f432
    - flags: bottom simplicial
    - normal:   -0.7942   0.6076 0.009472
    - offset: -0.03671019
    - vertices: p781(v94) p281(v67) p862(v35)
    - neighboring facets: f299 f480 f496
- f437
    - flags: top simplicial
    - normal:    0.8119  -0.5677  -0.1366
    - offset: -0.02929176
    - vertices: p785(v95) p903(v73) p189(v31)
    - neighboring facets: f330 f439 f438
- f438
    - flags: bottom simplicial
    - normal:    0.7596  -0.6414  -0.1073
    - offset: -0.03000146
    - center: 0.02413423333333333 -0.0224409 0.02540443333333333 
    - vertices: p785(v95) p903(v73) p21(v61)
    - neighboring facets: f329 f460 f437
- f439
    - flags: bottom simplicial
    - normal:    0.7218  -0.5488  -0.4216
    - offset: -0.02106269
    - center: 0.02622753333333333 -0.01831716666666666 0.01879036666666667 
    - vertices: p785(v95) p878(v84) p189(v31)
    - neighboring facets: f383 f437 f461
- f441
    - flags: bottom simplicial
    - normal:    0.9809  -0.1942 -0.00787
    - offset: -0.03402207
    - vertices: p262(v96) p556(v15) p866(v1)
    - neighboring facets: f63 f445 f442
- f442
    - flags: bottom simplicial
    - normal:    0.9615  -0.2745 -0.01014
    - offset: -0.03340282
    - vertices: p262(v96) p903(v73) p556(v15)
    - neighboring facets: f330 f441 f444
- f444
    - flags: bottom simplicial
    - normal:    0.7367   -0.676  0.01749
    - offset: -0.03435514
    - vertices: p262(v96) p632(v85) p903(v73)
    - neighboring facets: f391 f442 f448
- f445
    - flags: top simplicial
    - normal:    0.9913  -0.0752   0.1083
    - offset: -0.05900603
    - vertices: p262(v96) p310(v36) p866(v1)
    - neighboring facets: f146 f441 f492
- f447
    - flags: bottom simplicial
    - normal:    0.4399  -0.8853   0.1509
    - offset:  -0.054611
    - vertices: p262(v96) p255(v33) p611(v11)
    - neighboring facets: f224 f448 f488
- f448
    - flags: top simplicial
    - normal:    0.5924  -0.8025  0.07134
    - offset:  -0.041965
    - vertices: p262(v96) p632(v85) p611(v11)
    - neighboring facets: f385 f447 f444
- f449
    - flags: bottom simplicial
    - normal:    0.2228   0.6787   0.6998
    - offset: -0.1639734
    - vertices: p732(v97) p450(v50) p310(v36)
    - neighboring facets: f215 f451 f450
- f450
    - flags: bottom simplicial
    - normal:      0.22   0.7074   0.6717
    - offset: -0.1578696
    - vertices: p732(v97) p750(v74) p450(v50)
    - neighboring facets: f337 f449 f452
- f451
    - flags: bottom simplicial
    - normal:     0.908   0.2958   0.2965
    - offset: -0.09799807
    - vertices: p732(v97) p310(v36) p423(v19)
    - neighboring facets: f146 f452 f449
- f452
    - flags: top simplicial
    - normal:    0.2223   0.7749   0.5917
    - offset:  -0.140749
    - vertices: p732(v97) p750(v74) p423(v19)
    - neighboring facets: f336 f451 f450
- f453
    - flags: bottom simplicial
    - normal:   0.01952  -0.9897   0.1419
    - offset: -0.04917959
    - vertices: p232(v98) p731(v77) p647(v24)
    - neighboring facets: f352 f455 f454
- f454
    - flags: top simplicial
    - normal:   0.01971  -0.9897   0.1418
    - offset: -0.04916446
    - vertices: p232(v98) p731(v77) p118(v52)
    - neighboring facets: f349 f456 f453
- f455
    - flags: top simplicial
    - normal:  0.009345  -0.9914   0.1307
    - offset: -0.04721667
    - vertices: p232(v98) p630(v88) p647(v24)
    - neighboring facets: f403 f453 f456
- f456
    - flags: bottom simplicial
    - normal:  4.654e-05  -0.9942   0.1073
    - offset: -0.04316201
    - vertices: p232(v98) p630(v88) p118(v52)
    - neighboring facets: f405 f454 f455
- f457
    - flags: bottom simplicial tested seen
    - normal:   0.06971  -0.1222  -0.9901
    - offset: 0.01363714
    - center: 0.0187366 -0.0240732 0.0180653 
    - vertices: p242(v99) p411(v83) p33(v3)
    - neighboring facets: f503 f459 f458
    - ridges:
- f458
    - flags: top simplicial tested
    - normal:    0.2198  -0.4796  -0.8495
    - offset: -0.0005430837
    - center: 0.01647076666666666 -0.02730473333333333 0.01903783333333333 
    - vertices: p242(v99) p411(v83) p21(v61)
    - neighboring facets: f379 f460 f457
- f459
    - flags: top simplicial tested seen
    - normal:    0.1667  -0.1811  -0.9692
    - offset: 0.009761426
    - center: 0.02336566666666666 -0.02128323333333333 0.0180653 
    - vertices: p242(v99) p878(v84) p33(v3)
    - neighboring facets: f503 f457 f461
    - ridges:
- f460
    - flags: bottom simplicial tested
    - normal:    0.7192  -0.6319  -0.2888
    - offset: -0.02524262
    - center: 0.02133903333333333 -0.02458866666666667 0.01954356666666667 
    - vertices: p242(v99) p785(v95) p21(v61)
    - neighboring facets: f438 f458 f461
- f461
    - flags: top simplicial tested
    - normal:    0.7075  -0.5699  -0.4179
    - offset: -0.02118969
    - center: 0.02403326666666666 -0.02096276666666666 0.01857103333333333 
    - vertices: p242(v99) p785(v95) p878(v84)
    - neighboring facets: f439 f459 f460
- f462
    - flags: top simplicial
    - normal:    0.2554  -0.9668   -0.011
    - offset: -0.03355869
    - vertices: p729(v100) p21(v61) p274(v23)
    - neighboring facets: f392 f463 f464
- f463
    - flags: bottom simplicial
    - normal:     0.263  -0.9645  0.02508
    - offset: -0.03452585
    - vertices: p729(v100) p632(v85) p274(v23)
    - neighboring facets: f386 f462 f465
- f464
    - flags: bottom simplicial
    - normal:    0.5761  -0.8173 0.003466
    - offset: -0.03463712
    - vertices: p729(v100) p21(v61) p191(v39)
    - neighboring facets: f329 f465 f462
- f465
    - flags: top simplicial
    - normal:    0.5283  -0.8489  0.01645
    - offset: -0.03514297
    - vertices: p729(v100) p632(v85) p191(v39)
    - neighboring facets: f391 f464 f463
- f466
    - flags: bottom simplicial
    - normal:   -0.8045   -0.594  0.00539
    - offset: -0.03593981
    - vertices: p19(v101) p60(v53) p679(v26)
    - neighboring facets: f237 f494 f467
- f467
    - flags: bottom simplicial
    - normal:   -0.5693  -0.8207  0.04881
    - offset: -0.04257137
    - vertices: p19(v101) p439(v89) p60(v53)
    - neighboring facets: f471 f466 f469
- f469
    - flags: top simplicial
    - normal:   -0.7552  -0.6555 -0.003435
    - offset: -0.03427705
    - vertices: p19(v101) p439(v89) p239(v28)
    - neighboring facets: f411 f495 f467
- f470
    - flags: bottom simplicial
    - normal:   -0.2641  -0.9587   0.1051
    - offset: -0.04826199
    - vertices: p185(v102) p630(v88) p60(v53)
    - neighboring facets: f403 f471 f472
- f471
    - flags: top simplicial
    - normal:   -0.4516  -0.8895  0.07019
    - offset: -0.04498276
    - vertices: p185(v102) p439(v89) p60(v53)
    - neighboring facets: f467 f470 f473
- f472
    - flags: top simplicial
    - normal:  -0.0001992  -0.9942   0.1071
    - offset: -0.04314645
    - vertices: p185(v102) p630(v88) p89(v66)
    - neighboring facets: f401 f473 f470
- f473
    - flags: bottom simplicial
    - normal:   -0.3229  -0.9439  0.06926
    - offset: -0.04306913
    - vertices: p185(v102) p439(v89) p89(v66)
    - neighboring facets: f412 f472 f471
- f474
    - flags: bottom simplicial
    - normal:   -0.4268    0.743  -0.5156
    - offset: -0.01586831
    - vertices: p890(v103) p714(v47) p444(v29)
    - neighboring facets: f205 f476 f475
- f475
    - flags: bottom simplicial
    - normal:   -0.2352   0.9667  -0.1005
    - offset: -0.03020226
    - vertices: p890(v103) p835(v92) p714(v47)
    - neighboring facets: f421 f474 f477
- f476
    - flags: top simplicial
    - normal:   -0.6048   0.7655  -0.2197
    - offset: -0.02645949
    - vertices: p890(v103) p581(v72) p444(v29)
    - neighboring facets: f322 f474 f477
- f477
    - flags: top simplicial
    - normal:   -0.6121   0.7715  -0.1733
    - offset: -0.02789835
    - vertices: p890(v103) p835(v92) p581(v72)
    - neighboring facets: f481 f476 f475
- f478
    - flags: bottom simplicial
    - normal:  -0.05328   0.9944  0.09119
    - offset: -0.04178352
    - vertices: p143(v104) p801(v59) p535(v18)
    - neighboring facets: f369 f479 f484
- f479
    - flags: top simplicial
    - normal:   -0.4769    0.879 0.006177
    - offset: -0.03470622
    - vertices: p143(v104) p835(v92) p535(v18)
    - neighboring facets: f427 f478 f481
- f480
    - flags: bottom simplicial
    - normal:   -0.0485   0.9936   0.1019
    - offset: -0.04338359
    - vertices: p143(v104) p781(v94) p862(v35)
    - neighboring facets: f432 f483 f482
- f481
    - flags: bottom simplicial
    - normal:   -0.6753   0.7375 -0.009507
    - offset: -0.03302072
    - vertices: p143(v104) p835(v92) p581(v72)
    - neighboring facets: f477 f482 f479
- f482
    - flags: top simplicial
    - normal:   -0.6816   0.7317 -0.008925
    - offset: -0.03310735
    - vertices: p143(v104) p781(v94) p581(v72)
    - neighboring facets: f487 f481 f480
- f483
    - flags: top simplicial
    - normal:  -1.334e-06   0.9942   0.1071
    - offset: -0.04314275
    - vertices: p143(v104) p827(v58) p862(v35)
    - neighboring facets: f368 f480 f484
- f484
    - flags: top simplicial
    - normal:  -1.307e-06   0.9942   0.1071
    - offset: -0.04314271
    - vertices: p143(v104) p801(v59) p827(v58)
    - neighboring facets: f374 f483 f478
- f485
    - flags: bottom simplicial
    - normal:   -0.8203   0.5719 -0.003873
    - offset: -0.03423685
    - vertices: p464(v105) p581(v72) p281(v67)
    - neighboring facets: f325 f497 f487
- f487
    - flags: bottom simplicial
    - normal:   -0.7923   0.6101 -0.004167
    - offset: -0.03413738
    - vertices: p464(v105) p781(v94) p581(v72)
    - neighboring facets: f482 f485 f498
- f488
    - flags: top simplicial
    - normal:    0.4422  -0.8695   0.2201
    - offset: -0.0697411
    - vertices: p141(v106) p262(v96) p255(v33)
    - neighboring facets: f447 f489 f492
- f489
    - flags: top simplicial
    - normal:    0.1458  -0.8716    0.468
    - offset: -0.1146267
    - vertices: p141(v106) p255(v33) p514(v13)
    - neighboring facets: f229 f490 f488
- f490
    - flags: bottom simplicial
    - normal:    0.1377  -0.6051   0.7842
    - offset:  -0.182795
    - vertices: p141(v106) p700(v60) p514(v13)
    - neighboring facets: f266 f489 f491
- f491
    - flags: top simplicial
    - normal:    0.8626   -0.221   0.4551
    - offset: -0.1321167
    - vertices: p141(v106) p700(v60) p310(v36)
    - neighboring facets: f265 f492 f490
- f492
    - flags: bottom simplicial
    - normal:     0.951  -0.1784   0.2525
    - offset: -0.08987532
    - vertices: p141(v106) p262(v96) p310(v36)
    - neighboring facets: f445 f491 f488
- f493
    - flags: top simplicial
    - normal:   -0.8059   -0.592 -0.001195
    - offset: -0.03471572
    - vertices: p87(v107) p239(v28) p679(v26)
    - neighboring facets: f194 f494 f495
- f494
    - flags: bottom simplicial
    - normal:   -0.8043  -0.5942 0.004051
    - offset: -0.03568949
    - vertices: p87(v107) p19(v101) p679(v26)
    - neighboring facets: f466 f493 f495
- f495
    - flags: top simplicial
    - normal:   -0.7821  -0.6231 -0.002239
    - offset: -0.03453344
    - vertices: p87(v107) p19(v101) p239(v28)
    - neighboring facets: f469 f493 f494
- f496
    - flags: top simplicial
    - normal:   -0.7946   0.6071 0.008023
    - offset: -0.03643486
    - vertices: p102(v108) p781(v94) p281(v67)
    - neighboring facets: f432 f497 f498
- f497
    - flags: bottom simplicial
    - normal:   -0.8029   0.5961 -0.0008344
    - offset: -0.03477251
    - vertices: p102(v108) p464(v105) p281(v67)
    - neighboring facets: f485 f496 f498
- f498
    - flags: top simplicial
    - normal:   -0.7936   0.6084 -0.002862
    - offset: -0.03437974
    - vertices: p102(v108) p464(v105) p781(v94)
    - neighboring facets: f487 f496 f497
- f499
    - flags: bottom simplicial tricoplanar keepcentrum
    - owner of normal & centrum is facet f499
    - normal:        -0        0       -1
    - offset:      0.018
    - center: 0.007645252857142858 -0.009883754285714285  0.018 
    - vertices: p878(v84) p304(v38) p327(v7)
    - neighboring facets: f277 f502 f500
- f500
    - flags: bottom simplicial tricoplanar
    - owner of normal & centrum is facet f499
    - normal:        -0        0       -1
    - offset:      0.018
    - center: 0.007645252857142858 -0.009883754285714285  0.018 
    - vertices: p878(v84) p411(v83) p304(v38)
    - neighboring facets: f379 f499 f503
- f501
    - flags: bottom simplicial tricoplanar
    - owner of normal & centrum is facet f499
    - normal:        -0        0       -1
    - offset:      0.018
    - center: 0.007645252857142858 -0.009883754285714285  0.018 
    - vertices: p878(v84) p714(v47) p739(v16)
    - neighboring facets: f199 f383 f502
- f502
    - flags: top simplicial tricoplanar
    - owner of normal & centrum is facet f499
    - normal:        -0        0       -1
    - offset:      0.018
    - center: 0.007645252857142858 -0.009883754285714285  0.018 
    - vertices: p878(v84) p714(v47) p327(v7)
    - neighboring facets: f204 f499 f501
- f503
    - flags: top simplicial tricoplanar
    - owner of normal & centrum is facet f499
    - normal:        -0        0       -1
    - offset:      0.018
    - center: 0.007645252857142858 -0.009883754285714285  0.018 
    - vertices: p878(v84) p411(v83) p33(v3)
    - neighboring facets: f457 f459 f500
