3
1000 194 291
0.0935 0.0693954 -0.0138105 
-0.0463065 0.0189193 -0.000100002 
-0.0505 0.009454300000000001 -0.009891540000000001 
-0.0171251 -0.0564831 -0.0201 
-0.00881789 0.038757 -0.0201 
-0.012292 0.0693044 -0.000100002 
0.0759587 -0.0243999 -0.0101 
0.0705788 0.0872622 -0.000100002 
0.0426668 -0.0132111 -0.0101 
0.0369035 -0.0411323 -0.0101 
-0.0155243 -0.108747 -0.0201 
-0.0301527 0.0171434 -0.0201 
0.0305929 0.067441 -0.000100002 
-0.0348315 -0.110435 -0.0201 
0.062071 -0.0658089 -0.0201 
0.0233623 -0.116807 -0.0201 
-0.00787145 -0.018287 -0.0101 
0.0277306 -0.0870935 -0.000100002 
0.0205759 -0.127768 -0.0201 
0.07891140000000001 0.0510398 -0.000100002 
0.019747 -0.00688026 -7.98702e-10 
0.00713292 -0.121105 -0.0201 
0.000254001 -0.0342592 -0.0101 
-0.0155448 0.0831277 -0.0201 
0.09026679999999999 0.0744808 -0.000100002 
-0.0487096 -0.036741 -0.000100002 
0.0158008 -0.0662391 -0.000100002 
0.093318 -0.130915 -0.00229535 
-0.0321013 0.0900162 -0.0201 
-0.0414142 -0.0258015 -0.0101 
-0.0134053 0.0906646 -0.000100002 
-0.021076 -0.12342 -0.000100002 
-0.0391399 -0.10375 -0.000100002 
0.0537708 0.0925 -0.0173909 
-0.00265223 -0.024358 -0.0101 
0.0909937 -0.0117595 -0.000100002 
0.0341749 0.0806052 -0.0201 
-0.0446943 0.0435843 -0.000100002 
-0.0128489 -0.0132882 -0.0101 
0.00134305 -0.100968 -0.0201 
0.0935 0.0141099 -0.0186384 
-0.0332308 -0.07425470000000001 -0.0201 
-0.025905 -0.048 -0.0167966 
-0.0175286 -0.121257 -0.0201 
0.0434184 0.0571772 -0.0201 
-0.0149652 -0.0942505 -0.000100002 
0.0292052 0.0836673 -0.000100002 
0.08255170000000001 0.0303094 -0.0201 
0.06682639999999999 0.0179827 -0.0201 
0.08781949999999999 -0.0509427 -0.000100002 
-0.0460097 -0.0387563 -0.000100002 
-0.0305959  -0.14 -0.00269239 
-0.0139047 0.0379251 -0.000100002 
0.0829831 -0.0270503 -0.0101 
-0.0167984 0.07493379999999999 -0.000100003 
0.0626843 -0.0732115 -0.0201 
0.0171414 0.06722789999999999 -0.0201 
0.0537222 0.044471 -0.0201 
-0.0505 0.08028150000000001 -0.008971120000000001 
0.0935 0.0144078 -0.0102679 
-0.0215351 -0.125979 -0.000100003 
0.07821699999999999 0.009379 -0.000100002 
0.0913042 -0.12467 -0.0201 
-0.0505 -0.0794214 -0.00762079 
0.0214336 -0.0697858 -0.000100002 
-0.0170543 -0.08683340000000001 -0.0201 
-0.0153046 -0.0620301 -0.0201 
0.046785 0.000688003 -0.000100003 
0.0935 0.0489014 -0.00135475 
-0.0137903 0.00794778 -0.0201 
-0.050001 0.080979 -0.0201 
0.0935 -0.0148604 -0.000625295 
0.07818269999999999 -0.0603222 -0.000100002 
0.0711318 -0.106517 -0.000100002 
-0.0124901 -0.0308657 -0.000100002 
0.0364027 0.09009739999999999 -0.0201 
0.0719084  -0.14 -0.00279805 
0.0244103 -0.048 -0.0108823 
-0.0210297 -0.107486 -0.0201 
0.0159445 0.0005 -0.0119032 
-0.0454148 -0.0293779 -0.000100002 
-0.0504605 -0.130199 -0.0169439 
-0.0484558 0.0192982 -0.0201 
0.0935 0.06486160000000001 -0.00120045 
0.0331438 -0.00252112 -0.000100002 
0.0754291 0.0771404 -0.0201 
0.0935 -0.129659 -0.00163862 
0.0819913 0.0204206 -0.000100002 
0.0935 0.0691232 -0.00956512 
-0.0467487 0.0483732 -0.000100002 
-0.0358366 -0.0539452 -0.000100002 
0.0103821 0.0379313 -0.0201 
-0.0505 0.0650362 -0.00635225 
0.0199447 0.0654791 -0.0201 
0.0923809 0.0248149 -0.0201 
0.0208252 0.08485090000000001 -0.000100002 
0.040063 0.031391 -0.0201 
-0.0349417 0.0100866 -0.000100002 
-0.0264864 -0.048 -0.0108462 
0.06916940000000001 0.0582533 -0.0201 
-0.0136088 -0.107306 -0.0201 
-0.050336 0.00993315 -0.0201 
0.025417 -0.0840875 -0.000100002 
-0.00613802 0.0406243 -0.000100002 
0.08858729999999999 0.0692396 -0.000100002 
0.0577816 0.008884410000000001 -0.0201 
0.00285492 -0.111211 -0.0201 
0.0503893 -0.0739831 -0.0201 
0.0461561 -0.111023 -0.0201 
0.0513416 -0.030204 -0.0101 
0.00139707 0.0518042 -0.000100002 
-0.0463911 -0.0242683 -0.0101 
-0.0335898 -0.0830658 -0.000100002 
-0.0341876 -0.061731 -0.0201 
0.0262466 0.0497285 -0.0201 
-0.0385295 0.0414276 -0.0201 
0.0935 -0.0432137 -0.00673649 
0.0154166 -0.00707056 -7.98702e-10 
0.0517039 -0.0425289 -0.000100003 
-0.00114787 0.0446182 -0.000100002 
0.0605095 0.00838534 -0.000100002 
0.0241012 0.0005 -0.0131496 
-0.0505 0.0738607 -0.00585826 
0.0935 -0.0513509 -0.0130645 
0.0497217 -0.048 -0.0190003 
0.048633 -0.0170745 -0.0101 
0.0435153 -0.114861 -0.0201 
0.0697107 0.0031263 -0.000100002 
0.0462141 -0.0528465 -0.0201 
0.06438140000000001 0.0052026 -0.0201 
0.0481049 0.050165 -0.0201 
-0.0134538 -0.0163232 -0.0101 
0.0261715 -0.048 -0.0109764 
-0.0505 0.0711938 -0.00530994 
0.0875189 0.028388 -0.000100002 
-0.0292051 0.05812 -0.0201 
0.0319035 -0.09475889999999999 -0.000100002 
0.0562893 -0.107884 -0.000100003 
0.0454986 -0.137758 -0.0201 
0.009664300000000001 -0.118897 -0.000100002 
0.0917636 0.000326439 -0.0101 
0.0245618 -0.00500534 -7.98702e-10 
0.0306444 0.0312748 -0.0201 
0.0883273 -0.110325 -0.000100002 
-0.00318535  -0.14 -0.0108211 
0.0935 -0.120066 -0.00638429 
-0.0367419 -0.113964 -0.000100002 
0.0731178 0.0925 -0.00291352 
0.0641891 -0.0533682 -0.0201 
0.0145819 0.0005 -0.016683 
-0.00769047 -0.122204 -0.0201 
-0.032353 -0.112257 -0.0201 
0.009789630000000001 0.0341315 -0.000100002 
-0.00690967 -0.109537 -0.000100002 
-0.0237078 0.0925 -0.010252 
0.00438078 0.0830589 -0.000100002 
0.0587845 0.0492902 -0.000100002 
0.0480217 -0.0591028 -0.0201 
0.0935 -0.0703409 -0.0173188 
0.0204087 0.008333510000000001 -0.0201 
0.0303846 -0.0412726 -0.000100002 
-0.00753662 -0.115314 -0.000100002 
0.0115577 0.08492130000000001 -0.000100002 
0.0347779 0.0247335 -0.000100002 
0.0891546 0.0226229 -0.000100002 
0.0693877 -0.0598119 -0.000100002 
0.0401059 -0.0232322 -0.000100002 
0.072127 0.0203923 -0.000100002 
-0.00137169 -0.0186249 -0.0101 
-0.038593 -0.124833 -0.000100002 
-0.0400535 -0.11165 -0.0201 
0.07796980000000001 -0.076929 -0.0201 
0.00533948 0.0623432 -0.0201 
0.00299422 0.0808005 -0.0201 
-0.0491371 -0.0448767 -0.000100002 
-0.0122736 -0.0603794 -0.0201 
0.0690815 0.0761565 -0.000100002 
0.0935 -0.0566107 -0.00497427 
-0.00767212 -0.09836830000000001 -0.000100002 
0.00194843 0.07950980000000001 -0.000100002 
0.0911614 -0.0201707 -0.0101 
0.0367081 -0.06639490000000001 -0.0201 
-0.0110203 0.0600635 -0.0201 
-0.0182353 0.0116853 -7.98702e-10 
-0.00179303 0.0269932 -0.0201 
-0.0325257 -0.0142308 -0.000100002 
0.009432299999999999 0.000237685 -0.0101 
0.0622926 -0.1115 -0.0201 
0.0861836 -0.052197 -0.000100002 
0.07413699999999999 -0.107122 -0.0201 
0.0141711 -0.0891421 -0.0201 
0.0915513 -0.106049 -0.0201 
0.0481079 -0.0224839 -0.0101 
-0.0369756 -0.00603871 -0.0101 
-0.030988 0.056278 -0.0201 
0.0500461 -0.07611619999999999 -0.0201 
0.0849748 -0.00588755 -0.0101 
0.0726522 0.08916109999999999 -0.000100002 
0.0443904 -0.0360621 -0.000100002 
-0.0505 0.0714598 -0.0139415 
-0.033348 -0.048 -0.0159964 
0.0328234 -0.0914517 -0.0201 
0.0510022 -0.0997493 -0.000100002 
0.0864 0.0327804 -0.000100002 
0.0269095 -0.121113 -0.000100002 
0.007893590000000001 0.0925 -0.009585059999999999 
0.0584844 -0.134038 -0.0201 
-0.0259924 -0.0108323 -0.0101 
0.0935 -0.124253 -0.0181233 
0.00960505 -0.0476524 -0.000100002 
-0.0458086 -0.0394341 -0.000100002 
0.0028036 0.0481768 -0.000100002 
0.0935 -0.0514238 -0.00652807 
0.0668469 0.0135511 -0.0201 
-0.0278763 0.0448947 -0.000100002 
0.0624286 -0.115339 -0.000100002 
0.00581961 -0.0149029 -7.98702e-10 
0.0256999 -0.010219 -0.0101 
0.0662066 -0.0292034 -0.0101 
-0.0376701 -0.0966759 -0.000100002 
0.0621458 -0.106996 -0.0201 
0.0251571 0.06742579999999999 -0.000100002 
0.0935 0.0360887 -0.0175967 
0.0548565  -0.14 -0.007814969999999999 
0.0807428 0.0777384 -0.000100002 
0.0935 0.00169551 -0.0157998 
-0.0466783 0.06683699999999999 -0.0201 
0.0556867 0.00401089 -0.0201 
-0.0213121 -0.0672865 -0.000100003 
0.0883695 -0.0240707 -0.000100002 
-0.000324316 0.0718601 -0.0201 
0.0499901 -0.0735799 -0.0201 
-0.0431182 -0.08552659999999999 -0.000100002 
-0.028023 -0.0789033 -0.0201 
-0.0505 0.0610866 -0.0124689 
0.0338846 -0.0177085 -0.000100002 
-0.00563954  -0.14 -0.0184796 
0.0729427 -0.0446431 -0.000100002 
-0.0457635 -0.114767 -0.0201 
-0.00524394 0.0210588 -0.0201 
0.00158573 0.0239692 -7.98702e-10 
0.0117323 -0.0334646 -0.0101 
0.0933379 -0.129532 -0.0201 
-0.0327573 -0.0691571 -0.000100002 
0.043873 -0.11832 -0.0201 
0.06741279999999999 -0.102009 -0.0201 
-0.0330774 -0.0928007 -0.0201 
0.088681 -0.0146916 -0.0101 
-0.0505 0.00634488 -0.0105371 
0.0219984 -0.0758308 -0.0201 
0.07280499999999999 -0.0501037 -0.000100002 
-0.0505 -0.0433073 -0.008188880000000001 
0.0935 -0.0803507 -0.0142213 
0.0935 -0.119252 -0.0110479 
-0.0407778 -0.103058 -0.0201 
0.0615278 0.0780762 -0.0201 
0.0839125 -0.048 -0.0152514 
0.0867356 -0.0212004 -0.0101 
0.08473459999999999 -0.113571 -0.0201 
0.007892390000000001 -0.0389857 -0.0101 
0.0406005 0.0922062 -0.000100002 
0.046766 -0.0448888 -0.0101 
-0.0109895 0.0235228 -7.98702e-10 
0.016198 -0.113233 -0.000100002 
0.0611607 -0.113183 -0.0201 
0.034443  -0.14 -0.0174433 
0.0208861 0.0724345 -0.0201 
-0.0201125 -0.0663782 -0.000100002 
0.0935 0.028018 -0.0147256 
0.0935 -0.0818236 -0.0123396 
0.00948452 0.0925 -0.00718797 
0.084035 0.00436105 -0.000100002 
0.0329123 -0.136334 -0.000100002 
-0.0300475 0.0557343 -0.000100002 
0.0693957 -0.09023399999999999 -0.0201 
0.0200326 -0.0805984 -0.0201 
0.0274018 0.08293449999999999 -0.0201 
-0.00920079 -0.0501795 -0.000100002 
-0.0391012 -0.0420371 -0.000100003 
-0.0505 -0.09612759999999999 -0.0130896 
0.0675461 -0.0228893 -0.000100002 
-0.0032076 -0.0601923 -0.000100003 
-0.0505 0.0507932 -0.0115744 
-0.0144444 0.0579214 -0.000100002 
0.0928037 0.0392472 -0.0201 
0.08504390000000001 -0.123911 -0.0201 
0.0678043 0.000410173 -0.000100002 
-0.0459272 0.0161261 -0.000100002 
-0.0394858 0.0005 -0.0145624 
0.06458609999999999 -0.0255517 -0.0101 
-0.0289845 -0.0717102 -0.0201 
0.07763009999999999  -0.14 -0.00112179 
0.0935 0.0742251 -0.00576887 
-0.00116915 0.039784 -0.0201 
0.0525307 0.0601479 -0.000100002 
-0.008145619999999999 -0.0806298 -0.000100002 
0.066423 0.0904548 -0.000100002 
0.0275424 0.029872 -0.0201 
-0.00181492 -0.114025 -0.000100002 
-0.0367885 -0.048 -0.0175241 
-0.0109169 -0.00127002 -0.0101 
0.0457142 -0.09700490000000001 -0.0201 
-0.0081663 0.064653 -0.000100002 
-0.0505 0.0158181 -0.0144536 
0.038847 0.0925 -0.0168613 
0.0436587 -0.123155 -0.0201 
0.0434977 -0.0702314 -0.000100002 
0.08649560000000001 0.06864439999999999 -0.000100002 
-0.0505 -0.0343012 -0.00209003 
-0.0420258 -0.0279564 -0.000100002 
0.0179785 0.0119612 -7.98702e-10 
0.0387415 -0.0267023 -0.0101 
0.065599 -0.0112674 -0.0101 
0.0269537 0.0162569 -0.000100002 
0.00584167 -0.0372714 -0.000100002 
0.0149292 0.0781679 -0.000100002 
0.0892424 -0.0970699 -0.000100002 
-0.0184946 -0.00191263 -7.98702e-10 
0.0640133 0.0237021 -0.0201 
0.0935 -0.0931061 -0.00370991 
-0.00832397 -0.0932455 -0.0201 
-0.0310551 0.0329966 -0.0201 
0.0571598 0.0535597 -0.0201 
-0.0286169 0.0604254 -0.000100002 
-0.0421266 0.0112204 -0.0201 
0.0935 -0.078898 -0.0112207 
-0.00192068 -0.131608 -0.000100002 
0.0484968 0.0925 -0.009427 
0.00280049 -0.009344379999999999 -0.0101 
0.0681216 0.0167062 -0.0201 
-0.0177325 -0.100954 -0.0201 
-0.0485033 -0.0512151 -0.0201 
0.0635578  -0.14 -0.00249979 
0.0434353 -0.100913 -0.000100002 
0.0935 0.06801980000000001 -0.000947797 
-0.0505 0.0263477 -0.0130901 
0.0580393 0.052804 -0.000100003 
0.0545858 -0.0137191 -0.0101 
-0.0153541 -0.122816 -0.0201 
-0.0230379 -0.020541 -0.0101 
-0.0401664 0.0524232 -0.0201 
0.0777645 -0.0573414 -0.000100002 
0.0932077 0.0295569 -0.0201 
0.0145524 0.0294937 -0.000100002 
0.00332299 0.051138 -0.000100002 
0.0935 -0.105383 -0.00665232 
-0.0272018 0.0472122 -0.000100002 
0.0369672 0.0893645 -0.000100002 
-0.0221795 -0.0947426 -0.0201 
0.0454803 -0.0506092 -0.000100002 
0.0484367 -0.0658044 -0.0201 
-0.0357199 0.07588350000000001 -0.000100002 
0.0814367 0.0673767 -0.000100002 
0.0057401 0.08916 -0.000100002 
-0.013243 -0.00712784 -0.0101 
0.0418553 0.0839893 -0.000100002 
0.0426926 -0.00231554 -0.0101 
-0.0268046 0.0925 -0.00118997 
0.0309117 -0.0191819 -0.000100002 
0.0716015 0.07261919999999999 -0.000100002 
0.00897038 -0.116155 -0.0201 
-0.0212501 0.0553271 -0.000100002 
-0.0398537 -0.108813 -0.0201 
-0.0227066 0.0590847 -0.000100002 
-0.0115333 -0.111531 -0.0201 
0.0232725 -0.06953570000000001 -0.000100002 
0.0270488 -0.138148 -0.000100002 
0.0205283 0.0517216 -0.000100002 
-0.0505 -0.0434302 -0.00532629 
0.0269653 0.0478671 -0.000100002 
-0.00115576 0.0566514 -0.0201 
0.0547608 0.0240864 -0.0201 
-0.0505 -0.0122242 -0.00677108 
-0.0193459 0.0205076 -0.0201 
0.0479347 -0.0527818 -0.0201 
-0.0467834 0.0145869 -0.0201 
0.0360098 0.0376603 -0.0201 
-0.00410161 0.0278329 -0.0201 
0.0935 0.012964 -0.0163517 
-0.0136032 -0.0884721 -0.0201 
-0.0314188 0.0925 -0.0103876 
0.035315 0.0925 -0.0100755 
0.0263982 -0.120129 -0.000100002 
0.0875898 -0.108413 -0.0201 
0.0197709 -0.099969 -0.000100002 
-0.0477965 0.083929 -0.000100002 
-0.0497278 -0.133843 -0.0103549 
-9.70275e-06 0.00878517 -7.98702e-10 
-0.0305614 -0.0780045 -0.000100002 
0.0261842 0.0005 -0.0108826 
0.0935 -0.114339 -0.010427 
0.0935 -0.0450614 -0.00933381 
0.07787669999999999 -0.0791857 -0.000100003 
0.0686951 -0.0164645 -0.000100002 
-0.0449654 -0.0524627 -0.0201 
0.06958250000000001 -0.0415722 -0.0101 
0.0272959 0.0649294 -0.0201 
0.0636159 0.0840828 -0.0201 
-0.00782127  -0.14 -0.0137985 
-0.00244707 -0.00325526 -0.0101 
0.00577775 0.0432723 -0.000100002 
0.0101263 -0.0400709 -0.000100002 
0.0443853 0.0334347 -0.000100002 
0.07981389999999999 0.00830759 -0.0201 
-0.0137897 0.023471 -0.0201 
-0.0190708 0.0281835 -0.000100002 
0.0604887 0.0759967 -0.0201 
0.08115749999999999  -0.14 -0.00319454 
-0.00131828 -0.104782 -0.0201 
0.0120533 -0.0258591 -0.0101 
0.0468464 0.00230302 -0.0201 
0.067383 0.0925 -0.0147094 
0.06938179999999999 -0.0619777 -0.000100002 
0.0445224 -0.0646596 -0.0201 
-0.0333184 0.000898338 -0.0201 
0.00962725 -0.112709 -0.0201 
-0.000766774 0.0458407 -0.0201 
-0.02833 0.0729095 -0.000100002 
0.0857103 0.0496361 -0.000100003 
0.0236508 -0.0846375 -0.0201 
-0.0200346 -0.028634 -0.0101 
-0.0471678 -0.0275852 -0.000100002 
-0.0505 -0.0289294 -0.00443759 
-0.011084 0.0274054 -7.98702e-10 
0.0160207 -0.08177 -0.0201 
-0.00455527 -0.0390956 -0.000100002 
-0.00509346 0.0005 -0.0153939 
-0.0313764 -0.043646 -0.0101 
-0.0288572 0.0164654 -0.000100002 
0.0033521 0.08142919999999999 -0.000100002 
-0.0397388 0.00985492 -0.0201 
0.0935 0.0285063 -0.00397996 
-0.0073489 -0.0304629 -0.0101 
0.0675558 0.0392213 -0.000100002 
0.0381103 0.0882768 -0.0201 
0.0737723  -0.14 -0.0156655 
0.0573662  -0.14 -0.012616 
-0.0165209 0.0325479 -0.000100002 
0.0499594 0.0447256 -0.000100002 
0.0893004 -0.0674589 -0.000100002 
0.0250513 0.0359738 -0.000100002 
0.0935 -0.0290642 -0.00295569 
0.00119001 -0.0153131 -7.98702e-10 
0.066626 0.0322923 -0.000100002 
0.0892554 0.024992 -0.0201 
0.06795909999999999 -0.0243912 -0.000100002 
-0.0475052 0.0404726 -0.000100002 
0.0614471 -0.0501887 -0.0201 
-0.0123848 0.0005 -0.0143041 
-0.008714629999999999 -0.0500614 -0.000100002 
0.00347887 -0.128258 -0.000100002 
0.0935 -0.0354239 -0.00898433 
-0.0115738 -0.068492 -0.0201 
-0.00164898 -0.107999 -0.000100002 
0.0388416 0.0484534 -0.000100002 
-0.0158322 0.0436447 -0.0201 
0.0507145 0.0885218 -0.000100002 
0.0214059 -0.0435455 -0.000100002 
0.0423109 0.0173532 -0.0201 
0.0599699 -0.0567135 -0.0201 
-0.0427887 -0.0189361 -0.000100003 
0.0935 -0.0633343 -0.0146855 
-0.0464028 -0.0642562 -0.0201 
0.00456817 0.0005 -0.0180201 
-0.00016474 -0.114913 -0.000100002 
-0.0014909 -0.131464 -0.000100002 
0.07622130000000001 -0.0621632 -0.0201 
-0.0505 -0.0624629 -0.00369786 
0.0693362 0.0149958 -0.000100002 
-0.0360013 -0.0165952 -0.0101 
0.0802306 -0.122893 -0.000100002 
0.0868531 0.0131025 -0.000100002 
-0.00416608 -0.112165 -0.000100002 
-0.0181318 -0.0735804 -0.000100002 
0.0521354 0.0420292 -0.000100002 
-0.0490804 -0.0508451 -0.000100002 
-0.0329855 0.0392778 -0.0201 
-0.00367834 -0.0422397 -0.0101 
0.009640030000000001 0.0336587 -0.000100002 
0.0611842 0.0401185 -0.0201 
-0.00998717 0.0925 -0.0116344 
0.07534449999999999 0.0474656 -0.0201 
0.0243576 -0.0668271 -0.0201 
0.0471826 -0.008835559999999999 -0.0101 
-0.0229994  -0.14 -0.00276776 
0.0317345 0.08096390000000001 -0.000100003 
0.0930928 -0.0561367 -0.0201 
0.06594079999999999 0.008484200000000001 -0.0201 
-0.00550391 -0.0757174 -0.0201 
-0.044059 -0.111948 -0.0201 
0.0597221 0.0784411 -0.000100002 
0.0156682 -0.0442142 -0.000100002 
0.0931297 0.0392373 -0.000100002 
0.0332783 -0.103066 -0.000100002 
0.0257365 0.0925 -0.00352907 
0.0520145 0.0500468 -0.0201 
0.019225 -0.118481 -0.000100002 
-0.0333286 0.0828306 -0.000100002 
0.0465303 0.0559692 -0.0201 
-0.0505 -0.0863338 -0.00783093 
0.0111898 0.0356634 -0.000100002 
-0.0505 -0.0857255 -0.00904251 
0.0163987  -0.14 -0.000216866 
0.0659052 0.0447542 -0.0201 
0.01345 -0.048 -0.0187253 
0.0435445 -0.0570654 -0.0201 
0.0431973 0.0358847 -0.0201 
0.0232796 0.0925 -0.008628230000000001 
-0.0432329 -0.0976931 -0.0201 
-0.0336611 -0.00777024 -0.000100002 
-0.0311545 -0.000147782 -0.0101 
0.0525637 0.0164457 -0.0201 
0.00123152 -0.0857706 -0.0201 
-0.029445 -0.020791 -0.0101 
0.009262390000000001 -0.116221 -0.000100002 
-0.0230981  -0.14 -0.0106327 
0.0156244 0.0787226 -0.0201 
0.0551132 0.0357946 -0.000100002 
0.0746489 -0.0497775 -0.0201 
-0.0423513 0.0894633 -0.000100003 
0.0682532 -0.0103195 -0.000100002 
-0.0501531 -0.131744 -0.00945316 
-0.00741453 -0.136668 -0.000100002 
-0.0505 -0.0552593 -0.0101604 
-0.0493958 0.0735368 -0.000100002 
-0.0143733 0.0914952 -0.0201 
-0.0505 0.0381266 -0.0193057 
0.00542767 -0.132199 -0.0201 
0.0375255 0.0887279 -0.0201 
-0.044201 0.0845871 -0.000100002 
0.0935 0.0489638 -0.0133885 
0.0203935 0.0822208 -0.000100002 
-0.00323892 0.0798605 -0.000100002 
0.0888704 0.09070739999999999 -0.00403547 
-0.0451074 -0.0507776 -0.0201 
0.06896629999999999 0.0226001 -0.000100002 
0.08354300000000001 0.0242053 -0.0201 
0.0935 0.074034 -0.0198991 
-0.032587 -0.111673 -0.0201 
0.0821823 0.009780479999999999 -0.0201 
-0.031656 0.0925 -0.0183069 
-0.0139238 -0.048739 -0.000100002 
0.020233 -0.129612 -0.0201 
-0.0294494 0.0387495 -0.000100002 
0.0935 -0.0785435 -0.0148623 
0.08975569999999999 -0.137616 -0.0193701 
0.0430272 -0.0539309 -0.0201 
-0.0305003 0.025454 -0.0201 
0.0308574 -0.103883 -0.000100002 
0.00363542 -0.095705 -0.0201 
0.0311663 0.0005 -0.0193932 
0.0826313 -0.13956 -0.000100002 
0.08593489999999999 -0.139516 -0.0186084 
-0.0123942 -0.0431847 -0.0101 
0.0648474 -0.07186670000000001 -0.0201 
0.0935 -0.114746 -0.00550597 
0.0386775 -0.12943 -0.0201 
0.0864502 -0.0510101 -0.000100002 
-0.0477982 0.0108395 -0.0201 
0.0266778 -0.0461692 -0.000100002 
-0.0397545 0.0005 -0.0193639 
-0.0505 0.0377487 -0.0136139 
0.0585524 0.00216778 -0.000100002 
-0.0279892 0.0147148 -0.0201 
0.0772408 -0.048 -0.0134589 
-0.0209898 -0.0900359 -0.000100002 
0.0271773  -0.14 -0.010875 
-0.0374697 0.0005 -0.0124366 
0.0441397 -0.00162862 -0.0101 
-0.0189072 0.0925 -0.00385386 
0.00136366 -0.0801988 -0.0201 
0.0697567 -0.062482 -0.000100002 
0.0351522 -0.071548 -0.000100002 
0.0250424 0.0524766 -0.0201 
0.0739814 0.0169342 -0.000100002 
-0.000109445 0.0277188 -0.0201 
0.0935 0.0512965 -0.0100315 
0.0227577 0.0780737 -0.0201 
-0.00406951 -0.055735 -0.000100002 
-0.0354439 0.0733425 -0.000100002 
0.0680615 0.0033792 -0.0201 
0.0454017 0.0284462 -0.0201 
0.08188719999999999 0.0299925 -0.000100003 
-0.00909955 -0.137267 -0.000100002 
-0.0261694 0.0526938 -0.0201 
0.0629333 -0.09840690000000001 -0.0201 
0.0788821 -0.131297 -0.0201 
0.0806867 0.0794642 -0.000100002 
0.0140813 -0.0877903 -0.000100002 
0.0935 0.0207532 -0.0178073 
0.0935 0.06407930000000001 -0.0131813 
0.0935 0.0132827 -0.0126883 
0.0595974 -0.0957918 -0.0201 
-0.0396157 -0.0182568 -0.000100002 
-0.0505 -0.0723428 -0.00473442 
-0.0333244 -0.115401 -0.0201 
0.0551355 0.008165489999999999 -0.0201 
0.0922733 0.0870235 -0.0145399 
0.015006 0.0458551 -0.0201 
0.0339613 -0.0333249 -0.0101 
0.0935 -0.0167318 -0.00134068 
-0.0505 -0.0956196 -0.0035624 
0.0526895 0.069325 -0.000100002 
0.037388 -0.0382372 -0.0101 
0.047067 0.0137854 -0.0201 
0.0392363 -0.0121015 -0.0101 
-0.00336309 0.0254423 -7.98702e-10 
-0.0361534 -0.07391880000000001 -0.0201 
-0.0505 -0.064111 -0.00686245 
0.065258 0.0531493 -0.000100002 
-0.0505 -0.0452326 -0.00492278 
-0.0350949 -0.0543103 -0.000100002 
0.0631866 0.0718848 -0.0201 
-0.0233764 0.0779647 -0.000100003 
0.0923653 0.0328905 -0.0201 
0.0309678 0.0356339 -0.000100002 
0.0633925 -0.048 -0.0169635 
-0.0264173 -0.105888 -0.0201 
-0.00750311 -0.00311271 -0.0101 
-0.0505 -0.0604362 -0.0145309 
0.0364423 -0.0510813 -0.000100002 
0.0933906 0.0830501 -0.000732129 
0.0935 0.0153529 -0.00625895 
0.000612106 0.0501149 -0.000100002 
-0.0345304 0.07241690000000001 -0.0201 
-0.0150674 -0.0600857 -0.000100002 
0.029048 -0.06819459999999999 -0.000100002 
-0.0207463 0.0826667 -0.0201 
-0.020759 0.0107863 -7.98702e-10 
0.00445077 0.0005 -0.017143 
-0.0268881 -0.0144872 -0.000100002 
0.0373327 -0.0680653 -0.0201 
-0.0501141 0.0665929 -0.000100002 
0.07490810000000001 0.00319959 -0.000100002 
-0.0320706 -0.0141305 -0.000100002 
0.0705578 0.0828171 -0.000100002 
0.000423739 0.0865103 -0.0201 
0.0935 -0.0304739 -0.009749610000000001 
0.0245429 -0.0583662 -0.0201 
0.067161 -0.0136282 -0.000100002 
0.0505699 -0.0205849 -0.0101 
0.0445586  -0.14 -0.0115624 
-0.00761382 -0.0879307 -0.000100002 
0.0848782 -0.0402975 -0.000100002 
-0.00332186 -0.128848 -0.0201 
-0.0224276 -0.09380330000000001 -0.0201 
-0.0175432 -0.0044045 -0.0101 
0.0349993 -0.133276 -0.000100002 
-0.0150764 -0.0428937 -0.000100002 
-0.0113533 -0.138837 -0.000100002 
0.0935 0.01819 -0.00779121 
0.0574977 -0.0235388 -0.000100002 
0.0342366 -0.0383376 -0.0101 
0.0357979 -0.0847624 -0.0201 
0.0652141 0.0856249 -0.0201 
-0.0166599 -0.0234602 -7.98702e-10 
0.0226836 -0.0676615 -0.000100002 
0.0501039  -0.14 -0.00354771 
0.0102936 0.0546205 -0.000100002 
-0.0453245 -0.138572 -0.0171925 
0.00150787 0.08868520000000001 -0.000100002 
0.0413999 0.047019 -0.000100002 
0.0827459 0.0005 -0.0197541 
0.0935 -0.0573517 -0.00578076 
0.0469646 0.07142809999999999 -0.000100002 
-0.0433522 0.0816243 -0.000100002 
-0.013539 -0.100238 -0.0201 
0.0801147 0.0657224 -0.0201 
0.0257213 -0.0830176 -0.000100002 
0.0423269 -0.0841911 -0.0201 
0.0546354 -0.00574237 -0.000100002 
0.06124 -0.0810579 -0.000100002 
0.0534208 0.050286 -0.000100002 
0.0528151 0.0503222 -0.000100002 
0.0802904 -0.00277192 -0.0101 
0.0575454 -0.115457 -0.000100002 
-0.0350575  -0.14 -0.00110634 
0.09053219999999999 0.0310081 -0.000100002 
0.0890662 -0.07230250000000001 -0.0201 
0.09115090000000001 -0.08910650000000001 -0.000100002 
-0.0463821 0.0903655 -0.0144724 
0.07689749999999999 0.0407435 -0.000100002 
0.0384207 -0.112278 -0.000100002 
0.07663590000000001 -0.111904 -0.000100002 
-0.00806017 0.0923619 -0.000100002 
0.0161676 -0.0365988 -0.0101 
0.008244059999999999 0.0925 -0.00972248 
0.0292662 -0.0279993 -0.000100002 
0.0935 0.076596 -0.0116327 
-0.0172078 -0.0330496 -0.0101 
0.0261417 0.0508627 -0.0201 
0.0262884 0.0433643 -0.0201 
0.0636949 -0.0795043 -0.000100002 
0.0346879 0.00146905 -0.0201 
0.0573476 -0.0674264 -0.0201 
0.00468886 0.0265386 -7.98702e-10 
0.0935 -0.127513 -0.00397703 
0.0353691 -0.0767876 -0.000100003 
0.07629850000000001 0.086851 -0.000100002 
-0.0205928 -0.037071 -0.0101 
-0.0410027 0.0424931 -0.0201 
0.0213688 -0.0922205 -0.000100003 
0.0671017 -0.070048 -0.000100002 
0.029332  -0.14 -0.00112584 
0.0752259 -0.0689023 -0.0201 
0.035911 -0.0576297 -0.0201 
-0.00830732 -0.07729179999999999 -0.0201 
0.0904977 -0.13712 -0.00143648 
0.0112903 0.0410617 -0.0201 
0.084395 -0.0207878 -0.0101 
-0.0334421  -0.14 -0.0160007 
-0.00842213 -0.0989381 -0.0201 
0.00848875 0.0596289 -0.000100002 
-0.0464355 0.0359235 -0.000100002 
0.0382705 0.0925 -0.0172277 
0.0554113 -0.0510587 -0.000100002 
-0.0398863 -0.0562922 -0.0201 
-0.0451275 0.0182345 -0.0201 
-0.0505 -0.0580298 -0.0166997 
0.000961062 -0.00983643 -0.0101 
-0.0147782 0.0925 -0.00286483 
0.0494246 -0.0641409 -0.000100003 
-0.0505 -0.0927902 -0.0069373 
0.0177926 0.000186094 -0.0101 
-0.0328728 0.0891424 -0.0201 
0.0446504 -0.0378926 -0.000100002 
-0.00515256 0.0310939 -0.000100002 
0.00854771 0.0630912 -0.0201 
0.0255895 -0.0166265 -0.000100002 
0.0253905 -0.0891213 -0.0201 
-0.0251278  -0.14 -0.00476113 
0.0753846 -0.082026 -0.000100002 
-0.00212744 -8.907669999999999e-05 -7.98702e-10 
0.0380578 -0.0965939 -0.000100002 
0.0148948 0.0534658 -0.0201 
-0.0200446 -0.028041 -0.000100003 
0.0623302 0.0249428 -0.0201 
-0.0208185 -0.125554 -0.0201 
-0.00219875 0.050381 -0.000100003 
-0.0184084 0.0925 -0.0174917 
0.0651332 -0.134802 -0.0201 
-0.00666149 -0.103376 -0.000100002 
0.09339069999999999 -0.110004 -0.0201 
-0.0493986 -0.051611 -0.0201 
0.0935 -0.0954536 -0.00622611 
-0.0434455 -0.0518601 -0.000100002 
0.0935 -0.105619 -0.0109039 
0.0777359 -0.0167117 -0.000100002 
0.09200940000000001 -0.134919 -0.0113212 
0.0236682 0.00969777 -7.98702e-10 
0.00586082 -0.111822 -0.000100002 
-0.0172738 -0.08151700000000001 -0.000100002 
7.81883e-05 -0.0582071 -0.000100002 
0.054011 -0.0486897 -0.0201 
0.0797062 -0.0147077 -0.0101 
-0.0428408 -0.0260592 -0.0101 
-0.0230677 -0.0593791 -0.000100002 
-0.0199244 -0.0313207 -0.000100002 
-0.00329607 -0.0664951 -0.0201 
0.0269757 -0.0151835 -0.0101 
-0.00588199 0.0925 -0.0163863 
-0.0444082 0.0578318 -0.0201 
0.0935 -0.115189 -0.0128737 
0.00440222 0.0925 -0.00770869 
0.0578845 0.0875534 -0.0201 
-0.0505 0.00318199 -0.0147731 
-0.0362265 -0.114667 -0.000100002 
-0.0505 -0.112365 -0.00437177 
0.0770935 -0.103642 -0.000100002 
0.0684288 0.063372 -0.0201 
0.039133 -0.0505502 -0.000100002 
0.06252249999999999 0.079988 -0.0201 
0.067731 -0.125996 -0.0201 
-0.0208868 -0.0139113 -7.98702e-10 
0.0699144 0.0520985 -0.000100002 
0.0499796 -0.106783 -0.0201 
0.0804721 -0.07406980000000001 -0.0201 
-0.011462 -0.0989401 -0.0201 
-0.008950380000000001 0.0925 -0.0158791 
-0.00697471 0.0163196 -0.0201 
-0.0122158 0.0541584 -0.0201 
-0.0194632 -0.138694 -0.000100003 
-0.00358315 0.0168863 -7.98702e-10 
0.0669023 0.00395261 -0.0201 
-0.0142852  -0.14 -0.00345297 
0.00116891 -0.126159 -0.0201 
0.0834211 -0.0279261 -0.0101 
0.0402193 0.00312896 -0.000100002 
0.0168773  -0.14 -0.00122275 
0.0264076 0.0485546 -0.000100002 
0.0539246 -0.06492970000000001 -0.000100002 
0.0319599 -0.134837 -0.0201 
0.08186549999999999 -0.128786 -0.0201 
-0.0123796 0.0869322 -0.0201 
0.00345499 -0.0214261 -7.98702e-10 
-0.0100807 0.0906868 -0.000100002 
0.0836127 -0.121813 -0.0201 
0.0231396 -0.0847243 -0.0201 
0.0503216  -0.14 -0.0198675 
0.0260824 -0.0807616 -0.000100002 
0.0348598 0.083896 -0.0201 
0.08767369999999999 0.00540316 -0.000100002 
0.0391274 0.056726 -0.0201 
0.0286059 -0.0266547 -0.000100002 
0.0415653 -0.0686259 -0.000100002 
-0.0505 0.0314215 -0.00206428 
0.0175564 -0.0503247 -0.000100002 
-0.0432909 -0.0916776 -0.000100002 
-0.0350654 -0.106543 -0.0201 
0.080487 0.0531069 -0.0201 
0.0565953 0.09229809999999999 -0.000100002 
0.0763095 -0.118017 -0.0201 
0.0795887 -0.061131 -0.0201 
0.0710054 -0.00988664 -0.000100002 
-0.048225 -0.0817761 -0.0201 
-0.0307602 -0.0515271 -0.0201 
-0.0227881 -0.113263 -0.000100002 
-0.00221454 -0.065912 -0.000100002 
-0.049306 0.0575739 -0.0201 
-0.0172075 0.08518249999999999 -0.0201 
-0.00109668 0.007870540000000001 -7.98702e-10 
0.0668619 -0.01942 -0.000100002 
-0.0413925 0.0005 -0.0140478 
0.0359264 0.0507132 -0.000100002 
-0.0193665 0.0925 -0.00177499 
-0.0441113 -0.0198717 -0.0101 
0.0743166 -0.0725209 -0.000100002 
0.08219849999999999 0.0658009 -0.000100002 
0.0279526 -0.0396469 -0.000100002 
-0.00914594 -0.0678845 -0.0201 
0.023999 -0.0164546 -0.0101 
0.0434578 0.0072028 -0.000100002 
0.0837027 -0.124073 -0.000100002 
0.0239034 -0.0389144 -0.000100002 
0.0935 -0.128764 -0.00602881 
-0.014135 0.0136727 -0.0201 
0.06383519999999999  -0.14 -0.00339384 
-0.025596 -0.08876050000000001 -0.0201 
-0.00468052 -0.0430799 -0.0101 
0.08909830000000001 0.0244739 -0.000100002 
-0.01821 -0.0530154 -0.000100002 
-0.0505 0.07189710000000001 -0.0196076 
-0.0227345 -0.0953543 -0.000100002 
-0.0428365 0.0421686 -0.0201 
0.06497120000000001 -0.06701029999999999 -0.000100002 
0.0115927 -0.00386449 -7.98702e-10 
-0.0453852 0.0801193 -0.000100002 
0.0935 0.00494977 -0.00379576 
0.0621385 0.0767844 -0.000100002 
-0.0479051 -0.0167421 -0.0101 
-0.00781156  -0.14 -0.00627215 
0.0805106 -0.0528314 -0.000100002 
0.0935 -0.0831213 -0.0181908 
-0.0505 -0.0865602 -0.0141898 
-0.000490727 0.0005 -0.0158002 
-0.0219826 -0.0312781 -0.000100002 
0.0419611 -0.0434287 -0.000100002 
0.0219045 0.0824917 -0.000100002 
-0.0126346 -0.0732759 -0.000100002 
0.0542 0.0154545 -0.000100002 
-0.0361875 0.08866010000000001 -0.0201 
0.0794 -0.123125 -0.000100002 
0.0355959 0.00658712 -0.000100002 
0.0416762 0.0005 -0.0108229 
-0.0498694 -0.0402904 -0.0101 
0.0935 0.0750942 -0.00328253 
-0.007474 0.00937545 -7.98702e-10 
-0.0505 -0.06627329999999999 -0.0192039 
0.07618510000000001 0.0686435 -0.0201 
-0.000265969 -0.109809 -0.000100002 
0.0135329 0.00318897 -7.98702e-10 
0.00727469 -0.107907 -0.000100002 
-0.00157861 -0.0424605 -0.0101 
-0.00963954 -0.069939 -0.0201 
-0.0505 -0.111487 -0.0193762 
0.0935 -0.0752389 -0.0193527 
0.06918340000000001  -0.14 -0.00421506 
-0.0238883 0.00784791 -0.0201 
0.0506781 0.0925 -0.00765913 
-0.0505 -0.107678 -0.0122358 
0.0211261 0.0707868 -0.000100002 
0.0920837 0.0500257 -0.0201 
0.0442738 0.0609024 -0.000100002 
0.00522943 -0.0131756 -7.98702e-10 
0.0783814 0.0594308 -0.0201 
-0.008568900000000001 -0.096529 -0.0201 
0.0109768 -0.048 -0.0116437 
0.049647 -0.0371601 -0.000100002 
0.0581566 -0.0162348 -0.000100002 
-0.0481492 -0.0130563 -0.000100002 
0.0554441 0.0116732 -0.0201 
-0.0171673 -0.108295 -0.000100003 
-0.046946 -0.0449404 -0.000100002 
0.0669119 -0.0527404 -0.000100002 
-0.0472373 0.0489446 -0.000100002 
0.0412358 -0.065914 -0.0201 
0.0563627 -0.0786403 -0.000100002 
-0.008372030000000001 -0.0545785 -0.0201 
-0.00659029 -0.067136 -0.0201 
-0.009408669999999999 -0.108263 -0.000100002 
0.0150221 -0.0118712 -0.0101 
-0.0178142 -0.0274628 -0.0101 
-0.0505 0.0562506 -0.0180858 
-0.0267595 -0.0502074 -0.000100002 
0.0743336 -0.0591643 -0.0201 
-0.0393975 -0.0486041 -0.000100002 
0.00790414 0.0401669 -0.0201 
-0.0188289 -0.0299338 -0.000100002 
-0.0388349 -0.09428889999999999 -0.0201 
-0.0411716 -0.0528268 -0.000100002 
0.0281853 0.07317070000000001 -0.000100002 
0.0563569 0.0458767 -0.0201 
0.00465687 0.0213827 -7.98702e-10 
0.0935 -0.07416979999999999 -0.00459506 
0.0495652 -0.0118681 -0.000100002 
0.0652629 -0.103697 -0.0201 
-0.0457698 0.0507985 -0.000100002 
-0.0441119 -0.118672 -0.0201 
0.042838 -0.084564 -0.0201 
0.0242119 -0.0860696 -0.000100002 
-0.00695781  -0.14 -0.0171511 
-0.0385131 -0.139814 -0.0201 
-0.0270671 -0.009403 -0.0101 
-0.0288557 0.0007661430000000001 -0.0201 
-0.0109063 0.0618472 -0.0201 
0.0080932 0.0407907 -0.0201 
0.0558541 0.0308294 -0.000100002 
0.06946090000000001 0.0504737 -0.0201 
-0.0505 -0.0169394 -0.00336868 
0.0253522 0.0226842 -0.0201 
-0.0411012 0.0882352 -0.0201 
0.0876099 0.0666428 -0.0201 
0.0521032 -0.125188 -0.0201 
0.08939469999999999 -0.120626 -0.000100002 
0.0721958 0.020106 -0.000100002 
-0.0221649 -0.07901909999999999 -0.000100002 
-0.0505 -0.0782408 -0.0194661 
-0.0119687 0.0167732 -0.0201 
0.0201746 0.0917206 -0.0201 
0.0832048 -0.08341519999999999 -0.000100002 
0.0605597 -0.0905248 -0.0201 
0.0835917 0.0353056 -0.000100002 
0.0199833 0.0341609 -0.000100002 
0.00797249 -0.0125876 -7.98702e-10 
0.0193157 -0.0124913 -0.0101 
0.0935 0.0791154 -0.0164822 
-0.0344871 -0.0939869 -0.0201 
-0.0505 -0.028016 -0.00625461 
-0.0160881 -0.0964734 -0.0201 
0.0935 -0.0240191 -0.00458881 
0.00778662 0.0358143 -0.000100002 
-0.0277025 -0.0364146 -0.0101 
-0.04994 -0.132815 -0.0114192 
0.0108288 -0.127626 -0.0201 
-0.0450684 0.07078139999999999 -0.0201 
0.0744344 -0.128448 -0.0201 
-0.0505 0.0721638 -0.0188648 
0.068967 0.0542436 -0.0201 
-0.0505 0.0471643 -0.00709275 
0.046942 -0.134286 -0.000100003 
0.0540683 0.0514122 -0.0201 
0.0311088 -0.048 -0.0159342 
-0.0423324 -0.0333826 -0.000100002 
0.0864825 -0.0844964 -0.0201 
0.0679684 0.00202435 -0.000100002 
0.0169589 0.0925 -0.0154205 
0.0928958 -0.0440919 -0.000100002 
-0.0505 -0.127068 -0.0121764 
-0.0246926 -0.048 -0.0105759 
0.0514262 -0.0545044 -0.000100002 
-0.0407518 -0.0193485 -0.0101 
-0.000461961 -0.0211231 -0.0101 
-0.0425952 0.0240082 -0.000100002 
0.0687938 -0.123514 -0.000100003 
0.0226196 0.0243133 -0.0201 
0.0174098 -0.0646693 -0.000100002 
-0.0433759 -0.10676 -0.0201 
0.0717434 0.00812449 -0.0201 
-0.0162783  -0.14 -0.0171447 
0.044928 0.0909153 -0.000100002 
0.00775027 -0.124704 -0.0201 
-0.0505 -0.0208452 -0.000162263 
-0.0505 -0.105208 -0.00120427 
-0.0140282 0.0178265 -0.0201 
0.07813779999999999 0.00470934 -0.0201 
0.0317315 -0.0116847 -0.0101 
-0.0455041 -0.117107 -0.000100002 
-0.0229034 -0.0956656 -0.000100002 
0.0935 -0.06882190000000001 -0.0156167 
-0.0160819 -0.08758489999999999 -0.000100002 
0.0935 -0.0298713 -0.00741939 
0.0655485 0.0814216 -0.0201 
0.0438118 0.0265937 -0.000100002 
0.07839790000000001 0.0587134 -0.0201 
-0.0505 0.0623475 -0.00719094 
-0.0445405 0.06619659999999999 -0.000100002 
0.0935 -0.0815554 -0.010182 
0.000716407 -0.112482 -0.000100002 
0.0812026 0.00630166 -0.000100002 
0.067816 -0.0151337 -0.0101 
3 70 58 841 
3 684 357 810 
3 680 70 930 
3 58 680 385 
3 70 680 58 
3 357 147 810 
3 101 70 841 
3 921 238 874 
3 81 921 874 
3 921 81 659 
3 680 519 385 
3 519 680 357 
3 684 519 357 
3 75 764 33 
3 764 597 33 
3 597 764 654 
3 147 411 533 
3 597 411 33 
3 411 597 533 
3 597 621 533 
3 101 936 874 
3 936 101 841 
3 743 101 874 
3 242 798 545 
3 798 921 236 
3 921 710 236 
3 967 81 874 
3 632 805 133 
3 122 632 133 
3 632 122 58 
3 423 519 684 
3 519 423 385 
3 423 684 810 
3 540 680 930 
3 621 197 533 
3 945 621 597 
3 655 551 649 
3 781 655 649 
3 655 986 773 
3 238 814 874 
3 814 743 874 
3 798 138 921 
3 552 798 435 
3 798 552 545 
3 521 967 767 
3 967 521 81 
3 524 58 385 
3 524 632 58 
3 986 475 773 
3 632 981 805 
3 423 628 385 
3 628 524 385 
3 632 628 773 
3 524 628 632 
3 680 380 357 
3 540 380 680 
3 242 834 208 
3 707 551 933 
3 552 707 545 
3 707 552 551 
3 296 147 533 
3 197 296 533 
3 147 296 810 
3 537 931 881 
3 537 597 654 
3 537 945 597 
3 291 502 551 
3 551 502 649 
3 502 781 649 
3 655 794 551 
3 655 169 986 
3 169 655 781 
3 740 798 242 
3 740 138 798 
3 407 552 435 
3 407 291 551 
3 552 407 551 
3 81 386 659 
3 174 632 773 
3 475 174 773 
3 174 981 632 
3 981 174 475 
3 982 981 475 
3 982 475 986 
3 982 521 767 
3 521 982 986 
3 28 540 930 
3 28 525 540 
3 540 938 33 
3 525 938 540 
3 938 75 33 
3 865 334 621 
3 945 865 621 
3 748 242 545 
3 707 748 545 
3 492 24 621 
3 749 24 492 
3 334 71 621 
3 71 492 621 
3 695 296 197 
3 695 24 749 
3 695 423 810 
3 296 695 810 
3 551 141 933 
3 141 749 492 
3 794 141 551 
3 284 537 881 
3 537 284 342 
3 742 537 342 
3 742 242 208 
3 85 537 654 
3 537 85 931 
3 502 676 781 
3 676 169 781 
3 169 676 986 
3 676 521 986 
3 676 386 521 
3 386 676 659 
3 676 921 659 
3 676 710 921 
3 521 952 81 
3 952 386 81 
3 386 952 521 
3 86 707 933 
3 86 834 242 
3 698 695 197 
3 695 698 24 
3 698 197 621 
3 24 698 621 
3 966 141 492 
3 71 966 492 
3 86 966 71 
3 875 742 208 
3 742 875 537 
3 27 748 707 
3 86 27 707 
3 748 27 242 
3 27 86 242 
3 679 86 933 
3 679 966 86 
3 141 679 933 
3 966 679 141 
3 380 411 147 
3 380 147 357 
3 380 540 33 
3 411 380 33 
3 967 982 767 
3 982 936 841 
3 122 982 58 
3 58 982 841 
3 982 122 133 
3 805 982 133 
3 936 982 874 
3 982 967 874 
3 981 982 805 
3 141 655 773 
3 141 628 423 
3 141 794 655 
3 628 141 773 
3 141 695 749 
3 695 141 423 
3 814 85 743 
3 101 85 70 
3 85 764 75 
3 70 85 930 
3 85 938 525 
3 931 85 881 
3 138 85 921 
3 284 85 342 
3 921 85 238 
3 764 85 654 
3 85 742 342 
3 743 85 101 
3 85 814 238 
3 28 85 525 
3 740 85 138 
3 85 740 242 
3 85 28 930 
3 938 85 75 
3 85 284 881 
3 742 85 242 
3 710 676 236 
3 798 676 435 
3 676 502 291 
3 676 798 236 
3 407 676 291 
3 676 407 435 
3 865 875 334 
3 875 865 945 
3 875 86 71 
3 537 875 945 
3 834 875 208 
3 86 875 834 
3 875 71 334 
Vertices and facets:
- p70(v24): -0.05 0.081 -0.02
  neighbors: f95 f132 f136 f180 f567 f569
- p58(v23): -0.051  0.08 -0.009
  neighbors: f95 f135 f136 f285 f355 f356 f549 f550
- p841(v13): -0.051 0.072 -0.02
  neighbors: f95 f180 f261 f548 f550
- p684(v31): -0.0081 0.092 -0.0001
  neighbors: f127 f216 f292 f296
- p357(v17): -0.027 0.092 -0.0012
  neighbors: f127 f149 f215 f216 f378 f542
- p810(v6): 0.057 0.092 -0.0001
  neighbors: f127 f149 f296 f398 f483 f484
- p680(v32): -0.046  0.09 -0.014
  neighbors: f132 f135 f136 f214 f215 f297 f378 f379
- p930(v7): -0.041 0.088 -0.02
  neighbors: f132 f297 f455 f569 f582
- p385(v9): -0.048 0.084 -0.0001
  neighbors: f135 f214 f294 f355 f369 f370
- p147(v36): 0.073 0.092 -0.0029
  neighbors: f149 f230 f396 f398 f541 f542
- p101(v42): -0.05 0.0099 -0.02
  neighbors: f180 f260 f261 f264 f567 f577
- p921(v43): -0.039 -0.14 -0.02
  neighbors: f185 f193 f194 f269 f272 f343 f508 f510 f572 f574
- p238(v14): -0.046 -0.11 -0.02
  neighbors: f185 f339 f574 f578
- p874(v8): -0.051 -0.11 -0.019
  neighbors: f185 f193 f260 f264 f274 f339 f340 f554 f555
- p81(v44): -0.05 -0.13 -0.017
  neighbors: f193 f194 f274 f354 f440 f511 f512
- p659(v27): -0.045 -0.14 -0.017
  neighbors: f194 f440 f507 f508
- p519(v49): -0.042 0.089 -0.0001
  neighbors: f214 f215 f216 f292 f294
- p764(v51): 0.058 0.088 -0.02
  neighbors: f226 f227 f228 f568 f575
- p75(v35): 0.036  0.09 -0.02
  neighbors: f226 f460 f568 f583
- p33(v11): 0.054 0.092 -0.017
  neighbors: f226 f227 f231 f457 f460 f543 f544
- p597(v39): 0.092 0.087 -0.015
  neighbors: f227 f228 f231 f232 f233 f319 f419 f420
- p654(v18): 0.065 0.086 -0.02
  neighbors: f228 f419 f499 f575
- p411(v52): 0.067 0.092 -0.015
  neighbors: f230 f231 f232 f541 f544
- p533(v19): 0.089 0.091 -0.004
  neighbors: f230 f232 f233 f310 f396 f397
- p621(v53): 0.093 0.083 -0.00073
  neighbors: f233 f310 f319 f462 f464 f470 f473 f474 f523 f524
- p936(v57): -0.051 -0.078 -0.019
  neighbors: f260 f261 f548 f554
- p743(v58): -0.049 -0.052 -0.02
  neighbors: f264 f340 f566 f577
- p798(v59):  0.05 -0.14 -0.02
  neighbors: f266 f269 f343 f344 f345 f434 f435 f589 f591
- p242(v25): 0.093 -0.13 -0.02
  neighbors: f266 f385 f434 f467 f497 f519 f535 f536 f581 f585
- p545(v5):  0.09 -0.14 -0.019
  neighbors: f266 f345 f392 f467 f468
- p236(v26): -0.0056 -0.14 -0.018
  neighbors: f269 f272 f588 f591
- p710(v60): -0.033 -0.14 -0.016
  neighbors: f272 f510 f588
- p967(v61): -0.051 -0.13 -0.012
  neighbors: f274 f349 f354 f547 f555
- p632(v63): -0.05 0.067 -0.0001
  neighbors: f283 f284 f285 f356 f365 f371 f372 f444 f446
- p805(v48): -0.051 0.031 -0.0021
  neighbors: f283 f365 f553 f556
- p133(v22): -0.051 0.071 -0.0053
  neighbors: f283 f284 f552 f553
- p122(v41): -0.051 0.074 -0.0059
  neighbors: f284 f285 f549 f552
- p423(v64): -0.011 0.027 -8e-10
  neighbors: f292 f294 f296 f369 f483 f559 f564
- p540(v65): -0.032 0.092 -0.018
  neighbors: f297 f379 f455 f456 f457 f458 f543
- p197(v67): 0.073 0.089 -0.0001
  neighbors: f310 f397 f480 f521 f523
- p945(v68): 0.093 0.079 -0.016
  neighbors: f319 f420 f464 f597 f599
- p655(v70): -0.017 -0.023 -8e-10
  neighbors: f332 f333 f336 f428 f429 f430 f558 f560
- p551(v54): 0.083 -0.14 -0.0001
  neighbors: f332 f389 f393 f422 f423 f428 f438 f439 f486 f490
- p649(v15): -0.011 -0.14 -0.0001
  neighbors: f332 f333 f423 f425
- p781(v62): -0.019 -0.14 -0.0001
  neighbors: f333 f425 f430 f502 f503
- p986(v47): -0.046 -0.12 -0.0001
  neighbors: f336 f359 f429 f451 f453 f504 f505
- p773(v45): -0.021 -0.014 -8e-10
  neighbors: f336 f359 f371 f444 f445 f558 f561
- p814(v71): -0.048 -0.082 -0.02
  neighbors: f339 f340 f566 f578
- p138(v72): 0.045 -0.14 -0.02
  neighbors: f343 f435 f572 f580
- p552(v73): 0.086 -0.14 -0.019
  neighbors: f344 f345 f392 f393 f437 f439
- p435(v29): 0.074 -0.14 -0.016
  neighbors: f344 f437 f589 f594
- p521(v74): -0.05 -0.13 -0.0095
  neighbors: f349 f354 f452 f453 f505 f506 f511 f513
- p767(v16): -0.051 -0.11 -0.0044
  neighbors: f349 f452 f547
- p524(v75): -0.049 0.074 -0.0001
  neighbors: f355 f356 f370 f372
- p475(v76): -0.049 -0.051 -0.0001
  neighbors: f359 f445 f447 f449 f451
- p981(v77): -0.051 -0.021 -0.00016
  neighbors: f365 f446 f447 f449 f556
- p628(v78): -0.021 0.011 -8e-10
  neighbors: f369 f370 f371 f372 f559 f561
- p380(v80): -0.031 0.092 -0.01
  neighbors: f378 f379 f541 f542 f543 f544
- p834(v82): 0.093 -0.13 -0.006
  neighbors: f385 f519 f600 f601
- p208(v21): 0.093 -0.12 -0.018
  neighbors: f385 f497 f531 f600
- p707(v83):  0.09 -0.14 -0.0014
  neighbors: f389 f392 f393 f468 f516 f533 f534
- p933(v38): 0.089 -0.12 -0.0001
  neighbors: f389 f486 f516 f537 f539
- p296(v84): 0.066  0.09 -0.0001
  neighbors: f396 f397 f398 f480 f484
- p537(v87): 0.093 0.074 -0.02
  neighbors: f414 f419 f420 f492 f493 f495 f499 f500 f532 f599
- p931(v55): 0.088 0.067 -0.02
  neighbors: f414 f500 f571
- p881(v34): 0.092  0.05 -0.02
  neighbors: f414 f492 f571 f584
- p502(v88): 0.016 -0.14 -0.00022
  neighbors: f422 f423 f425 f502 f590
- p291(v69): 0.078 -0.14 -0.0011
  neighbors: f422 f438 f590 f593
- p794(v89): 0.0035 -0.021 -8e-10
  neighbors: f428 f490 f560
- p169(v90): -0.039 -0.12 -0.0001
  neighbors: f429 f430 f503 f504
- p740(v91): 0.065 -0.13 -0.02
  neighbors: f434 f435 f580 f581
- p407(v92): 0.081 -0.14 -0.0032
  neighbors: f437 f438 f439 f593 f594
- p386(v93): -0.05 -0.13 -0.01
  neighbors: f440 f506 f507 f512 f513
- p174(v94): -0.049 -0.045 -0.0001
  neighbors: f444 f445 f446 f447
- p982(v95): -0.051 -0.11 -0.0012
  neighbors: f449 f453 f451 f452 f547 f548 f549 f550 f552 f553 f554 f555 f556
- p28(v96): -0.032  0.09 -0.02
  neighbors: f455 f456 f579 f582
- p525(v79): -0.014 0.091 -0.02
  neighbors: f456 f458 f570 f579
- p938(v97):  0.02 0.092 -0.02
  neighbors: f457 f458 f460 f570 f583
- p865(v98): 0.093 0.075 -0.0033
  neighbors: f462 f464 f596 f597
- p334(v81): 0.093 0.068 -0.00095
  neighbors: f462 f473 f596 f602
- p748(v99): 0.092 -0.13 -0.011
  neighbors: f467 f468 f533 f535
- p24(v100):  0.09 0.074 -0.0001
  neighbors: f470 f472 f482 f522 f524
- p492(v85): 0.093 0.039 -0.0001
  neighbors: f470 f472 f474 f488 f526 f527
- p749(v86): 0.024 0.0097 -8e-10
  neighbors: f472 f482 f488 f562
- p71(v101): 0.093 -0.015 -0.00063
  neighbors: f473 f474 f527 f528 f598 f602
- p695(v102): 0.0047 0.027 -8e-10
  neighbors: f480 f482 f483 f484 f521 f522 f562 f564
- p141(v103): 0.025 -0.005 -8e-10
  neighbors: f486 f488 f490 f526 f539 f540 f558 f559 f560 f561 f562 f564
- p284(v104): 0.093 0.039 -0.02
  neighbors: f492 f493 f573 f584
- p342(v56): 0.093  0.03 -0.02
  neighbors: f493 f495 f573 f576
- p742(v105): 0.093 -0.11 -0.02
  neighbors: f495 f497 f531 f532 f576 f585
- p85(v106): 0.075 0.077 -0.02
  neighbors: f499 f500 f566 f567 f568 f569 f570 f571 f572 f573 f574 f575 f576 f577 f578 f579 f580 f581 f582 f583 f584 f585
- p676(v107): -0.035 -0.14 -0.0011
  neighbors: f502 f503 f504 f505 f506 f507 f508 f510 f588 f589 f590 f591 f593 f594
- p952(v108): -0.05 -0.13 -0.011
  neighbors: f511 f512 f513
- p86(v109): 0.093 -0.13 -0.0016
  neighbors: f516 f519 f528 f534 f536 f537 f538 f598 f601
- p698(v110): 0.076 0.087 -0.0001
  neighbors: f521 f522 f523 f524
- p966(v111): 0.093 -0.044 -0.0001
  neighbors: f526 f527 f528 f538 f540
- p875(v112): 0.093 -0.075 -0.019
  neighbors: f531 f532 f596 f597 f598 f599 f600 f601 f602
- p27(v113): 0.093 -0.13 -0.0023
  neighbors: f533 f534 f535 f536
- p679(v114): 0.091 -0.089 -0.0001
  neighbors: f537 f538 f539 f540
- f95
    - flags: top simplicial tested seen
    - normal:   -0.9978  0.05257 -0.04144
    - offset: -0.05497924
    - center: -0.05033366666666667 0.0777192 -0.01622624 
    - vertices: p70(v24) p58(v23) p841(v13)
    - neighboring facets: f550 f180 f136
    - ridges:
- f127
    - flags: top simplicial
    - normal:  0.0009809    0.994   0.1091
    - offset: -0.09179195
    - center: 0.007243509999999999 0.09238666666666666 -0.0004633246666666669 
    - vertices: p684(v31) p357(v17) p810(v6)
    - neighboring facets: f149 f296 f216
- f132
    - flags: top simplicial tested seen
    - normal:   -0.4729     0.58  -0.6633
    - offset: -0.08394509
    - center: -0.0458281 0.08652656666666668 -0.01822413333333333 
    - vertices: p680(v32) p70(v24) p930(v7)
    - neighboring facets: f569 f297 f136
    - ridges:
- f135
    - flags: bottom simplicial tested
    - normal:   -0.9007   0.4227   0.1007
    - offset: -0.07851592
    - center: -0.0482262 0.08485866666666668 -0.007847840666666666 
    - vertices: p680(v32) p58(v23) p385(v9)
    - neighboring facets: f355 f214 f136
- f136
    - flags: bottom simplicial tested
    - normal:   -0.9291   0.3693 -0.01851
    - offset: -0.07673581
    - center: -0.04896103333333333 0.08387533333333334 -0.01451450666666667 
    - vertices: p680(v32) p70(v24) p58(v23)
    - neighboring facets: f95 f135 f132
- f149
    - flags: bottom simplicial tested seen
    - normal:  0.001373   0.9968   0.0796
    - offset: -0.09207491
    - center: 0.03430283333333333 0.09243270000000001 -0.001401163999999999 
    - vertices: p147(v36) p357(v17) p810(v6)
    - neighboring facets: f127 f398 f542
    - ridges:
- f180
    - flags: top simplicial tested seen
    - normal:   -0.7336 0.003459  -0.6796
    - offset: -0.05061941
    - center: -0.050279 0.05426975000000001 -0.01993586666666667 
    - vertices: p101(v42) p70(v24) p841(v13)
    - neighboring facets: f95 f261 f567
    - ridges:
- f185
    - flags: top simplicial tested seen
    - normal:   -0.1875 -0.05426  -0.9808
    - offset: -0.03451946
    - center: -0.04492553333333334 -0.1220226666666667 -0.01985873333333333 
    - vertices: p921(v43) p238(v14) p874(v8)
    - neighboring facets: f339 f193 f574
    - ridges:
- f193
    - flags: top simplicial tested
    - normal:   -0.3439  -0.1218  -0.9311
    - offset: -0.04898314
    - center: -0.0464912 -0.1271666666666667 -0.0188067 
    - vertices: p81(v44) p921(v43) p874(v8)
    - neighboring facets: f185 f274 f194
- f194
    - flags: bottom simplicial tested
    - normal:   -0.4172  -0.2298  -0.8793
    - offset: -0.06587406
    - center: -0.04476603333333334 -0.136195 -0.0180788 
    - vertices: p81(v44) p921(v43) p659(v27)
    - neighboring facets: f508 f440 f193
- f214
    - flags: bottom simplicial
    - normal:   -0.6925   0.6814    0.237
    - offset: -0.09026241
    - vertices: p519(v49) p680(v32) p385(v9)
    - neighboring facets: f135 f294 f215
- f215
    - flags: top simplicial
    - normal:   -0.1829   0.9767   0.1126
    - offset: -0.09510962
    - center: -0.03851266666666667 0.09077626666666666 -0.005254124333333335 
    - vertices: p519(v49) p680(v32) p357(v17)
    - neighboring facets: f378 f216 f214
- f216
    - flags: bottom simplicial
    - normal:  -0.04515   0.5342   0.8442
    - offset: -0.04961584
    - vertices: p519(v49) p684(v31) p357(v17)
    - neighboring facets: f127 f215 f292
- f226
    - flags: bottom simplicial tested seen
    - normal:   0.06137   0.5182   -0.853
    - offset: -0.06607064
    - center: 0.04935266666666666 0.09005026666666667 -0.01919696666666667 
    - vertices: p764(v51) p75(v35) p33(v11)
    - neighboring facets: f460 f227 f568
    - ridges:
- f227
    - flags: top simplicial tested
    - normal:    0.1404   0.5628  -0.8146
    - offset: -0.07377695
    - center: 0.0679762 0.08902563333333334 -0.0173436 
    - vertices: p764(v51) p597(v39) p33(v11)
    - neighboring facets: f231 f226 f228
- f228
    - flags: bottom simplicial tested seen
    - normal:    0.1424    0.541  -0.8289
    - offset: -0.07226919
    - center: 0.07179063333333334 0.08673393333333335 -0.01824663333333333 
    - vertices: p764(v51) p597(v39) p654(v18)
    - neighboring facets: f419 f575 f227
    - ridges:
- f230
    - flags: bottom simplicial tested seen
    - normal:    0.1092   0.9926 -0.05308
    - offset: -0.0999532
    - center: 0.07645706666666667 0.09190246666666665 -0.007219463333333332 
    - vertices: p411(v52) p147(v36) p533(v19)
    - neighboring facets: f396 f232 f541
    - ridges:
- f231
    - flags: bottom simplicial tested seen
    - normal:    0.1474   0.6468  -0.7483
    - offset: -0.08076782
    - center: 0.07114236666666666 0.09067449999999999 -0.01554673333333334 
    - vertices: p411(v52) p597(v39) p33(v11)
    - neighboring facets: f227 f544 f232
    - ridges:
- f232
    - flags: top simplicial tested
    - normal:     0.209    0.942  -0.2626
    - offset: -0.1050825
    - center: 0.08284223333333333 0.09007696666666665 -0.01109492333333333 
    - vertices: p411(v52) p597(v39) p533(v19)
    - neighboring facets: f233 f230 f231
- f233
    - flags: bottom simplicial tested
    - normal:    0.8414   0.5336  0.08546
    - offset: -0.1228319
    - center: 0.09151143333333334 0.08692699999999999 -0.006435832999999999 
    - vertices: p621(v53) p597(v39) p533(v19)
    - neighboring facets: f232 f310 f319
- f260
    - flags: bottom simplicial tested seen
    - normal:   -0.9237 -0.001036  -0.3831
    - offset: -0.05418573
    - center: -0.05044533333333334 -0.05993155 -0.01964743333333333 
    - vertices: p936(v57) p101(v42) p874(v8)
    - neighboring facets: f264 f554 f261
    - ridges:
- f261
    - flags: top simplicial tested seen
    - normal:   -0.9584 -0.000269  -0.2854
    - offset: -0.05397615
    - center: -0.05044533333333334 0.001196483333333336 -0.01972456666666667 
    - vertices: p936(v57) p101(v42) p841(v13)
    - neighboring facets: f180 f548 f260
    - ridges:
- f264
    - flags: top simplicial tested seen
    - normal:   -0.3383 -0.005153   -0.941
    - offset: -0.03589175
    - center: -0.0500782 -0.05105494999999999 -0.01985873333333333 
    - vertices: p743(v58) p101(v42) p874(v8)
    - neighboring facets: f260 f340 f577
    - ridges:
- f266
    - flags: bottom simplicial tested
    - normal:   0.01848 -0.09803   -0.995
    - offset: -0.03442191
    - center: 0.07780506666666666 -0.135716 -0.0197792 
    - vertices: p798(v59) p242(v25) p545(v5)
    - neighboring facets: f467 f345 f434
- f269
    - flags: top simplicial tested seen
    - normal:  -0.001888  -0.9971 -0.07614
    - offset: -0.1410111
    - center: 0.00205632 -0.139938 -0.01948236666666667 
    - vertices: p798(v59) p921(v43) p236(v26)
    - neighboring facets: f272 f591 f343
    - ridges:
- f272
    - flags: bottom simplicial tested seen
    - normal:  -0.003641  -0.9992 -0.04083
    - offset: -0.1406574
    - center: -0.02586491333333333 -0.139938 -0.01819343333333333 
    - vertices: p710(v60) p921(v43) p236(v26)
    - neighboring facets: f269 f588 f510
    - ridges:
- f274
    - flags: top simplicial tested seen
    - normal:        -1 -0.002937 -0.006356
    - offset: -0.05094937
    - center: -0.05048683333333334 -0.122918 -0.0161655 
    - vertices: p967(v61) p81(v44) p874(v8)
    - neighboring facets: f193 f555 f354
    - ridges:
- f283
    - flags: top simplicial tested seen
    - normal:   -0.9968 0.006493  0.07957
    - offset: -0.0503786
    - center: -0.05037136666666667 0.05640273333333334 -0.002491407333333334 
    - vertices: p632(v63) p805(v48) p133(v22)
    - neighboring facets: f553 f284 f365
    - ridges:
- f284
    - flags: bottom simplicial tested seen
    - normal:   -0.9958  0.01853  0.09012
    - offset: -0.05112641
    - center: -0.05037136666666667 0.07054913333333333 -0.003756067333333333 
    - vertices: p632(v63) p122(v41) p133(v22)
    - neighboring facets: f552 f283 f285
    - ridges:
- f285
    - flags: top simplicial tested seen
    - normal:   -0.9821  0.08222   0.1696
    - offset: -0.05467414
    - center: -0.05037136666666667 0.07357836666666667 -0.004976460666666667 
    - vertices: p632(v63) p122(v41) p58(v23)
    - neighboring facets: f549 f356 f284
    - ridges:
- f292
    - flags: top simplicial
    - normal:  -0.0001307 0.001546        1
    - offset: -4.380518e-05
    - vertices: p423(v64) p519(v49) p684(v31)
    - neighboring facets: f216 f296 f294
- f294
    - flags: bottom simplicial
    - normal:  -0.001083 0.001066        1
    - offset: -4.121104e-05
    - center: -0.03374393333333334 0.06693256666666667 -6.666859956733334e-05 
    - vertices: p423(v64) p519(v49) p385(v9)
    - neighboring facets: f214 f369 f292
- f296
    - flags: top simplicial
    - normal:  1.519e-06 0.001539        1
    - offset: -4.217127e-05
    - center: 0.01248371 0.07068846666666666 -6.666826623399997e-05 
    - vertices: p423(v64) p684(v31) p810(v6)
    - neighboring facets: f127 f483 f292
- f297
    - flags: top simplicial tested
    - normal:   -0.2574   0.7987  -0.5439
    - offset: -0.09198567
    - center: -0.0397131 0.09036690000000001 -0.01762643333333333 
    - vertices: p540(v65) p680(v32) p930(v7)
    - neighboring facets: f132 f455 f379
- f310
    - flags: bottom simplicial
    - normal:    0.1653   0.4713   0.8663
    - offset: -0.05394435
    - center: 0.08497106666666666 0.08763953333333334 -0.001622533666666667 
    - vertices: p197(v67) p621(v53) p533(v19)
    - neighboring facets: f233 f397 f523
- f319
    - flags: top simplicial tested
    - normal:    0.9864   0.1612 -0.03342
    - offset: -0.1055293
    - center: 0.09305463333333333 0.08306300000000001 -0.010584743 
    - vertices: p945(v68) p621(v53) p597(v39)
    - neighboring facets: f233 f420 f464
- f332
    - flags: top simplicial tested
    - normal:  -6.67e-06 -0.000867        1
    - offset: -2.045131e-05
    - center: 0.01820603333333334 -0.1006190666666667 -6.666826623399999e-05 
    - vertices: p655(v70) p551(v54) p649(v15)
    - neighboring facets: f423 f333 f428
- f333
    - flags: bottom simplicial tested
    - normal:  -1.542e-05 -0.0008674        1
    - offset: -2.06065e-05
    - center: -0.01582546666666667 -0.1003304 -6.666859956733334e-05 
    - vertices: p655(v70) p781(v62) p649(v15)
    - neighboring facets: f425 f332 f430
- f336
    - flags: top simplicial tested seen
    - normal:  -0.001423 -0.0006297        1
    - offset: -3.847134e-05
    - center: -0.0276836 -0.05149283333333333 -3.333453246799999e-05 
    - vertices: p655(v70) p986(v47) p773(v45)
    - neighboring facets: f359 f558 f429
    - ridges:
- f339
    - flags: bottom simplicial tested seen
    - normal:   -0.1591 -0.01187  -0.9872
    - offset: -0.02848463
    - center: -0.04816283333333334 -0.1026767 -0.01985873333333333 
    - vertices: p814(v71) p238(v14) p874(v8)
    - neighboring facets: f185 f340 f578
    - ridges:
- f340
    - flags: top simplicial tested seen
    - normal:   -0.2064 -0.008031  -0.9784
    - offset: -0.03027748
    - center: -0.04937453333333334 -0.08162470000000001 -0.01985873333333333 
    - vertices: p814(v71) p743(v58) p874(v8)
    - neighboring facets: f264 f339 f566
    - ridges:
- f343
    - flags: bottom simplicial tested seen
    - normal:  0.002399 -0.09804  -0.9952
    - offset: -0.03361817
    - center: 0.01910236666666667 -0.1391906666666667 -0.0200225 
    - vertices: p138(v72) p798(v59) p921(v43)
    - neighboring facets: f269 f572 f435
    - ridges:
- f344
    - flags: top simplicial tested seen
    - normal:   0.01685  -0.9954 -0.09406
    - offset: -0.1420762
    - center: 0.07000960000000001 -0.1398386666666667 -0.01804713333333334 
    - vertices: p552(v73) p798(v59) p435(v29)
    - neighboring facets: f589 f437 f345
    - ridges:
- f345
    - flags: bottom simplicial tested
    - normal:   0.03771  -0.4363   -0.899
    - offset: -0.0808354
    - center: 0.0753374 -0.139044 -0.019282 
    - vertices: p552(v73) p798(v59) p545(v5)
    - neighboring facets: f266 f392 f344
- f349
    - flags: top simplicial tested seen
    - normal:   -0.9972 -0.03528  0.06645
    - offset: -0.05403003
    - center: -0.05038436666666667 -0.1237256666666667 -0.00866711 
    - vertices: p521(v74) p967(v61) p767(v16)
    - neighboring facets: f547 f452 f354
    - ridges:
- f354
    - flags: bottom simplicial tested
    - normal:   -0.9979 -0.05704  0.02919
    - offset: -0.05728821
    - center: -0.0503712 -0.1296703333333333 -0.01285782 
    - vertices: p521(v74) p967(v61) p81(v44)
    - neighboring facets: f274 f511 f349
- f355
    - flags: top simplicial
    - normal:   -0.9614   0.1479   0.2321
    - offset: -0.05834373
    - center: -0.04923076666666666 0.0792491 -0.003057041333333334 
    - vertices: p524(v75) p58(v23) p385(v9)
    - neighboring facets: f135 f370 f356
- f356
    - flags: top simplicial
    - normal:    -0.975   0.1009    0.198
    - offset: -0.05555733
    - center: -0.05000329999999999 0.07347040000000001 -0.003057041333333335 
    - vertices: p524(v75) p632(v63) p58(v23)
    - neighboring facets: f285 f355 f372
- f359
    - flags: bottom simplicial tested
    - normal:  -0.003313 -0.0001788        1
    - offset: -7.167829e-05
    - center: -0.03849043333333333 -0.06062113333333333 -6.666826623399999e-05 
    - vertices: p475(v76) p986(v47) p773(v45)
    - neighboring facets: f336 f445 f451
- f365
    - flags: bottom simplicial tested seen
    - normal:    -0.993 0.004298   0.1181
    - offset: -0.05003725
    - center: -0.05037136666666667 0.02572306666666667 -0.0007755150000000011 
    - vertices: p981(v77) p632(v63) p805(v48)
    - neighboring facets: f283 f556 f446
    - ridges:
- f369
    - flags: bottom simplicial tested seen
    - normal:  -0.001436 0.0008362        1
    - offset: -3.88376e-05
    - center: -0.0265465 0.0407069 -3.3334532468e-05 
    - vertices: p628(v78) p423(v64) p385(v9)
    - neighboring facets: f294 f370 f559
    - ridges:
- f370
    - flags: top simplicial tested
    - normal:  -0.002611 0.0004019        1
    - offset: -5.854438e-05
    - center: -0.03931709999999999 0.05608403333333334 -6.666826623399994e-05 
    - vertices: p628(v78) p524(v75) p385(v9)
    - neighboring facets: f355 f369 f372
- f371
    - flags: bottom simplicial tested seen
    - normal:  -0.003373 1.746e-05        1
    - offset: -7.021588e-05
    - center: -0.03058663333333333 0.02115596666666666 -3.333453246799999e-05 
    - vertices: p628(v78) p632(v63) p773(v45)
    - neighboring facets: f444 f561 f372
    - ridges:
- f372
    - flags: bottom simplicial tested
    - normal:  -0.002847 0.0002945        1
    - offset: -6.227145e-05
    - center: -0.04008963333333333 0.05030533333333333 -6.666826623399998e-05 
    - vertices: p628(v78) p524(v75) p632(v63)
    - neighboring facets: f356 f371 f370
- f378
    - flags: bottom simplicial tested seen
    - normal:   -0.1625   0.9833  0.08154
    - offset: -0.09521744
    - center: -0.0348685 0.0917885 -0.008683323333333335 
    - vertices: p380(v80) p680(v32) p357(v17)
    - neighboring facets: f215 f542 f379
    - ridges:
- f379
    - flags: bottom simplicial tested seen
    - normal:   -0.1424   0.9898 0.004264
    - offset: -0.0959855
    - center: -0.03648563333333333 0.09178849999999998 -0.01438896666666667 
    - vertices: p380(v80) p540(v65) p680(v32)
    - neighboring facets: f297 f378 f543
    - ridges:
- f385
    - flags: bottom simplicial tested seen
    - normal:    0.9996 -0.02693 -0.01005
    - offset: -0.09698986
    - center: 0.09344596666666669 -0.1275163333333333 -0.01475070333333333 
    - vertices: p834(v82) p242(v25) p208(v21)
    - neighboring facets: f497 f600 f519
    - ridges:
- f389
    - flags: top simplicial tested
    - normal:    0.1873 -0.06689     0.98
    - offset: -0.02470976
    - center: 0.08750790000000001 -0.1324353333333333 -0.0005454946666666682 
    - vertices: p707(v83) p551(v54) p933(v38)
    - neighboring facets: f486 f516 f393
- f392
    - flags: bottom simplicial tested
    - normal:    0.4463  -0.8949 0.006286
    - offset: -0.1630826
    - center: 0.08872943333333333 -0.138084 -0.01313832666666667 
    - vertices: p707(v83) p552(v73) p545(v5)
    - neighboring facets: f345 f468 f393
- f393
    - flags: top simplicial tested
    - normal:    0.3039  -0.9513  0.05198
    - offset: -0.1578678
    - center: 0.08635463333333333 -0.138732 -0.006714960666666666 
    - vertices: p707(v83) p552(v73) p551(v54)
    - neighboring facets: f439 f389 f392
- f396
    - flags: top simplicial
    - normal:    0.1265   0.6346   0.7624
    - offset: -0.0657335
    - vertices: p296(v84) p147(v36) p533(v19)
    - neighboring facets: f230 f397 f398
- f397
    - flags: bottom simplicial
    - normal:    0.1287   0.6199   0.7741
    - offset: -0.06454333
    - center: 0.07598186666666668 0.09010776666666666 -0.00141182466666667 
    - vertices: p296(v84) p197(v67) p533(v19)
    - neighboring facets: f310 f396 f480
- f398
    - flags: bottom simplicial
    - normal:    0.1208   0.6439   0.7555
    - offset: -0.0661942
    - center: 0.0653787 0.09175096666666667 -0.001037841333333333 
    - vertices: p296(v84) p147(v36) p810(v6)
    - neighboring facets: f149 f484 f396
- f414
    - flags: top simplicial tested seen
    - normal:   0.02549 0.006862  -0.9997
    - offset: -0.02278309
    - center: 0.09106453333333332 0.0635675 -0.02003303333333333 
    - vertices: p537(v87) p931(v55) p881(v34)
    - neighboring facets: f571 f492 f500
    - ridges:
- f419
    - flags: top simplicial tested
    - normal:     0.166   0.3895   -0.906
    - offset: -0.06238425
    - center: 0.08366246666666666 0.08222746666666668 -0.01817966666666666 
    - vertices: p537(v87) p597(v39) p654(v18)
    - neighboring facets: f228 f499 f420
- f420
    - flags: top simplicial tested seen
    - normal:     0.916   0.2239  -0.3329
    - offset: -0.1088437
    - center: 0.09309110000000001 0.08005763333333334 -0.01697373333333334 
    - vertices: p537(v87) p945(v68) p597(v39)
    - neighboring facets: f319 f419 f599
    - ridges:
- f422
    - flags: bottom simplicial tested seen
    - normal:  0.005507   -0.928   0.3726
    - offset: -0.1299238
    - center: 0.05888669999999999 -0.1398533333333333 -0.0004795526666666754 
    - vertices: p502(v88) p291(v69) p551(v54)
    - neighboring facets: f438 f423 f590
    - ridges:
- f423
    - flags: bottom simplicial tested
    - normal:  -0.0009397  -0.1222   0.9925
    - offset: -0.01687123
    - center: 0.02922556666666667 -0.1394656666666667 -0.0001389566666666686 
    - vertices: p502(v88) p551(v54) p649(v15)
    - neighboring facets: f332 f425 f422
- f425
    - flags: top simplicial tested
    - normal:  -0.003014  -0.1709   0.9853
    - offset: -0.02366691
    - center: -0.004805933333333334 -0.139177 -0.0001389569999999952 
    - vertices: p502(v88) p781(v62) p649(v15)
    - neighboring facets: f333 f423 f502
- f428
    - flags: bottom simplicial tested seen
    - normal:  8.017e-05 -0.0007928        1
    - offset: -1.726228e-05
    - center: 0.02314213 -0.0614821 -3.333453246800001e-05 
    - vertices: p794(v89) p655(v70) p551(v54)
    - neighboring facets: f332 f490 f560
    - ridges:
- f429
    - flags: bottom simplicial
    - normal:  -0.000888 -0.0007943        1
    - offset: -3.342861e-05
    - center: -0.03358566666666667 -0.08846673333333334 -6.666826623400001e-05 
    - vertices: p169(v90) p655(v70) p986(v47)
    - neighboring facets: f336 f504 f430
- f430
    - flags: top simplicial
    - normal:  -0.0006179 -0.0008528        1
    - offset: -3.029926e-05
    - center: -0.02490536666666667 -0.09566239999999999 -6.666859956733334e-05 
    - vertices: p169(v90) p655(v70) p781(v62)
    - neighboring facets: f333 f503 f429
- f434
    - flags: top simplicial tested seen
    - normal:   0.01779 -0.09521  -0.9953
    - offset: -0.03399876
    - center: 0.06959756666666667 -0.134778 -0.0200225 
    - vertices: p740(v91) p798(v59) p242(v25)
    - neighboring facets: f266 f581 f435
    - ridges:
- f435
    - flags: top simplicial tested seen
    - normal:   0.01176 -0.07809  -0.9969
    - offset: -0.03132939
    - center: 0.05365113333333333 -0.13752 -0.02002250000000001 
    - vertices: p740(v91) p138(v72) p798(v59)
    - neighboring facets: f343 f434 f580
    - ridges:
- f437
    - flags: top simplicial tested seen
    - normal:   0.03478  -0.9992  -0.0206
    - offset: -0.1427739
    - center: 0.08028823333333333 -0.1398386666666667 -0.01248948 
    - vertices: p407(v92) p552(v73) p435(v29)
    - neighboring facets: f344 f594 f439
    - ridges:
- f438
    - flags: top simplicial tested seen
    - normal:   0.06475  -0.9918   0.1102
    - offset: -0.1437546
    - center: 0.08047296666666666 -0.1398533333333334 -0.001472110666666667 
    - vertices: p407(v92) p291(v69) p551(v54)
    - neighboring facets: f422 f439 f593
    - ridges:
- f439
    - flags: bottom simplicial tested
    - normal:    0.2155  -0.9758  0.03614
    - offset: -0.1539888
    - center: 0.08324123333333333 -0.139692 -0.007300980666666666 
    - vertices: p407(v92) p552(v73) p551(v54)
    - neighboring facets: f393 f438 f437
- f440
    - flags: bottom simplicial
    - normal:   -0.8396  -0.5094  -0.1884
    - offset: -0.1118887
    - center: -0.04850426666666666 -0.1342046666666667 -0.01483043333333333 
    - vertices: p386(v93) p81(v44) p659(v27)
    - neighboring facets: f194 f507 f512
- f444
    - flags: top simplicial
    - normal:  -0.003506 -3.073e-05        1
    - offset: -7.365838e-05
    - vertices: p174(v94) p632(v63) p773(v45)
    - neighboring facets: f371 f445 f446
- f445
    - flags: bottom simplicial
    - normal:  -0.003503 -3.328e-05        1
    - offset: -7.363546e-05
    - vertices: p174(v94) p475(v76) p773(v45)
    - neighboring facets: f359 f444 f447
- f446
    - flags: top simplicial
    - normal:  -0.05395 -0.0004729   0.9985
    - offset: -0.002572538
    - vertices: p174(v94) p981(v77) p632(v63)
    - neighboring facets: f365 f444 f447
- f447
    - flags: bottom simplicial
    - normal:  -0.05479 -0.0005205   0.9985
    - offset: -0.002615848
    - center: -0.0495725 -0.03885566666666667 -0.0001207556666666665 
    - vertices: p174(v94) p981(v77) p475(v76)
    - neighboring facets: f449 f445 f446
- f449
    - flags: top simplicial tested seen
    - normal:   -0.2916 -0.01181   0.9565
    - offset: -0.01481713
    - center: -0.0500268 -0.0589661 -0.0004888449999999984 
    - vertices: p982(v95) p981(v77) p475(v76)
    - neighboring facets: f447 f451 f556
    - ridges:
- f451
    - flags: top simplicial tested
    - normal:   -0.2458 -0.01327   0.9692
    - offset: -0.01264329
    - center: -0.0483615 -0.09105336666666668 -0.0004680913333333326 
    - vertices: p982(v95) p475(v76) p986(v47)
    - neighboring facets: f359 f453 f449
- f452
    - flags: top simplicial tested seen
    - normal:   -0.9942 -0.04367  0.09867
    - offset: -0.05468062
    - center: -0.05038436666666667 -0.116439 -0.005009733333333332 
    - vertices: p982(v95) p521(v74) p767(v16)
    - neighboring facets: f349 f547 f453
    - ridges:
- f453
    - flags: bottom simplicial tested
    - normal:   -0.6865   -0.224   0.6918
    - offset: -0.05740254
    - center: -0.04871906666666666 -0.1180196666666667 -0.003585810666666667 
    - vertices: p982(v95) p521(v74) p986(v47)
    - neighboring facets: f505 f451 f452
- f455
    - flags: top simplicial tested seen
    - normal:   -0.1178    0.595   -0.795
    - offset: -0.07332389
    - center: -0.03495283333333333 0.09025046666666668 -0.0195023 
    - vertices: p28(v96) p540(v65) p930(v7)
    - neighboring facets: f297 f582 f456
    - ridges:
- f456
    - flags: top simplicial tested seen
    - normal:  -0.04926   0.5904  -0.8056
    - offset: -0.07092006
    - center: -0.02604353333333333 0.09133713333333333 -0.0195023 
    - vertices: p28(v96) p525(v79) p540(v65)
    - neighboring facets: f458 f455 f579
    - ridges:
- f457
    - flags: bottom simplicial tested seen
    - normal:  0.003377   0.9491  -0.3149
    - offset: -0.09345102
    - center: 0.01409646666666667 0.09224019999999998 -0.01859926666666666 
    - vertices: p938(v97) p540(v65) p33(v11)
    - neighboring facets: f543 f460 f458
    - ridges:
- f458
    - flags: bottom simplicial tested seen
    - normal:  -0.005537   0.8487  -0.5289
    - offset: -0.08835842
    - center: -0.008618233333333331 0.09190526666666667 -0.01950230000000001 
    - vertices: p938(v97) p525(v79) p540(v65)
    - neighboring facets: f456 f457 f570
    - ridges:
- f460
    - flags: top simplicial tested seen
    - normal:   0.05469   0.5468  -0.8355
    - offset: -0.06804559
    - center: 0.0367827 0.09143933333333332 -0.01919696666666667 
    - vertices: p938(v97) p75(v35) p33(v11)
    - neighboring facets: f226 f457 f583
    - ridges:
- f462
    - flags: top simplicial tested seen
    - normal:    0.9998 0.006974  0.02113
    - offset: -0.09393117
    - center: 0.09346353333333335 0.07538803333333334 -0.001654152 
    - vertices: p865(v98) p334(v81) p621(v53)
    - neighboring facets: f473 f464 f596
    - ridges:
- f464
    - flags: bottom simplicial tested seen
    - normal:    0.9999  0.01253 0.003816
    - offset: -0.09442011
    - center: 0.09346353333333333 0.07908656666666668 -0.006832286333333333 
    - vertices: p865(v98) p945(v68) p621(v53)
    - neighboring facets: f319 f462 f597
    - ridges:
- f467
    - flags: top simplicial
    - normal:    0.9042  -0.4111  -0.1154
    - offset:  -0.139973
    - center: 0.091701 -0.1340223333333333 -0.01693043333333333 
    - vertices: p748(v99) p242(v25) p545(v5)
    - neighboring facets: f266 f468 f535
- f468
    - flags: bottom simplicial
    - normal:    0.7898  -0.6131 -0.01572
    - offset: -0.1555703
    - center: 0.09075426666666668 -0.1365516666666667 -0.01070926 
    - vertices: p748(v99) p707(v83) p545(v5)
    - neighboring facets: f392 f467 f533
- f470
    - flags: bottom simplicial
    - normal:    0.1632  0.01326   0.9865
    - offset: -0.0156249
    - center: 0.09226236666666666 0.06558940000000001 -0.0003107110000000004 
    - vertices: p24(v100) p492(v85) p621(v53)
    - neighboring facets: f474 f524 f472
- f472
    - flags: bottom simplicial
    - normal:  0.001392 0.000113        1
    - offset: -3.403188e-05
    - center: 0.06902156666666666 0.04113862333333333 -6.666826623399998e-05 
    - vertices: p24(v100) p749(v86) p492(v85)
    - neighboring facets: f488 f470 f482
- f473
    - flags: bottom simplicial tested seen
    - normal:    0.9288 0.001442   0.3706
    - offset: -0.08658783
    - center: 0.09346353333333335 0.04540316666666667 -0.000768406999999992 
    - vertices: p71(v101) p334(v81) p621(v53)
    - neighboring facets: f462 f474 f602
    - ridges:
- f474
    - flags: top simplicial tested
    - normal:    0.8835 0.001498   0.4685
    - offset: -0.08228918
    - center: 0.09334010000000001 0.035809 -0.0004858086666666567 
    - vertices: p71(v101) p492(v85) p621(v53)
    - neighboring facets: f470 f473 f527
- f480
    - flags: top simplicial tested
    - normal:  0.0002706 0.001303        1
    - offset: -3.585229e-05
    - center: 0.04792135333333333 0.06871816666666666 -6.666826623399997e-05 
    - vertices: p695(v102) p296(v84) p197(v67)
    - neighboring facets: f397 f521 f484
- f482
    - flags: top simplicial tested seen
    - normal:  0.0007163 0.0008073        1
    - offset: -2.478132e-05
    - center: 0.03954128666666667 0.03690572333333333 -3.333453246799999e-05 
    - vertices: p695(v102) p24(v100) p749(v86)
    - neighboring facets: f472 f562 f522
    - ridges:
- f483
    - flags: top simplicial tested seen
    - normal:  8.01e-05 0.001457        1
    - offset: -3.905441e-05
    - center: 0.01673338666666667 0.04874736666666666 -3.333453246799999e-05 
    - vertices: p695(v102) p423(v64) p810(v6)
    - neighboring facets: f296 f484 f564
    - ridges:
- f484
    - flags: bottom simplicial tested
    - normal:  0.0002484 0.001325        1
    - offset: -3.631723e-05
    - center: 0.04256905333333333 0.06976383333333333 -6.666826623399999e-05 
    - vertices: p695(v102) p296(v84) p810(v6)
    - neighboring facets: f398 f483 f480
- f486
    - flags: bottom simplicial tested
    - normal:  0.0009422 -0.0003366        1
    - offset: -2.482644e-05
    - center: 0.06552926666666667 -0.08839711333333333 -6.666826623400001e-05 
    - vertices: p141(v103) p551(v54) p933(v38)
    - neighboring facets: f389 f539 f490
- f488
    - flags: top simplicial tested seen
    - normal:  0.001403 8.529e-05        1
    - offset: -3.404207e-05
    - center: 0.0471199 0.01464324333333333 -3.333453246800001e-05 
    - vertices: p141(v103) p749(v86) p492(v85)
    - neighboring facets: f472 f526 f562
    - ridges:
- f490
    - flags: bottom simplicial tested seen
    - normal:  0.0004329 -0.0005564        1
    - offset: -1.341603e-05
    - center: 0.03688269666666667 -0.05533047999999999 -3.3334532468e-05 
    - vertices: p141(v103) p794(v89) p551(v54)
    - neighboring facets: f428 f486 f560
    - ridges:
- f492
    - flags: top simplicial tested seen
    - normal:   0.06637 0.004434  -0.9978
    - offset: -0.02638932
    - center: 0.0927958 0.05443563333333334 -0.02003303333333334 
    - vertices: p284(v104) p537(v87) p881(v34)
    - neighboring facets: f414 f584 f493
    - ridges:
- f493
    - flags: bottom simplicial tested seen
    - normal:   0.09318 0.003885  -0.9956
    - offset: -0.02881248
    - center: 0.09317046666666667 0.0476127 -0.02003303333333333 
    - vertices: p284(v104) p537(v87) p342(v56)
    - neighboring facets: f495 f573 f492
    - ridges:
- f495
    - flags: top simplicial tested seen
    - normal:    0.4972 0.0006519  -0.8677
    - offset: -0.06379799
    - center: 0.09336613333333332 -0.002137700000000001 -0.02003303333333334 
    - vertices: p742(v105) p537(v87) p342(v56)
    - neighboring facets: f493 f576 f532
    - ridges:
- f497
    - flags: top simplicial tested seen
    - normal:    0.9972 -0.002696 -0.07458
    - offset: -0.09492588
    - center: 0.09340953333333332 -0.121263 -0.0194411 
    - vertices: p742(v105) p242(v25) p208(v21)
    - neighboring facets: f385 f531 f585
    - ridges:
- f499
    - flags: top simplicial tested seen
    - normal:   0.01402  0.01687  -0.9998
    - offset: -0.02245398
    - center: 0.07804773333333333 0.07893309999999999 -0.02003303333333333 
    - vertices: p85(v106) p537(v87) p654(v18)
    - neighboring facets: f419 f575 f500
    - ridges:
- f500
    - flags: bottom simplicial tested seen
    - normal:   0.01388  0.01611  -0.9998
    - offset: -0.02238549
    - center: 0.08551300000000001 0.07260573333333332 -0.02003303333333333 
    - vertices: p85(v106) p537(v87) p931(v55)
    - neighboring facets: f414 f571 f499
    - ridges:
- f502
    - flags: bottom simplicial tested seen
    - normal:  -0.01505  -0.4913   0.8709
    - offset: -0.06834537
    - center: -0.01270733333333333 -0.1395646666666667 -0.000474403000000002 
    - vertices: p676(v107) p502(v88) p781(v62)
    - neighboring facets: f425 f503 f590
    - ridges:
- f503
    - flags: top simplicial tested
    - normal:  -0.05757 -0.07945   0.9952
    - offset: -0.0120401
    - center: -0.0310379 -0.134509 -0.0004354483333333321 
    - vertices: p676(v107) p169(v90) p781(v62)
    - neighboring facets: f430 f502 f504
- f504
    - flags: bottom simplicial tested
    - normal:  -0.09942 -0.08893   0.9911
    - offset: -0.01483947
    - center: -0.0397182 -0.1273133333333333 -0.0004354479999999999 
    - vertices: p676(v107) p169(v90) p986(v47)
    - neighboring facets: f429 f505 f503
- f505
    - flags: top simplicial tested
    - normal:   -0.5817  -0.2987   0.7566
    - offset: -0.06137374
    - center: -0.04357156666666667 -0.129617 -0.003553167333333333 
    - vertices: p676(v107) p521(v74) p986(v47)
    - neighboring facets: f453 f504 f506
- f506
    - flags: top simplicial tested
    - normal:   -0.6034  -0.4148    0.681
    - offset: -0.07847828
    - center: -0.04497946666666667 -0.1351956666666667 -0.006971466666666668 
    - vertices: p676(v107) p386(v93) p521(v74)
    - neighboring facets: f513 f505 f507
- f507
    - flags: bottom simplicial tested
    - normal:   -0.5037  -0.8275    0.248
    - offset: -0.1332386
    - center: -0.04336993333333334 -0.1374716666666667 -0.009551246666666662 
    - vertices: p676(v107) p386(v93) p659(v27)
    - neighboring facets: f440 f508 f506
- f508
    - flags: top simplicial tested
    - normal:   -0.1705  -0.9851  0.02137
    - offset: -0.1438713
    - center: -0.0396317 -0.139462 -0.01279961333333333 
    - vertices: p676(v107) p921(v43) p659(v27)
    - neighboring facets: f194 f507 f510
- f510
    - flags: top simplicial tested seen
    - normal:   -0.0337  -0.9994 -0.003655
    - offset: -0.1411051
    - center: -0.0356709 -0.1399380000000001 -0.01240234666666667 
    - vertices: p676(v107) p710(v60) p921(v43)
    - neighboring facets: f272 f508 f588
    - ridges:
- f511
    - flags: bottom simplicial
    - normal:   -0.9808  -0.1951 -1.25e-06
    - offset: -0.0748981
    - vertices: p952(v108) p521(v74) p81(v44)
    - neighboring facets: f354 f512 f513
- f512
    - flags: top simplicial
    - normal:   -0.9779  -0.2089 -0.006769
    - offset: -0.0766558
    - vertices: p952(v108) p386(v93) p81(v44)
    - neighboring facets: f440 f511 f513
- f513
    - flags: bottom simplicial
    - normal:   -0.9799  -0.1996 0.002542
    - offset: -0.07541981
    - vertices: p952(v108) p386(v93) p521(v74)
    - neighboring facets: f506 f511 f512
- f516
    - flags: top simplicial tested
    - normal:    0.2241 -0.06381   0.9725
    - offset: -0.02763042
    - center: 0.0911308 -0.129135 -0.001058367333333332 
    - vertices: p86(v109) p707(v83) p933(v38)
    - neighboring facets: f389 f537 f534
- f519
    - flags: top simplicial tested seen
    - normal:     0.999 -0.04453 -0.009078
    - offset: -0.0991918
    - center: 0.09344596666666667 -0.1293183333333333 -0.00925581 
    - vertices: p86(v109) p834(v82) p242(v25)
    - neighboring facets: f385 f536 f601
    - ridges:
- f521
    - flags: top simplicial
    - normal:  0.0005995 0.0009463        1
    - offset: -2.792258e-05
    - vertices: p698(v110) p695(v102) p197(v67)
    - neighboring facets: f480 f523 f522
- f522
    - flags: bottom simplicial
    - normal:  0.0007158 0.0008082        1
    - offset: -2.480446e-05
    - vertices: p698(v110) p695(v102) p24(v100)
    - neighboring facets: f482 f524 f521
- f523
    - flags: top simplicial
    - normal:   0.05667  0.08944   0.9944
    - offset: -0.01199217
    - vertices: p698(v110) p197(v67) p621(v53)
    - neighboring facets: f310 f524 f521
- f524
    - flags: bottom simplicial
    - normal:   0.04925  0.05561   0.9972
    - offset: -0.00848761
    - vertices: p698(v110) p24(v100) p621(v53)
    - neighboring facets: f470 f523 f522
- f526
    - flags: top simplicial tested
    - normal:  0.001461 -4.101e-06        1
    - offset: -3.590625e-05
    - center: 0.07019576666666666 -0.003286646666666666 -6.666826623399998e-05 
    - vertices: p966(v111) p141(v103) p492(v85)
    - neighboring facets: f488 f527 f540
- f527
    - flags: bottom simplicial tested
    - normal:    0.7092 -0.001991    0.705
    - offset: -0.06590127
    - center: 0.09317516666666667 -0.006571666666666666 -0.0002750996666666579 
    - vertices: p966(v111) p71(v101) p492(v85)
    - neighboring facets: f474 f526 f528
- f528
    - flags: bottom simplicial tested seen
    - normal:    0.7918 -0.005391   0.6107
    - offset: -0.07373219
    - center: 0.09329860000000001 -0.06287043333333332 -0.0007879723333333331 
    - vertices: p966(v111) p86(v109) p71(v101)
    - neighboring facets: f598 f527 f538
    - ridges:
- f531
    - flags: top simplicial tested seen
    - normal:    0.9977 -0.001689 -0.06735
    - offset:  -0.094718
    - center: 0.09346356666666665 -0.1031653 -0.019192 
    - vertices: p875(v112) p742(v105) p208(v21)
    - neighboring facets: f497 f600 f532
    - ridges:
- f532
    - flags: bottom simplicial tested seen
    - normal:    0.9923 -0.0004539   -0.124
    - offset: -0.09521237
    - center: 0.09346356666666666 -0.03706963333333333 -0.01978393333333333 
    - vertices: p875(v112) p742(v105) p537(v87)
    - neighboring facets: f495 f599 f531
    - ridges:
- f533
    - flags: top simplicial
    - normal:    0.9118  -0.4077  0.04866
    - offset: -0.1383517
    - vertices: p27(v113) p748(v99) p707(v83)
    - neighboring facets: f468 f534 f535
- f534
    - flags: bottom simplicial
    - normal:     0.854  -0.3328   0.3999
    - offset:  -0.122349
    - vertices: p27(v113) p86(v109) p707(v83)
    - neighboring facets: f516 f533 f536
- f535
    - flags: bottom simplicial
    - normal:    0.9627  -0.2698 -0.01988
    - offset: -0.1252065
    - vertices: p27(v113) p748(v99) p242(v25)
    - neighboring facets: f467 f536 f533
- f536
    - flags: top simplicial
    - normal:    0.9903  -0.1385 -0.009648
    - offset: -0.1105631
    - vertices: p27(v113) p86(v109) p242(v25)
    - neighboring facets: f519 f535 f534
- f537
    - flags: top simplicial
    - normal:    0.3166 -0.01764   0.9484
    - offset: -0.03033793
    - vertices: p679(v114) p86(v109) p933(v38)
    - neighboring facets: f516 f539 f538
- f538
    - flags: top simplicial
    - normal:    0.3652 -0.01416   0.9308
    - offset: -0.03446116
    - vertices: p679(v114) p966(v111) p86(v109)
    - neighboring facets: f528 f537 f540
- f539
    - flags: bottom simplicial
    - normal:  0.001403 -7.817e-05        1
    - offset: -3.485146e-05
    - vertices: p679(v114) p141(v103) p933(v38)
    - neighboring facets: f486 f537 f540
- f540
    - flags: bottom simplicial
    - normal:  0.001432 -5.55e-05        1
    - offset: -3.544145e-05
    - vertices: p679(v114) p966(v111) p141(v103)
    - neighboring facets: f526 f539 f538
- f541
    - flags: top simplicial tricoplanar keepcentrum
    - owner of normal & centrum is facet f541
    - normal:         0        1        0
    - offset:    -0.0925
    - center: 0.0173987 0.0925 -0.01081638166666667 
    - vertices: p380(v80) p411(v52) p147(v36)
    - neighboring facets: f230 f542 f544
- f542
    - flags: top simplicial tricoplanar
    - owner of normal & centrum is facet f541
    - normal:         0        1        0
    - offset:    -0.0925
    - center: 0.0173987 0.0925 -0.01081638166666667 
    - vertices: p380(v80) p147(v36) p357(v17)
    - neighboring facets: f149 f378 f541
- f543
    - flags: top simplicial tricoplanar
    - owner of normal & centrum is facet f541
    - normal:         0        1        0
    - offset:    -0.0925
    - center: 0.0173987 0.0925 -0.01081638166666667 
    - vertices: p380(v80) p540(v65) p33(v11)
    - neighboring facets: f457 f544 f379
- f544
    - flags: bottom simplicial tricoplanar
    - owner of normal & centrum is facet f541
    - normal:         0        1        0
    - offset:    -0.0925
    - center: 0.0173987 0.0925 -0.01081638166666667 
    - vertices: p380(v80) p411(v52) p33(v11)
    - neighboring facets: f231 f543 f541
- f547
    - flags: bottom simplicial tricoplanar keepcentrum
    - owner of normal & centrum is facet f547
    - normal:        -1       -0       -0
    - offset:    -0.0505
    - center: -0.0505 -0.007673088888888889 -0.009843074444444443 
    - vertices: p982(v95) p967(v61) p767(v16)
    - neighboring facets: f349 f452 f555
- f548
    - flags: top simplicial tricoplanar
    - owner of normal & centrum is facet f547
    - normal:        -1       -0       -0
    - offset:    -0.0505
    - center: -0.0505 -0.007673088888888889 -0.009843074444444443 
    - vertices: p982(v95) p936(v57) p841(v13)
    - neighboring facets: f261 f550 f554
- f549
    - flags: bottom simplicial tricoplanar
    - owner of normal & centrum is facet f547
    - normal:        -1       -0       -0
    - offset:    -0.0505
    - center: -0.0505 -0.007673088888888889 -0.009843074444444443 
    - vertices: p982(v95) p122(v41) p58(v23)
    - neighboring facets: f285 f550 f552
- f550
    - flags: bottom simplicial tricoplanar
    - owner of normal & centrum is facet f547
    - normal:        -1       -0       -0
    - offset:    -0.0505
    - center: -0.0505 -0.007673088888888889 -0.009843074444444443 
    - vertices: p982(v95) p58(v23) p841(v13)
    - neighboring facets: f95 f548 f549
- f552
    - flags: top simplicial tricoplanar
    - owner of normal & centrum is facet f547
    - normal:        -1       -0       -0
    - offset:    -0.0505
    - center: -0.0505 -0.007673088888888889 -0.009843074444444443 
    - vertices: p982(v95) p122(v41) p133(v22)
    - neighboring facets: f284 f553 f549
- f553
    - flags: bottom simplicial tricoplanar
    - owner of normal & centrum is facet f547
    - normal:        -1       -0       -0
    - offset:    -0.0505
    - center: -0.0505 -0.007673088888888889 -0.009843074444444443 
    - vertices: p982(v95) p805(v48) p133(v22)
    - neighboring facets: f283 f552 f556
- f554
    - flags: bottom simplicial tricoplanar
    - owner of normal & centrum is facet f547
    - normal:        -1       -0       -0
    - offset:    -0.0505
    - center: -0.0505 -0.007673088888888889 -0.009843074444444443 
    - vertices: p982(v95) p936(v57) p874(v8)
    - neighboring facets: f260 f555 f548
- f555
    - flags: top simplicial tricoplanar
    - owner of normal & centrum is facet f547
    - normal:        -1       -0       -0
    - offset:    -0.0505
    - center: -0.0505 -0.007673088888888889 -0.009843074444444443 
    - vertices: p982(v95) p967(v61) p874(v8)
    - neighboring facets: f274 f554 f547
- f556
    - flags: bottom simplicial tricoplanar
    - owner of normal & centrum is facet f547
    - normal:        -1       -0       -0
    - offset:    -0.0505
    - center: -0.0505 -0.007673088888888889 -0.009843074444444443 
    - vertices: p982(v95) p981(v77) p805(v48)
    - neighboring facets: f365 f553 f449
- f558
    - flags: top simplicial tricoplanar keepcentrum
    - owner of normal & centrum is facet f558
    - normal:        -0        0        1
    - offset: 7.98702e-10
    - center: -0.001626981249999999 0.00132814125 -7.98702e-10 
    - vertices: p141(v103) p655(v70) p773(v45)
    - neighboring facets: f336 f561 f560
- f559
    - flags: top simplicial tricoplanar
    - owner of normal & centrum is facet f558
    - normal:        -0        0        1
    - offset: 7.98702e-10
    - center: -0.001626981249999999 0.00132814125 -7.98702e-10 
    - vertices: p141(v103) p628(v78) p423(v64)
    - neighboring facets: f369 f564 f561
- f560
    - flags: top simplicial tricoplanar
    - owner of normal & centrum is facet f558
    - normal:        -0        0        1
    - offset: 7.98702e-10
    - center: -0.001626981249999999 0.00132814125 -7.98702e-10 
    - vertices: p141(v103) p794(v89) p655(v70)
    - neighboring facets: f428 f558 f490
- f561
    - flags: bottom simplicial tricoplanar
    - owner of normal & centrum is facet f558
    - normal:        -0        0        1
    - offset: 7.98702e-10
    - center: -0.001626981249999999 0.00132814125 -7.98702e-10 
    - vertices: p141(v103) p628(v78) p773(v45)
    - neighboring facets: f371 f558 f559
- f562
    - flags: top simplicial tricoplanar
    - owner of normal & centrum is facet f558
    - normal:        -0        0        1
    - offset: 7.98702e-10
    - center: -0.001626981249999999 0.00132814125 -7.98702e-10 
    - vertices: p141(v103) p695(v102) p749(v86)
    - neighboring facets: f482 f488 f564
- f564
    - flags: bottom simplicial tricoplanar
    - owner of normal & centrum is facet f558
    - normal:        -0        0        1
    - offset: 7.98702e-10
    - center: -0.001626981249999999 0.00132814125 -7.98702e-10 
    - vertices: p141(v103) p695(v102) p423(v64)
    - neighboring facets: f483 f559 f562
- f566
    - flags: bottom simplicial tricoplanar keepcentrum
    - owner of normal & centrum is facet f566
    - normal:        -0        0       -1
    - offset:    -0.0201
    - center: 0.02143661111111111 0.01160662777777778 -0.0201 
    - vertices: p85(v106) p814(v71) p743(v58)
    - neighboring facets: f340 f577 f578
- f567
    - flags: bottom simplicial tricoplanar
    - owner of normal & centrum is facet f566
    - normal:        -0        0       -1
    - offset:    -0.0201
    - center: 0.02143661111111111 0.01160662777777778 -0.0201 
    - vertices: p85(v106) p101(v42) p70(v24)
    - neighboring facets: f180 f569 f577
- f568
    - flags: top simplicial tricoplanar
    - owner of normal & centrum is facet f566
    - normal:        -0        0       -1
    - offset:    -0.0201
    - center: 0.02143661111111111 0.01160662777777778 -0.0201 
    - vertices: p85(v106) p764(v51) p75(v35)
    - neighboring facets: f226 f583 f575
- f569
    - flags: bottom simplicial tricoplanar
    - owner of normal & centrum is facet f566
    - normal:        -0        0       -1
    - offset:    -0.0201
    - center: 0.02143661111111111 0.01160662777777778 -0.0201 
    - vertices: p85(v106) p70(v24) p930(v7)
    - neighboring facets: f132 f582 f567
- f570
    - flags: top simplicial tricoplanar
    - owner of normal & centrum is facet f566
    - normal:        -0        0       -1
    - offset:    -0.0201
    - center: 0.02143661111111111 0.01160662777777778 -0.0201 
    - vertices: p85(v106) p938(v97) p525(v79)
    - neighboring facets: f458 f579 f583
- f571
    - flags: bottom simplicial tricoplanar
    - owner of normal & centrum is facet f566
    - normal:        -0        0       -1
    - offset:    -0.0201
    - center: 0.02143661111111111 0.01160662777777778 -0.0201 
    - vertices: p85(v106) p931(v55) p881(v34)
    - neighboring facets: f414 f584 f500
- f572
    - flags: bottom simplicial tricoplanar
    - owner of normal & centrum is facet f566
    - normal:        -0        0       -1
    - offset:    -0.0201
    - center: 0.02143661111111111 0.01160662777777778 -0.0201 
    - vertices: p85(v106) p138(v72) p921(v43)
    - neighboring facets: f343 f574 f580
- f573
    - flags: bottom simplicial tricoplanar
    - owner of normal & centrum is facet f566
    - normal:        -0        0       -1
    - offset:    -0.0201
    - center: 0.02143661111111111 0.01160662777777778 -0.0201 
    - vertices: p85(v106) p284(v104) p342(v56)
    - neighboring facets: f493 f576 f584
- f574
    - flags: bottom simplicial tricoplanar
    - owner of normal & centrum is facet f566
    - normal:        -0        0       -1
    - offset:    -0.0201
    - center: 0.02143661111111111 0.01160662777777778 -0.0201 
    - vertices: p85(v106) p921(v43) p238(v14)
    - neighboring facets: f185 f578 f572
- f575
    - flags: bottom simplicial tricoplanar
    - owner of normal & centrum is facet f566
    - normal:        -0        0       -1
    - offset:    -0.0201
    - center: 0.02143661111111111 0.01160662777777778 -0.0201 
    - vertices: p85(v106) p764(v51) p654(v18)
    - neighboring facets: f228 f499 f568
- f576
    - flags: top simplicial tricoplanar
    - owner of normal & centrum is facet f566
    - normal:        -0        0       -1
    - offset:    -0.0201
    - center: 0.02143661111111111 0.01160662777777778 -0.0201 
    - vertices: p85(v106) p742(v105) p342(v56)
    - neighboring facets: f495 f573 f585
- f577
    - flags: bottom simplicial tricoplanar
    - owner of normal & centrum is facet f566
    - normal:        -0        0       -1
    - offset:    -0.0201
    - center: 0.02143661111111111 0.01160662777777778 -0.0201 
    - vertices: p85(v106) p743(v58) p101(v42)
    - neighboring facets: f264 f567 f566
- f578
    - flags: top simplicial tricoplanar
    - owner of normal & centrum is facet f566
    - normal:        -0        0       -1
    - offset:    -0.0201
    - center: 0.02143661111111111 0.01160662777777778 -0.0201 
    - vertices: p85(v106) p814(v71) p238(v14)
    - neighboring facets: f339 f574 f566
- f579
    - flags: bottom simplicial tricoplanar
    - owner of normal & centrum is facet f566
    - normal:        -0        0       -1
    - offset:    -0.0201
    - center: 0.02143661111111111 0.01160662777777778 -0.0201 
    - vertices: p85(v106) p28(v96) p525(v79)
    - neighboring facets: f456 f570 f582
- f580
    - flags: bottom simplicial tricoplanar
    - owner of normal & centrum is facet f566
    - normal:        -0        0       -1
    - offset:    -0.0201
    - center: 0.02143661111111111 0.01160662777777778 -0.0201 
    - vertices: p85(v106) p740(v91) p138(v72)
    - neighboring facets: f435 f572 f581
- f581
    - flags: top simplicial tricoplanar
    - owner of normal & centrum is facet f566
    - normal:        -0        0       -1
    - offset:    -0.0201
    - center: 0.02143661111111111 0.01160662777777778 -0.0201 
    - vertices: p85(v106) p740(v91) p242(v25)
    - neighboring facets: f434 f585 f580
- f582
    - flags: top simplicial tricoplanar
    - owner of normal & centrum is facet f566
    - normal:        -0        0       -1
    - offset:    -0.0201
    - center: 0.02143661111111111 0.01160662777777778 -0.0201 
    - vertices: p85(v106) p28(v96) p930(v7)
    - neighboring facets: f455 f569 f579
- f583
    - flags: bottom simplicial tricoplanar
    - owner of normal & centrum is facet f566
    - normal:        -0        0       -1
    - offset:    -0.0201
    - center: 0.02143661111111111 0.01160662777777778 -0.0201 
    - vertices: p85(v106) p938(v97) p75(v35)
    - neighboring facets: f460 f568 f570
- f584
    - flags: top simplicial tricoplanar
    - owner of normal & centrum is facet f566
    - normal:        -0        0       -1
    - offset:    -0.0201
    - center: 0.02143661111111111 0.01160662777777778 -0.0201 
    - vertices: p85(v106) p284(v104) p881(v34)
    - neighboring facets: f492 f571 f573
- f585
    - flags: bottom simplicial tricoplanar
    - owner of normal & centrum is facet f566
    - normal:        -0        0       -1
    - offset:    -0.0201
    - center: 0.02143661111111111 0.01160662777777778 -0.0201 
    - vertices: p85(v106) p742(v105) p242(v25)
    - neighboring facets: f497 f581 f576
- f588
    - flags: bottom simplicial tricoplanar keepcentrum
    - owner of normal & centrum is facet f588
    - normal:        -0       -1        0
    - offset:      -0.14
    - center: 0.0281426325  -0.14 -0.0094566045 
    - vertices: p676(v107) p710(v60) p236(v26)
    - neighboring facets: f272 f591 f510
- f589
    - flags: bottom simplicial tricoplanar
    - owner of normal & centrum is facet f588
    - normal:        -0       -1        0
    - offset:      -0.14
    - center: 0.0281426325  -0.14 -0.0094566045 
    - vertices: p676(v107) p798(v59) p435(v29)
    - neighboring facets: f344 f594 f591
- f590
    - flags: top simplicial tricoplanar
    - owner of normal & centrum is facet f588
    - normal:        -0       -1        0
    - offset:      -0.14
    - center: 0.0281426325  -0.14 -0.0094566045 
    - vertices: p676(v107) p502(v88) p291(v69)
    - neighboring facets: f422 f593 f502
- f591
    - flags: top simplicial tricoplanar
    - owner of normal & centrum is facet f588
    - normal:        -0       -1        0
    - offset:      -0.14
    - center: 0.0281426325  -0.14 -0.0094566045 
    - vertices: p676(v107) p798(v59) p236(v26)
    - neighboring facets: f269 f588 f589
- f593
    - flags: bottom simplicial tricoplanar
    - owner of normal & centrum is facet f588
    - normal:        -0       -1        0
    - offset:      -0.14
    - center: 0.0281426325  -0.14 -0.0094566045 
    - vertices: p676(v107) p407(v92) p291(v69)
    - neighboring facets: f438 f590 f594
- f594
    - flags: top simplicial tricoplanar
    - owner of normal & centrum is facet f588
    - normal:        -0       -1        0
    - offset:      -0.14
    - center: 0.0281426325  -0.14 -0.0094566045 
    - vertices: p676(v107) p407(v92) p435(v29)
    - neighboring facets: f437 f589 f593
- f596
    - flags: bottom simplicial tricoplanar keepcentrum
    - owner of normal & centrum is facet f596
    - normal:         1        0        0
    - offset:    -0.0935
    - center: 0.0935 -0.01961243333333333 -0.009597816888888888 
    - vertices: p875(v112) p865(v98) p334(v81)
    - neighboring facets: f462 f602 f597
- f597
    - flags: top simplicial tricoplanar
    - owner of normal & centrum is facet f596
    - normal:         1        0        0
    - offset:    -0.0935
    - center: 0.0935 -0.01961243333333333 -0.009597816888888888 
    - vertices: p875(v112) p865(v98) p945(v68)
    - neighboring facets: f464 f599 f596
- f598
    - flags: top simplicial tricoplanar
    - owner of normal & centrum is facet f596
    - normal:         1        0        0
    - offset:    -0.0935
    - center: 0.0935 -0.01961243333333333 -0.009597816888888888 
    - vertices: p875(v112) p86(v109) p71(v101)
    - neighboring facets: f528 f602 f601
- f599
    - flags: bottom simplicial tricoplanar
    - owner of normal & centrum is facet f596
    - normal:         1        0        0
    - offset:    -0.0935
    - center: 0.0935 -0.01961243333333333 -0.009597816888888888 
    - vertices: p875(v112) p537(v87) p945(v68)
    - neighboring facets: f420 f597 f532
- f600
    - flags: bottom simplicial tricoplanar
    - owner of normal & centrum is facet f596
    - normal:         1        0        0
    - offset:    -0.0935
    - center: 0.0935 -0.01961243333333333 -0.009597816888888888 
    - vertices: p875(v112) p834(v82) p208(v21)
    - neighboring facets: f385 f531 f601
- f601
    - flags: bottom simplicial tricoplanar
    - owner of normal & centrum is facet f596
    - normal:         1        0        0
    - offset:    -0.0935
    - center: 0.0935 -0.01961243333333333 -0.009597816888888888 
    - vertices: p875(v112) p86(v109) p834(v82)
    - neighboring facets: f519 f600 f598
- f602
    - flags: top simplicial tricoplanar
    - owner of normal & centrum is facet f596
    - normal:         1        0        0
    - offset:    -0.0935
    - center: 0.0935 -0.01961243333333333 -0.009597816888888888 
    - vertices: p875(v112) p71(v101) p334(v81)
    - neighboring facets: f473 f596 f598
