3
1000 178 267
-0.00182937 -0.00569907 0.0101899 
 0.014 -0.00255219 0.000393137 
-0.00313517 0.00614976 3.33782e-09 
0.0447956 -0.0186919 0.0105 
-0.0226041 0.018452 0.009417490000000001 
 0.011 -0.0211403 0.00101132 
-0.000136301 -0.0270257 0.00547177 
0.0111433 0.00464986 2.3625e-08 
 0.008 -0.0145832 0.00589811 
0.00497149 0.0243172 0.00212404 
0.0299717 0.0188282 0.0105 
-0.0161207 0.0180911 0.013671 
0.0127972 -0.0182531 1.91208e-07 
0.0194625 -0.0146714 0.008500000000000001 
0.0495674 0.0135122 0.0105 
0.026777 0.0184956 0.010324 
-0.00350075 -0.00941999 0.00444048 
-0.0137072 -0.0121773 0.00808712 
0.0445167 -0.0157559 0.0102332 
-0.0126887 -0.0323211 0.00108587 
0.00593927 0.000616577 0.0130885 
0.0257957 -0.0255231 0.0104458 
0.00539593 0.0130367 0.00971312 
-0.0264191 -0.0259536 0.00137655 
 0.013 -0.00555553 0.00408702 
0.0166138 0.0073489 0.00798515 
0.008478589999999999 0.0371192 0.0160729 
-0.0264805 0.0245288 0.00608228 
-0.0153546 0.0233772 0.0166596 
-0.007938219999999999 0.0234859 0.00094644 
 0.011 0.0272177 0.00331533 
-0.0100906 0.0077524 0.0144656 
 0.014 0.0382572 0.00414485 
-0.00740182 0.0202088  0.015 
0.00461483 0.011734 0.0100159 
-0.00522365 -0.0299593  0.017 
-0.0160537 0.0219927 3.33782e-09 
 0.014 0.0231175 0.00261206 
4.23252e-05 -0.0095067 0.011078 
0.0320762 0.0282178 0.010323 
-0.00534196 0.00272847 0.00549422 
0.0192065 0.0264962 0.0105 
0.0176622 -0.0387237 0.008500000000000001 
 0.014 -0.0329718 0.0132749 
-0.0249506 -0.0204424 0.00595613 
-0.0273598 0.0205242 0.0100069 
 0.011 -0.00153618 0.0165054 
-0.0174607 -0.0286824 0.00952748 
-0.0157411 -0.0227136 0.0102266 
0.00397147 0.0325096  0.017 
 0.014 -0.0158868 0.00172681 
0.00823962 0.0261919 0.0035 
0.0538368 0.0135734 0.008500000000000001 
0.00275622 -0.0264224 0.0064793 
0.0121412 -0.0398085 0.00457405 
0.0351167 -0.0387417 0.010107 
-0.0222632 -0.0182822 0.00384382 
-0.0153938 -0.0233432 0.012304 
0.00891749 0.0117877 3.33782e-09 
-0.00322366 -0.00505423 0.00321371 
0.0057324 0.0340368 0.0169991 
-0.00124586 0.027339  0.017 
0.0445928 0.0259675 0.0105 
-0.0148941 -0.0145055 3.33782e-09 
-0.0138189 0.0122874 0.00626728 
0.0257472 -0.0190843 0.008500000000000001 
0.0414558 -0.009693240000000001 0.0105 
0.00469898 -0.0236745  0.017 
-0.0166581 0.0321248 0.0025076 
-0.0167287 -0.0282799 0.00433379 
-0.00186265 0.00423416 0.00496061 
-0.0157244 0.0316566 0.008154979999999999 
0.00251634 0.0117908  0.017 
0.0226892 0.00302451 0.008500000000000001 
0.0320211 0.0283091 0.00807424 
0.000619544 0.00394701 0.00732855 
0.00981284 0.0349337 0.00503394 
0.0241314 -0.0367875 0.008500000000000001 
0.0171729 -0.0153873 0.008500000000000001 
0.0210999 0.0112248   0.01 
0.0431779 0.00663376 0.008471609999999999 
0.0074583 -0.0364632 0.0130149 
-0.0196998 0.0210825 1.12772e-07 
0.00364477 0.00472155 0.0147393 
-0.0022243 0.0121372  0.017 
-0.026468 -0.0255128 0.00122959 
-0.0226306 0.0184424 0.00173089 
-0.012346 -0.0321366 0.00383751 
0.00427135 -0.00415979 0.00676704 
0.0137391 0.0336202 0.00286474 
0.0117182 0.0364545 0.008538469999999999 
-0.017666 0.0176236 0.009850309999999999 
-0.0168148 0.0168295 3.33782e-09 
-0.0183677 0.0191938  0.017 
-0.0231765 -0.0221427 3.33782e-09 
 0.011 -0.0208582 0.00305283 
0.0529091 0.00369411   0.01 
 0.014 0.0149137 0.00587427 
0.0417008 -0.0337715 0.008500000000000001 
0.034446 -0.0154084   0.01 
0.0357688 0.000422447 0.0105 
-0.00339801 -0.00223158 0.00655238 
-0.0110491 0.0314386 0.0084534 
 0.011 0.03655 0.00766511 
-0.00365667 0.0296698  0.017 
-0.0164268 -0.0320323 0.00595498 
 0.014 0.009907900000000001 0.0157725 
0.0195341 -0.00681197 0.0105 
0.0241919 0.0319105 0.0105 
 0.008 0.00172487 0.0130118 
0.0230459 -0.031 0.00623178 
0.00369612 0.0257277 0.014572 
0.0311231 0.0284654 0.00773741 
0.0442653 -0.0235865 0.0105 
-0.0243797 0.0267036 3.33782e-09 
-0.0230097 -0.0186698 0.0093344 
0.0054529 0.00242577 0.00588162 
-0.00180703 0.00569164 0.0169451 
0.011803 -0.0295124 0.0132917 
 0.011 0.0367625 0.00749838 
 0.013 0.0326627 0.008334599999999999 
0.0226632 0.0383736   0.01 
0.0100872 0.012058 3.33782e-09 
-0.0116408 0.0238078 0.0158462 
0.013088 0.0178577  0.017 
-0.00854706 -0.0216593 0.009564599999999999 
 0.014 -0.0387834 0.0118863 
0.00803299 0.0270888  0.017 
0.0500483 -0.0164018 0.0105 
0.0247085 4.05517e-05   0.01 
0.0283743 0.0139583   0.01 
-0.00918717 0.0191544 0.00520305 
0.0243578 -0.0369607 0.008500000000000001 
0.009697509999999999 0.0299559 3.33782e-09 
-0.0091269 -0.0127288  0.017 
-0.00364646 0.00292323 0.0142032 
 0.011 -0.00847328 0.0011085 
-0.00285035 0.0303423 0.0113315 
0.0178876 -0.022385 0.0103558 
0.000134854 0.0310764 0.00560392 
 0.008 0.0288931 0.00352585 
0.00560221 0.00210182 0.00563515 
0.0263296 -0.0181461   0.01 
0.0101327 -0.00606084  0.017 
0.00764444 -0.00954634 0.0138596 
-0.0156721 0.0183003 0.00552743 
 0.011 -0.0391182 0.0108981 
-0.0119386 -0.022533 0.00141118 
0.0422852 -0.0362004 0.008500000000000001 
0.0330217 -0.0316117   0.01 
0.029395 -0.0291224 0.0103989 
0.0211202 -0.0328246 0.008500000000000001 
0.0223464 0.0394053 0.008500000000000001 
-0.0104584 0.008331430000000001 0.0123435 
-0.0264181 -0.0243428 0.00837838 
0.012609 -0.0273433 3.33782e-09 
0.0449799 0.0212084 0.008500000000000001 
0.0293227 -0.00659682 0.0105 
-0.0223955 0.0183293 0.0121408 
-0.0182055 -0.0179112 3.33782e-09 
0.0210556 0.00291528 0.008500000000000001 
-0.0148068 0.0130088 0.00302953 
0.0136362 -0.00856231 2.15053e-07 
0.0340472 0.016762 0.008500000000000001 
 0.013 0.0126594 0.00394778 
0.000723056 -0.0313406 0.0154442 
0.0126737 -0.0324215 0.00581446 
0.00709043 -0.0280103  0.017 
-0.00536889 0.00972543 0.00511753 
 0.011 0.0369997 0.0118749 
0.0494244 0.00389169 0.0105 
 0.014 0.0148633 0.0167897 
-0.0221598 0.0317692 0.00490058 
-0.0263212 0.0264776 0.0113664 
 0.014 -0.00387894 0.00249565 
0.0427862 -0.0210117 0.008500000000000001 
0.036747 0.0325563 0.008500000000000001 
-0.0127545 0.0291503 0.00829883 
-0.0271164 -0.0201469 0.0106363 
 0.011 0.028234 0.000566377 
 0.008 0.00545427 0.009475559999999999 
0.0459147 -0.0128285 0.008500000000000001 
-0.0124642 0.0260278 3.33782e-09 
0.00316427 0.00317855 0.00496537 
-0.0151757 -0.0260721 0.000257645 
0.0135918 0.036543 0.00352607 
 0.008 0.0314241 0.00466091 
0.0220814 0.0309998 0.0105 
 0.013 -0.00669241 0.00962349 
0.0365653 -0.0187073 0.0104328 
0.0236659 0.00321705 0.0105 
0.0515175 -0.00124494 0.010354 
 0.008 -0.0325088 0.00959231 
-0.00129699 0.009432660000000001 0.00202228 
-0.0223601 0.0228884 0.0104908 
0.0282436 -0.0343853 0.0101509 
 0.008 -0.0137046 0.008826280000000001 
 0.011 -0.0241359 0.000145579 
0.0337406 0.00809646 0.00725362 
-0.0249992 0.0185658 3.33782e-09 
0.0322158  -0.04 0.0102618 
0.0493709 0.0275874 0.0105 
0.00330969 0.0326613 0.0150016 
-0.00344733 -0.0302255 0.00517286 
-0.0243986 0.0173111 0.0141131 
-0.0115135 -0.0253256 0.00674433 
0.0209558 -0.0156832 0.0102019 
 0.006 -0.0201648 0.014048 
-0.0201124 0.0175922 0.00162144 
-0.0219211 0.0340024 0.00129663 
0.0287105 0.00726576 0.00812335 
 0.011 -0.0179105 0.00225292 
-0.0128827 0.0293363 0.0145524 
0.0382589 0.0217519   0.01 
0.015855 0.0224753 0.008500000000000001 
-0.0104424 -0.008428959999999999 0.00437697 
0.00159154 0.005757 0.0142138 
-0.000240731 0.00948615 0.00706251 
0.00592899 -0.0215172 0.00581337 
0.0217699 0.0285 0.00591767 
 0.014 -0.0252838 0.013269 
0.0399679 -0.0314666 0.00832373 
-0.0222916 -0.0183517 0.00555053 
0.00915725 -0.015127 0.0129565 
0.0135358 0.008345109999999999  0.017 
-0.005901 0.00106569 0.00761363 
0.00358426 0.00227929 0.0074103 
0.0327522 -0.008461949999999999   0.01 
 0.011 0.0186386 0.0164921 
 0.013 -0.0168838 0.00407532 
-0.0152245 0.0237777 0.0137664 
0.0401072 0.00375117 0.010156 
0.0122918 0.028135 0.00350133 
0.0481756 -0.0182446 0.008500000000000001 
-0.009899929999999999 0.0205363 3.33782e-09 
0.0387713 -0.00544991 0.008500000000000001 
0.00793834 -0.0124916 0.0137179 
 0.013 0.0186302 0.00561835 
0.0356057 0.009784879999999999 0.0105 
0.0307911 0.00560841   0.01 
0.00107626 0.00511482 3.33782e-09 
-0.00887253 0.0204313 0.00648253 
0.0227746 0.00250202 0.0104971 
 0.011 -0.0368524 0.00499255 
0.0301834 0.00867501 0.0104288 
0.0389535 -0.0313191 0.0102387 
0.0413029 -0.0205964 0.0105 
-0.00822227 -0.0227565 0.00469844 
-0.00788195 -0.0250783 3.33782e-09 
0.0205082 -0.0215785 0.008500000000000001 
-0.00215547 -0.0304782 0.00551388 
0.00464559 0.00536952 3.33782e-09 
-0.026374 0.0238815 0.0101877 
-0.0184413 0.0175463 0.00259721 
0.051048 -0.0217846 0.008500000000000001 
-0.00294424 0.0027652 0.0167174 
0.0150579 0.0169866 0.0105 
 0.008 0.00268923 0.00986244 
0.036635 0.0386376 0.0103998 
0.00582634 -0.0144036 0.00891746 
 0.011 -0.0115812 1.28109e-05 
0.00333127 0.0260243 0.00486812 
0.0016922 -0.00572647 0.00213674 
-0.0121696 -0.0106609 0.0108421 
0.0412541 -0.0381937 0.00969237 
-0.0231463 0.0312039 0.00682994 
-0.026468 0.0250407 0.00283823 
 0.011 0.0317727 0.00421948 
-0.00328983 0.00493137 0.0144683 
-0.0190302 0.0175025 0.0102917 
-0.0120379 -0.0277664 0.00694961 
0.00293092 -0.0323973 0.00584193 
-0.0131251 -0.0116033 0.000560381 
0.0324732 0.0238855 0.008500000000000001 
0.041196 -0.009076570000000001 0.0104163 
0.0297309 -0.00270197 0.0105 
-0.023489 0.0190318 0.000824498 
0.00475212 -0.0337839 0.00132717 
0.0126436 0.0341741 0.0047914 
0.00988732  -0.04 0.0082147 
 0.013 -0.0190372 0.00895339 
-0.0113533 0.0316023 0.00480086 
-0.0263894 0.0285478 3.33782e-09 
0.0123402 -0.0247187 1.5834e-08 
-0.0234634 -0.0284951 3.33782e-09 
0.0346708 0.0360787 0.0105 
0.00185209 -0.0265645  0.017 
 0.014 0.00271783 0.00289132 
0.0276483 -0.0328986   0.01 
0.0062 0.009897889999999999 0.0133444 
0.0483736 -0.0186792 0.008500000000000001 
0.0108467 -0.0236136 0.0135 
0.00278914 -0.00528056 0.00422778 
-0.0201994 0.0323889 0.0113293 
0.0404703 0.0331152 0.008500000000000001 
-0.0284518 -0.0257308 0.007924870000000001 
 0.011 -0.0214251 0.0165702 
0.0364233 0.0217985   0.01 
-0.0107856 -0.00893681 0.00397039 
0.0197801 -0.0340202 0.008500000000000001 
-0.009218779999999999 -0.0149484 0.000547432 
0.038137 0.0207214 0.0101329 
 0.011 -0.0209834 0.00121412 
-0.00822779 -0.00639062 3.33782e-09 
-0.00447392 0.0246917  0.015 
0.0265946 0.0360227 0.0105 
 0.011 0.0106789 0.0104764 
-0.0268037 -0.022647  0.017 
0.00779322 -0.0222386 3.33782e-09 
 0.014 -0.0148894 0.00325862 
0.0014777 -0.00579154 0.00549859 
8.907570000000001e-05 -0.027032 0.00658692 
0.00422933 -0.0252942 0.0113606 
0.0537999 0.0185939 0.008500000000000001 
-0.0114562 -0.009913140000000001 0.0157028 
0.0321946 -0.0284749 0.00763428 
-0.009672409999999999 0.00745671  0.017 
0.000968309 0.00430686 0.0111426 
-0.0134925 -0.0199563 0.00348107 
-0.0146593 0.0311028 0.00627585 
0.0332375 -0.0292322 0.00718754 
-0.0188377 0.017515 0.0107775 
0.0514276 0.0120701   0.01 
0.0246826 0.0233551 0.008500000000000001 
-0.0216175 0.0320197 0.0160929 
-0.0126307 0.0211175 0.00264913 
-0.0268344 -0.0197786 0.0157172 
-0.0196542 -0.0176036 0.00344506 
 0.008 -0.0222308 0.0102227 
-0.0160283 -0.0285069  0.017 
0.0334077 -0.0323191 0.0105 
0.0453926 0.0150703 0.0105 
0.00835997 0.0080517 0.0116979 
-0.0277704 -0.021631 0.0110253 
0.00507976 0.00314463 0.0151435 
-0.008917700000000001 -0.0287974 3.33782e-09 
0.0491973 0.0218753 0.008500000000000001 
-0.0263777 0.0272563 0.000281707 
0.027346 0.0184876 0.0104562 
-0.00588183 0.0098878 0.00650753 
-0.0116677 0.0235823 0.0164098 
 0.013 0.0104631 0.008851319999999999 
0.0411782 0.00640958   0.01 
0.0371289 0.039011 0.008500000000000001 
 0.011 -0.0205979 0.00180336 
-0.0213519 0.0178818 0.00574186 
0.0276778 0.0186551 0.008500000000000001 
0.0120244 0.0238299 1.4836e-07 
0.0285435 -0.0375657 0.0105 
0.0421178 -0.00155175 0.008500000000000001 
0.0306255 -0.0321107 0.0105 
0.0529583 0.0117473 0.008500000000000001 
 0.013 0.0284086 0.00536299 
 0.011 0.0301021 0.0168847 
0.00332853 -0.0260266 0.0126409 
 0.011 0.0187274 0.00103636 
-0.00136834 -0.0269754 0.00529244 
-0.0144086 -0.0309047 0.015628 
0.0175286 -0.00625614 0.008500000000000001 
0.0117709 -0.0393209 0.0135744 
0.0423682 0.0114902 0.0102935 
0.0238783  0.031 0.00709141 
0.0258684 0.0246693 0.0105 
0.0225774  0.031 0.00706342 
0.0394842 0.0315961 0.0105 
0.00430435 0.0333598 0.0118557 
0.00269737 0.0322345 0.00937377 
0.0120426 0.0121217 1.21852e-07 
0.00861314 -0.0209469 3.33782e-09 
0.0464361 0.0304478 0.00830621 
-0.0146928 0.0311055 0.0115584 
0.0363596 -0.0135326   0.01 
0.00384195 -0.0289117 3.33782e-09 
-0.0166719 0.0217512 0.00409346 
0.0243689 -0.0260099 0.008500000000000001 
-0.024182 0.0195993 0.016725 
-0.0248476 -0.0287592  0.017 
0.00245641 0.00343643 0.0104808 
-0.00280064 0.00522054 0.002932 
0.0336806 -0.00248921 0.0105 
-0.0149375 -0.0312855 0.00826988 
-0.0136611 -0.0198384 0.0102826 
-0.0276629 -0.0213413 0.007972450000000001 
0.0490935 -0.0188209 0.0101521 
-0.0104953 -0.008446270000000001 0.0111527 
0.0153901 0.0121183 0.008500000000000001 
0.00811895 -0.0342221 0.0148395 
0.0009937780000000001 -0.0044736 3.33782e-09 
0.037858 0.0316843 0.008439260000000001 
0.0198407 -0.000321218   0.01 
-0.018403 0.0175495 0.00355573 
-0.0143449 0.0308684 0.0158057 
-0.0136965 -0.012372  0.017 
 0.013 -0.0154047 0.0062815 
0.0491846 -0.0247465 0.008500000000000001 
-0.00680218 0.0252327 0.013012 
-0.0151431 0.0240281 0.0128738 
-0.0194943 0.0210315 0.0132176 
-0.0234606 0.0310283 0.0072422 
0.00463151 -0.0248936 0.0038441 
 0.011 0.0213129 0.002409 
0.00529224 0.0341949 0.00523624 
0.0344799 0.0174725 0.008500000000000001 
0.0396328 0.0355054   0.01 
-0.026468 0.0253415 0.0122874 
0.0168233 0.0256683 0.008500000000000001 
-0.0220056 -0.031846 0.00164359 
0.0109433 -0.00708494 0.0128279 
0.052445 0.0235866 0.0103462 
0.00561337 0.0134634 0.00848403 
-0.0194768 -0.0324558 0.00550772 
-0.00504067 0.0129868  0.015 
0.00298023 0.0238127  0.017 
0.029811 -0.0266812 0.0105 
0.0487375 0.0252896   0.01 
0.0284803 0.00462194 0.0102912 
-0.0151587 0.0260418 0.00899104 
0.0300127  0.031 0.00746785 
-0.0122795 -0.0182726  0.017 
0.0396877 0.0074314 0.0105 
-0.00675617 0.0102037 0.00317348 
0.0184342 0.00734939 0.00798401 
-0.0204049 -0.0338169 3.33782e-09 
0.00521435 0.00130244  0.017 
0.0421554 -0.0102263 0.0105 
0.00670177 -0.035723 0.0105715 
0.0316817 -0.0279254   0.01 
0.00496728 0.0121954 0.0013466 
0.0434491 0.0103273 0.008232369999999999 
 0.011 0.014088 0.0136373 
-0.0202787 0.0176185 0.0151381 
-0.0189634 0.0324942 0.00696094 
-0.00175211 0.009422379999999999 0.00957614 
-0.00700616 0.0122164  0.017 
0.001241 0.00379911 0.00117346 
0.009252939999999999   0.04 0.00691251 
0.00807211 0.0365158 0.0137554 
0.0181365 0.0189097 0.008500000000000001 
0.0460846 0.0201736 0.008500000000000001 
0.00278457 -0.0322953 0.0118152 
0.0176204 0.0345541 0.008500000000000001 
-0.0153114 0.0314419 0.00506909 
-0.00546521 -0.00244215 0.008225649999999999 
-0.00731484 0.00594365  0.017 
0.0433401 -0.0231092   0.01 
-0.00587542 -0.030226 0.0128511 
0.0198639 -0.0075 0.0050285 
0.0228277 -0.0274454 0.008500000000000001 
0.018137 -0.0180847   0.01 
-0.0166138 -0.0341302 0.00566598 
-0.00817088 -0.00150318 0.0017948 
-0.021296 0.0321363 0.0148643 
0.0304257 -0.0374634 0.0105 
-0.0156238 0.013512 0.0121085 
0.0311319 0.0364617 0.008500000000000001 
-0.0141924 0.0307277 0.00861755 
 0.011 -0.00358139 0.000432 
 0.011 -0.017974 0.0146412 
0.0378482 0.0213009   0.01 
0.0410547 -0.0360309 0.008500000000000001 
0.0121119 -0.0344601 0.00490533 
-0.0132872 0.0201583 0.0135079 
0.0534519 -0.00530442 0.0105 
0.0262559 -0.0318567   0.01 
-0.010121 0.0310225 0.0131654 
-0.00965185 0.00707418 0.00483292 
0.0493497 0.0315408 0.008612170000000001 
0.008678699999999999 -0.025701 3.33782e-09 
-0.00443203 -0.0301742 0.00643808 
0.00451988 0.0116391 0.0134897 
0.0189882 -0.007826400000000001 0.00401024 
 0.013 -0.0204289 0.00424535 
-0.0176485 0.0342982 0.00330159 
-0.0172119 -0.0342273 0.0107645 
0.03872 0.0159379 0.008500000000000001 
 0.014 0.0268063 0.00500924 
-0.0225348 0.0315825 0.0153263 
0.00125124 -0.009698180000000001 0.00178153 
0.0315564 0.0296791 0.00697205 
-0.0180249 -0.0175904 0.00381507 
-0.0116701 -0.0263382 0.00443714 
0.0334076 0.0193709   0.01 
0.0240801 -0.0231991 0.008500000000000001 
 0.008 -0.00104414 0.0103015 
0.00840016 0.0363006 0.00775581 
 0.011 0.0307119 0.000502976 
0.0548212 0.017288 0.0103058 
0.025152 -0.00115596   0.01 
0.0412379 -0.0195817 0.008500000000000001 
0.0234158 -0.011135 0.008500000000000001 
0.0158915 -0.0317441 0.00845455 
-0.0205372 -0.0156103 0.0146415 
 0.013 0.0256879 0.00552229 
0.00454837 0.0335379 0.008758419999999999 
-0.0264956 -0.0251062 0.00904664 
0.033406 0.0117143   0.01 
-0.00899197 -0.00530313 0.00328938 
0.0185634 -0.0312579 0.00815342 
-0.0150549 0.0186218 0.00554798 
-0.00481666 0.0225737 0.015935 
0.0380419 0.0296131 0.00773109 
-0.013274 -0.0201123 0.0165886 
0.00890697 0.0351848 0.0119747 
0.0313403 0.00316906   0.01 
0.0126677 0.0111065 0.0119785 
0.0424893 -0.0290273 0.0105 
-0.011532 -0.0253887 0.00593851 
-0.025884 -0.0279715 0.009677409999999999 
0.0485695 0.00188411 0.0105 
0.0128114 0.00888533 0.0107306 
0.00292484 -0.0263548 0.00181481 
-0.0173138 -0.0303944  0.017 
0.0396128 -0.0184136 0.008500000000000001 
-0.00693233 0.0250763 0.00219323 
0.00857309 0.0387596 0.00718566 
0.00687362 -0.0106331 0.0120483 
-0.0150375 0.0247808 0.0152424 
0.0388107 0.0129182 0.008500000000000001 
0.0184278 0.0150389 0.0105 
0.0540684 -0.00728542 0.008486250000000001 
 0.013 -0.000205884 0.0114408 
0.008862750000000001 -0.0359475 0.0122904 
 0.011 0.0150285 8.16385e-05 
0.00495639 -0.0176408 0.0150825 
0.01605 0.00687441 0.008419360000000001 
-0.00366877 -0.0015935 0.00596787 
-0.011897 0.0317944 3.33782e-09 
0.0399597 -0.00389872 0.0102982 
0.0035848 0.00176034 0.00988402 
0.0317138 0.0198296 0.008500000000000001 
-0.00514266 -0.00308072 0.00785898 
 0.011 0.009769079999999999 0.0121586 
 0.011 0.00147382 0.00617722 
-0.026205 -0.0229322 0.011261 
0.0229676 -0.0274393 0.0105 
0.008604870000000001 -0.0232524  0.017 
0.0441882 0.0105778   0.01 
-0.00234186 0.00549174 0.0151696 
0.0182892 -0.014485 0.008500000000000001 
-0.0214339 -0.0281584 0.0156639 
-0.0121464 -0.0280383 0.00193448 
-0.0130311 -0.0325053 0.00358156 
0.0513348 0.028355 0.00999278 
0.0252123 0.0188447 0.008500000000000001 
-0.0146844 0.0188739 0.0123098 
-0.0253099 0.029037 0.0124789 
0.0350642 -0.0214652 0.0105 
-0.0262462 -0.0231216 0.0121525 
-0.0245736 -0.0174358 0.0114793 
0.0326637 0.00104305 0.0105 
0.0473216 -0.032149   0.01 
-0.000445967 0.0308156 0.0168543 
-0.0246452 0.0298451 0.0153067 
0.00507963 0.0124159 0.00148928 
0.0397306 -0.0291278 0.0101455 
-0.025284 0.0209689 0.00347645 
0.0263459 -0.00751247 0.0101904 
 0.013 -0.00165677 0.0074521 
-0.0150389 0.0186331 0.0150679 
 0.011 -0.00621838 0.0158799 
0.0378543 -0.0273142   0.01 
0.00741705 0.0264371 3.33782e-09 
-0.0133774 -0.0125231  0.017 
-0.0138026 0.0196162 0.0140866 
0.0136613 -0.0143775  0.017 
-0.0204167 -0.0342882 0.0146333 
0.00997865   0.04 0.00601759 
0.0450484 -0.0260621   0.01 
 0.008 -0.00202903 0.009462450000000001 
-0.0255786 -0.0285177 0.0134969 
0.0239505 -0.0205154 0.008500000000000001 
0.00316662 -0.0289705  0.017 
-0.00981014 -0.00737165 0.0104633 
-0.0232084 0.0287961 3.33782e-09 
0.00595859 0.0045523  0.017 
0.0337229 0.00605479   0.01 
-0.00449643 -0.00392285 0.00540092 
-0.0253348 0.0289551 0.00177899 
-0.0247471 -0.0324674 0.00551956 
0.0473711 0.0118334 0.008500000000000001 
-0.015326 -0.0265347 0.0133999 
0.0479127 0.00358195   0.01 
 0.013 0.00221802 0.009266089999999999 
-0.0279503 -0.0279453 0.0165822 
-0.0164745 0.0320459 0.00710028 
0.0531532 -0.0171194 0.0103074 
0.051833 0.00843958 0.0104537 
0.0135257 -0.0338552  0.017 
-0.0163526 0.013961 0.00901939 
-0.005776 0.00144511 0.00812007 
0.00132434 -0.00583717 0.00916789 
-0.005825 0.00129638 0.0148529 
0.0356104 -0.0232479 0.0101177 
 0.014 0.00251954 0.00541202 
0.00467592 -0.008932219999999999 3.33782e-09 
0.0230918 0.0176085 0.0105 
-0.0199018 -0.0211139 0.0124709 
-0.0243265 -0.0198256 0.0120519 
-0.0234435 0.0310026 0.00779057 
-0.00705632 0.0249273 0.0104613 
0.00319659 0.00498649 0.008262419999999999 
-0.00293041 -0.00580962 3.33782e-09 
0.0147781 0.0349641 0.008500000000000001 
0.00576166 -0.0139952 0.005845 
0.044275 0.0344584   0.01 
0.00392812 -0.0255391 0.0111026 
-0.000591041 -0.00566787 3.33782e-09 
0.0406131 -0.0278881 0.0105 
-0.0245527 -0.0319675 3.33782e-09 
0.0315445 0.0138412 0.008500000000000001 
-0.00130396 -0.00693603 3.33782e-09 
0.0118546 -0.0143419 0.0035 
-0.0192975 0.0175276 0.00236037 
 0.011 0.00257781 0.016186 
-0.0188987 -0.0289963 3.33782e-09 
0.0147913 -0.00152888 0.0105 
0.0125682 -0.0125066 0.013662 
0.0497387 -0.01594 0.008500000000000001 
-0.0160967 0.0322248 0.000149296 
0.00659176 0.0273707 3.33782e-09 
0.0245425 0.00398367 0.008500000000000001 
-0.0237705 -0.0192508 0.0010057 
0.00593134 -0.000494361 0.00664569 
0.0402863 0.00921012 0.007931809999999999 
-0.026229 -0.0230296 0.00359949 
0.00627439 -0.0352155 0.00693437 
-0.0256959 0.0316124 0.00602405 
-0.0121004 0.0241765  0.017 
0.00229078 -0.00338248 0.00477494 
0.0178531 -0.0319631   0.01 
0.0112654 -0.0237269 0.0035 
0.0173261 0.000654856 0.0105 
 0.014 -0.0265072 0.000148406 
0.009068410000000001 -0.0130164  0.017 
 0.014 -0.0113131 0.00708644 
 0.011 -0.0385435 0.00269724 
-0.0166257 0.0217857 0.00523198 
0.00575081 -0.00168956 0.0122267 
0.0348679 0.0227267 0.0105 
0.00049354 0.0104274  0.017 
0.00501641 -0.024241 0.00400702 
0.00971936 0.027827 0.0135 
0.009569370000000001 0.0367716 0.0162388 
0.00737669 0.011472  0.017 
0.0143802 0.0391076 0.010493 
0.0393603 -0.0333044 0.008500000000000001 
-0.008287579999999999 -0.0225493 0.011567 
-0.0283559 -0.0240537 0.009944969999999999 
0.0427854 0.0313492 0.008251949999999999 
-0.0115772 0.0100766 0.00392574 
0.00595927 0.000185244 0.00460381 
0.00538457 -0.0222912  0.017 
 0.006 -0.0178136 0.0118151 
0.021273 0.0175854 0.0102242 
-0.00298172 -0.00265964 0.00466263 
-0.000226001 -0.00597774 0.000603831 
-0.027646 -0.028847 0.00429708 
0.0100217 0.0339083 0.0024744 
0.0417496 0.009623140000000001 0.008030519999999999 
0.0103353 -0.0351823 0.00199091 
 0.011 -0.00667555 0.0156704 
0.0287847   0.04 0.00901048 
0.0279065 -0.0323094   0.01 
-0.0182833 0.0323865 0.0145374 
0.0147337 -0.031 0.00523628 
0.0321702 0.0113388 0.008500000000000001 
0.0448351 -0.00635783 0.0105 
-0.015868 -0.027471 0.00189809 
-0.00950168 -0.00673447 0.0113598 
0.0341391 -0.0399271 0.009033050000000001 
-0.00777108 0.00409378  0.017 
0.0366681 -0.00307373 0.008500000000000001 
0.0123406 0.00549776  0.017 
0.0123254 0.0135471  0.017 
-0.00380785 -0.0266267 0.00238794 
-0.02611 -0.0188326 0.0132485 
-0.0215345 0.032042 0.0157977 
 0.013 -0.0226385 0.00383279 
 0.014 0.0152323 0.01694 
-0.0110643 -0.0314468 0.0134981 
0.00224369 0.025649  0.015 
0.008929329999999999 0.0298827  0.017 
-0.0165466 -0.0140804 0.00423746 
0.040697 0.00381836 0.008500000000000001 
0.0132107 0.0266468 3.16287e-07 
-0.00718327 0.0247747 0.0114739 
-0.0184061 -0.0324508 0.00678955 
0.0495913 0.00366681 0.008500000000000001 
-0.00594429 -0.000179306 0.015348 
-0.00631577 0.0256332 0.0103762 
-0.0133632 0.025352 3.33782e-09 
-0.0243002 -0.0268562  0.017 
0.04357 -0.00445918 0.008500000000000001 
-0.017539 -0.0287221 0.0100569 
0.0246125 -0.0126361 0.008500000000000001 
-0.00117535 0.00470384 3.33782e-09 
-0.0179674 0.0175856 0.00360162 
-0.000606843 0.030781 0.00733755 
0.051377 0.0277793 0.00846328 
-2.27561e-05 0.0270289 0.0118847 
0.00396101 0.00168778 0.016402 
0.000884707 0.0314132 0.00559881 
 0.013 0.0208983 0.00622024 
0.00480846 0.0334751 0.00368248 
0.047295 -0.0265634 0.0101275 
0.042572 -0.0241347 0.0105 
0.0301926 0.0123849 0.0105 
-0.0261136 0.027358 0.00193087 
-0.0144164 0.0308968 0.00872001 
 0.008 -0.0212093 0.00720075 
0.008170759999999999 0.0105763 0.0035 
0.0272208 -0.0305898 0.0105 
 0.011 -0.0380288 0.00473923 
 0.014 0.0218786 0.007902319999999999 
-0.00276295 -0.0256965  0.015 
0.0119102 -0.0186009 0.0135 
0.0460504 -0.0241436 0.008500000000000001 
-0.0249614 -0.0295458 0.0136759 
0.0107107 -0.0384028 0.00202194 
 0.008 -0.00407843 0.00574188 
-0.0173911 -0.0323062 0.0142881 
0.0301716 -0.000743749 0.008500000000000001 
-0.00679435 -0.0193895 0.0160924 
0.00562775 -0.0231951 0.00701673 
-0.0262364 -0.0230689 0.0159942 
0.0419976 -0.00329548 0.008500000000000001 
0.0219077  0.031 0.00508227 
-0.0252297 0.0208752 0.0104253 
0.0336906 -0.000429633 0.008500000000000001 
0.0279646 -0.0258938 0.0102365 
0.0104764 0.009727990000000001 0.0143453 
-0.0150112 -0.0153599  0.017 
0.00450402 0.00112112 0.010749 
-0.0270916 0.0297737 0.0103651 
-0.0227225 -0.018511 0.009494910000000001 
 0.011 -0.0338707 0.00606402 
-0.0187035 -0.0210375 0.0133202 
0.0234888 0.0348248 0.0105 
0.011712 -0.0315995 3.33782e-09 
-0.00508954 -0.009824879999999999  0.015 
0.0357198 0.0368614 0.0102599 
-0.0258466 0.0184885 0.0114018 
0.045274 -0.0199986 0.0103781 
0.0165854 -0.0112997 0.008500000000000001 
-0.0116695 0.0236652 0.00417974 
0.0125185 0.0335204 0.00376278 
-0.0230227 0.0186894 0.00525725 
0.00078915 0.009954670000000001  0.017 
-0.026294 0.0266525 0.009476969999999999 
0.00346364 0.00488195 0.0149671 
-0.00853372 -0.00402431 0.0123445 
-0.0228866 -0.0335534 0.0134027 
-0.00931192 0.00616073 0.000627438 
0.015648 -0.0303144 0.00232235 
-0.00695368 -0.0250506 0.00614026 
-0.00440532 0.009567880000000001 0.0007978319999999999 
0.0223771 0.0311176 0.00794011 
 0.011 0.0316993 0.0168117 
0.0315775 -0.0228648 0.008500000000000001 
-0.000352228 0.00947974 0.00692962 
-0.0128932 -0.0206485 0.00496684 
0.00168692 0.00362832 0.00440198 
-0.0262893 0.0234603 0.010719 
-0.0263445 -0.0262654 0.00629383 
-0.00399705 8.19697e-05 0.00759207 
-0.0075098 -0.00255204 3.33782e-09 
 0.011 0.0247004 0.00289757 
-0.00650076 0.0202183 0.0163578 
0.0527602 -0.00416075 0.008500000000000001 
-0.0228369 -0.0239354 0.00100577 
0.0249594 0.00015015 0.008500000000000001 
-0.0206265 0.0213656 0.0161158 
0.0391571 -0.00611549 0.0100244 
-0.00176641 -0.00570396 0.00263492 
-0.00725874 -0.0302778 0.00640273 
0.0545224 -0.0190594 0.008953340000000001 
0.0226355 0.0162229 0.0101137 
0.0298406 -0.0118185 0.008500000000000001 
-0.0116811 -0.0235474 0.00457092 
-0.0225047 -0.0308382 3.33782e-09 
-0.0173021 0.0177187 0.00664095 
-0.015654 0.0338258 0.00280526 
0.00259516 0.004709  0.017 
0.0247716 0.020652   0.01 
0.00863423 -0.00778332 0.0120281 
0.0196495 0.0057911 0.010156 
0.00386715 -0.0255886 0.00515852 
-0.00736392 -0.0303003 0.0153194 
0.00938816 0.0200007 0.0135 
0.0419963 0.0287505 0.008055420000000001 
0.0453963 -0.0021179 0.008500000000000001 
0.0429922 0.0172804 0.0102419 
0.0222104 0.0334051 0.0105 
-0.0260887 -0.0273752 0.013385 
-0.00574514 -0.00163065 0.00457707 
 0.011 0.0189223 0.0143479 
0.0243865 -0.0258861 0.0104657 
0.0246794 0.0124269 0.0105 
-0.0233855 0.0310796 0.00478108 
-0.0009314599999999999 0.0307175 0.007945010000000001 
-0.0162674 0.0219665  0.017 
0.00809112 -0.00947103  0.017 
-0.0210685 0.0216086 0.01051 
0.0487015 0.003521 0.008500000000000001 
 0.011 -0.0268212 0.0148223 
0.00698214 -0.0176463 3.33782e-09 
-0.00832917 -0.0028957 0.014452 
0.0123603 0.0307735 0.0126794 
0.0248862 -0.0335879 0.0105 
0.0382157 -0.0207705   0.01 
0.0549809 0.010235 0.008499720000000001 
0.0450415 -0.00118315 0.0104269 
0.0448526 -0.0240058 0.0100483 
-0.0126207 0.0136043  0.017 
0.036327 -0.000997745 0.0105 
0.047551 -0.0233005 0.008500000000000001 
0.00555993 0.0344613 0.0150209 
-0.0279803 0.0278232 0.000778058 
0.000128002 -0.00459155 0.00710026 
-0.0212983 0.0217349 0.00303134 
0.00207224 -0.00402495 3.33782e-09 
-6.81358e-05 0.0104407  0.017 
0.0161233 -0.0386805   0.01 
0.0290843 0.036879 0.008500000000000001 
-0.0186862 -0.032474 0.01516 
0.00538618 0.0130176 0.0143345 
-3.8007e-05 -0.0288449  0.017 
-0.00518704 -0.013639  0.017 
0.0201911 0.0045243 0.008500000000000001 
0.0379087 0.0300801 0.0105 
 0.008 0.0122781 0.00602521 
0.00476369 -0.0235721  0.017 
0.0223167 -0.008974970000000001 0.00507251 
 0.011 -0.00149342 0.00192203 
-0.0216888 0.0180262 0.000741158 
0.0175832 0.0264051   0.01 
0.0105242 0.009312920000000001 0.0105165 
0.0271166 -0.0186232 0.008500000000000001 
0.00521173 0.0126752 0.0102271 
-0.0217152 -0.0330029  0.017 
0.0117033 0.0387177 0.00235877 
-0.0281845 0.0260576 3.33782e-09 
-0.0236316 -0.0332069 0.0101314 
-0.0197824 -0.0175725 0.0166056 
 0.013 0.0279836 0.008110279999999999 
0.00593212 0.000689159 0.00437542 
0.047799 0.0273394 0.008500000000000001 
0.00101056 0.00582181 0.0105868 
 0.011 0.020305 0.0163045 
-0.009367240000000001 0.0175271 0.000270306 
0.00746536 0.0107608 0.0120141 
-0.00654912 -0.0302501 0.0130133 
-0.0257919 0.0218541 0.009647060000000001 
-0.00625028 -0.0206876 0.0150613 
0.045833 -0.0264835   0.01 
 0.011 -0.0329396 0.0012556 
0.037336 -0.0023407 0.008500000000000001 
 0.011 0.0378733 0.0149558 
-0.0259392 -0.0313931 0.00676549 
-0.00678479 0.0209341  0.017 
-0.0216155 0.0181067 3.33782e-09 
0.0286466 -0.00884484 0.00644711 
0.00498409 -0.0148218  0.017 
0.0233667 0.0281964   0.01 
-0.00936233 -0.0180096 6.5696e-05 
-0.00330121 -0.00499813 0.0023235 
0.000301347 0.00448836 0.0066326 
0.00635332 0.0331967 3.33782e-09 
0.0261404 0.022112   0.01 
-0.0275303 0.0209839 0.012385 
0.00463996 0.00375851 0.0115272 
-0.00887784 -0.00500928 0.00490562 
-0.00937312 0.0169492 0.00509598 
0.0420945 -0.0208045 0.0105 
0.007881279999999999 -0.0369452 0.000789472 
-0.0250471 0.0205665 0.0111851 
0.00654311 0.0347751 6.47517e-05 
-0.0117621 -0.026923 0.0138583 
-0.00860704 0.0203863  0.015 
-0.0118629 -0.0221509 0.0167353 
 0.011 -0.0371479 0.0069699 
-0.0125748 -0.0211909 0.0104347 
0.0382748 0.0305122 0.00775383 
0.00170717 0.00572193 0.00547893 
0.0337412 -0.0205151   0.01 
0.0272753 0.019461 0.0105 
0.01461  -0.04 0.00976845 
0.000718205 0.00638566  0.017 
0.00766227 0.0169523  0.017 
0.0172754 0.00732694 0.00801932 
0.04283 0.0220688   0.01 
-0.0206738 0.0342527 0.00128563 
0.0178177   0.01 0.005126 
 0.013 0.00719962 0.0112924 
 0.014 0.0252566 0.00188053 
0.0200243 -0.0235998 0.008500000000000001 
0.0349214 0.00335776 0.008500000000000001 
0.0224462 -0.0311245 0.0105 
0.0321533 -0.0227051 0.008500000000000001 
0.00317393 0.0325667 0.00619982 
 0.008 -0.01649 0.00853191 
-0.00632152 0.0256296 0.008648289999999999 
-0.0134204 0.013254 3.33782e-09 
 0.011 0.0362557 0.015957 
 0.014 -0.0310183 0.016693 
0.022037 0.0075 0.00530468 
-0.0122491 0.0282472 0.0101927 
 0.011 -0.0331506 0.002231 
0.0235534 0.0170097 0.0105 
0.0140931 0.00727068 0.00444932 
 0.011 -0.0343309 0.00551123 
0.0430486 0.0161745   0.01 
-0.00197575 0.00445798 3.33782e-09 
-0.0147678 0.0311592 0.0076921 
0.00100899 0.00735642  0.017 
0.0261388 0.0241338 0.0103396 
0.0128873 0.009335629999999999 0.0104903 
0.0343056 -0.0389772 0.008500000000000001 
 0.014 0.0323547 0.0117329 
 0.011 0.023852 0.00132141 
0.009253839999999999 0.0275475 0.0035 
0.0538375 -0.0150457   0.01 
-0.00747968 0.0104651 0.00244093 
-0.0169511 -0.0215834 0.00250006 
-0.0220113 0.0318432 0.00521372 
-0.0202675 0.0323825 0.0101775 
-0.00995304 -0.0123056  0.017 
0.0282762 0.0138655   0.01 
0.00949682 -0.0011318 3.33782e-09 
-0.0161307 -0.029853 3.33782e-09 
-0.00126411 0.00380365 0.00608228 
-0.011883 -0.022698 0.0144079 
0.0369603 -0.0233123 0.0103563 
0.010488 0.0230016  0.017 
-0.0107955 0.028916  0.017 
0.0039866 -0.0331934 0.000186879 
0.0093353 -0.0380114 0.00157126 
0.0291879 -0.0249511   0.01 
-0.00349571 -0.00253253 0.0132732 
0.0036729 0.0239777  0.017 
 0.014 0.0379217 0.0124208 
0.00283308 0.0311701  0.017 
0.0306278 0.0349487 0.008500000000000001 
0.000581905 0.00594269 0.000198043 
 0.008 -0.0171265 0.00975441 
-0.00374485 -0.0046772 0.0132756 
0.0491768 -0.0114945 0.0105 
-0.0105727 -0.0139462 3.33782e-09 
0.0448701 -0.0131314 0.0105 
-0.0197544 0.0323805 0.00768209 
0.0145344 0.0392555 0.008500000000000001 
0.00405394 0.0111731 0.0126253 
0.0103689 -0.0364232 0.0129921 
 0.014 -0.0111872 0.0113325 
0.00278554 -0.00285816 0.0155113 
 0.014 0.0307487 0.0163109 
-0.0178506 0.0150056 3.33782e-09 
0.0313272 -0.00129555   0.01 
0.000413081 -0.0300305 3.33782e-09 
 0.011 -0.0258107 0.0008586689999999999 
0.0363113 0.0261876   0.01 
0.0122998 0.00998866 0.014606 
0.0128449 -0.0338804 0.00250228 
 0.014 -0.03038 0.0106084 
-0.00701992 0.027278  0.017 
-0.0118349 -0.0227939 0.007914050000000001 
 0.013 -0.008936950000000001 0.00745617 
-0.00572985 0.0143311 0.0157566 
0.0345672 -0.0394266 0.008500000000000001 
0.0249838 0.00856726 0.0057744 
-0.00344914 0.009411549999999999 0.0061387 
-0.00472618 -0.00962035 0.00668755 
 0.014 -0.021291 0.00703907 
-0.008422549999999999 0.00364062 0.00301101 
-0.0206563 -0.0213876 0.00863217 
0.0077472 0.0372295 0.00319108 
0.0249849 -0.0136961 0.0105 
-0.0117242 -0.0232796 0.0025685 
0.009029300000000001 -0.00395273 0.00414926 
0.0139239 0.0222856 2.924e-07 
 0.014 -0.0318277 0.011825 
0.00588099 -0.0145988 3.33782e-09 
-0.0158534 -0.0338023 3.33782e-09 
0.0199443 -0.0149701   0.01 
-0.0137999 -0.0196191 0.0018136 
-0.00560886 -0.0260706 0.0102027 
0.0502427 0.0277042 0.00847582 
-0.0210052 -0.0342069 0.0101782 
-0.0258762 0.022008 0.0129134 
-0.0219166 0.0160694 0.000184718 
-0.0127611 0.0291599 0.012211 
-0.02176 0.0278895 0.0134972 
0.0448765 0.0176582 0.008500000000000001 
0.0311005 0.0270938   0.01 
0.0104561 0.0151599 3.33782e-09 
0.0428135 0.0248366 0.008500000000000001 
-0.0124659 0.0214047 0.009952600000000001 
-0.0264286 0.0192487 0.00399009 
0.00300965 -0.0324522 0.00556422 
-0.000541257 -0.0270144 0.0074894 
3 519 775 810 
3 148 775 738 
3 775 486 810 
3 587 550 264 
3 550 148 264 
3 148 550 775 
3 26 324 435 
3 279 422 987 
3 422 279 54 
3 422 842 987 
3 324 209 435 
3 626 209 324 
3 26 258 642 
3 632 519 810 
3 775 632 738 
3 519 632 775 
3 718 422 54 
3 669 718 54 
3 585 550 587 
3 550 585 775 
3 60 934 324 
3 26 60 324 
3 60 26 642 
3 565 279 987 
3 359 839 587 
3 565 359 279 
3 359 565 839 
3 867 684 876 
3 733 626 324 
3 841 733 869 
3 840 891 876 
3 209 891 435 
3 979 162 810 
3 162 632 810 
3 874 148 738 
3 874 718 148 
3 718 968 148 
3 968 718 669 
3 148 968 264 
3 968 669 264 
3 757 60 642 
3 486 462 587 
3 462 585 587 
3 921 486 775 
3 585 921 775 
3 921 462 486 
3 462 921 585 
3 842 751 987 
3 751 565 987 
3 565 751 839 
3 751 583 839 
3 647 583 295 
3 583 647 869 
3 841 647 295 
3 647 841 869 
3 934 375 324 
3 279 200 54 
3 200 669 54 
3 669 200 264 
3 200 587 264 
3 200 359 587 
3 684 133 979 
3 867 133 684 
3 608 578 422 
3 422 578 842 
3 817 209 626 
3 733 817 626 
3 841 817 733 
3 656 841 295 
3 583 656 295 
3 618 891 209 
3 891 618 876 
3 891 566 435 
3 566 891 840 
3 566 661 435 
3 661 566 840 
3 857 258 26 
3 857 661 258 
3 857 26 435 
3 661 857 435 
3 343 661 840 
3 661 343 258 
3 258 604 642 
3 604 542 642 
3 343 604 258 
3 313 979 810 
3 313 684 979 
3 486 313 810 
3 982 874 738 
3 874 982 422 
3 718 936 422 
3 936 874 422 
3 874 936 718 
3 353 757 486 
3 757 353 60 
3 408 542 486 
3 757 408 486 
3 60 49 934 
3 552 583 869 
3 552 375 583 
3 733 552 869 
3 375 552 324 
3 375 307 583 
3 359 886 279 
3 886 200 279 
3 200 886 359 
3 155 162 979 
3 632 155 738 
3 162 155 632 
3 817 282 209 
3 282 817 841 
3 282 618 209 
3 841 85 608 
3 85 656 608 
3 656 85 841 
3 858 578 608 
3 656 858 608 
3 858 656 583 
3 578 858 842 
3 858 751 842 
3 751 858 583 
3 313 698 684 
3 542 698 486 
3 698 313 486 
3 678 124 486 
3 124 353 486 
3 224 124 678 
3 408 201 542 
3 201 408 757 
3 542 201 642 
3 201 757 642 
3 564 224 678 
3 564 486 587 
3 564 678 486 
3 476 733 324 
3 552 476 324 
3 476 552 733 
3 93 307 375 
3 583 376 839 
3 307 376 583 
3 133 347 979 
3 347 155 979 
3 526 867 876 
3 618 526 876 
3 282 526 618 
3 466 604 343 
3 466 343 840 
3 604 466 542 
3 466 698 542 
3 466 840 876 
3 684 466 876 
3 698 466 684 
3 681 49 60 
3 353 681 60 
3 124 681 353 
3 800 375 934 
3 800 93 375 
3 994 347 133 
3 347 994 155 
3 93 800 307 
3 839 800 587 
3 800 681 124 
3 49 800 934 
3 800 124 224 
3 564 800 224 
3 800 376 307 
3 800 564 587 
3 681 800 49 
3 376 800 839 
3 994 608 422 
3 994 841 608 
3 994 133 867 
3 994 526 282 
3 982 994 422 
3 994 982 738 
3 155 994 738 
3 994 282 841 
3 526 994 867 
Vertices and facets:
- p519(v22): 0.054 -0.0073 0.0085
  neighbors: f83 f178 f180
- p775(v12): 0.055 -0.019 0.009
  neighbors: f83 f86 f89 f97 f179 f180 f203 f294 f295
- p810(v1): 0.055  0.01 0.0085
  neighbors: f83 f89 f178 f276 f277 f369 f371
- p148(v23): 0.042 -0.036 0.0085
  neighbors: f86 f96 f97 f278 f279 f282 f284
- p738(v6): 0.012 -0.032 3.3e-09
  neighbors: f86 f179 f278 f374 f408 f498 f499
- p486(v24): 0.055 0.017  0.01
  neighbors: f89 f291 f294 f296 f371 f380 f384 f385 f431 f432 f433 f434 f445 f446
- p550(v25): 0.047 -0.032  0.01
  neighbors: f95 f96 f97 f201 f203
- p587(v9): 0.014 -0.034 0.017
  neighbors: f95 f201 f220 f291 f292 f321 f322 f445 f482 f488
- p264(v5): 0.041 -0.038 0.0097
  neighbors: f95 f96 f284 f285 f320 f321
- p26(v26): 0.0085 0.037 0.016
  neighbors: f100 f172 f205 f206 f353 f355
- p324(v7): -0.022 0.032 0.016
  neighbors: f100 f169 f170 f204 f205 f239 f314 f397 f447 f448
- p435(v2): 0.0093  0.04 0.0069
  neighbors: f100 f169 f261 f346 f348 f355 f356
- p422(v34): -0.02 -0.034 3.3e-09
  neighbors: f144 f145 f146 f193 f327 f328 f375 f376 f377 f493 f497
- p279(v28): 0.0099 -0.04 0.0082
  neighbors: f144 f145 f210 f222 f318 f402 f403
- p987(v8): -0.021 -0.034  0.01
  neighbors: f144 f146 f210 f302 f303
- p54(v15): 0.012 -0.04 0.0046
  neighbors: f145 f193 f194 f318 f319
- p842(v14): -0.024 -0.033  0.01
  neighbors: f146 f302 f328 f422 f423
- p209(v38): -0.022 0.034 0.0013
  neighbors: f169 f170 f261 f332 f342 f410 f412
- p626(v36): -0.026 0.032 0.006
  neighbors: f170 f239 f332 f334
- p258(v39): 0.037 0.039  0.01
  neighbors: f172 f353 f354 f358 f363 f365
- p642(v13): 0.0096 0.037 0.016
  neighbors: f172 f206 f289 f363 f364 f441 f442
- p632(v40): 0.014 -0.027 0.00015
  neighbors: f178 f179 f180 f277 f408 f409
- p718(v43): 0.011 -0.038 0.002
  neighbors: f193 f194 f279 f282 f283 f376 f378
- p669(v42): 0.034 -0.04 0.009
  neighbors: f194 f283 f285 f319 f320
- p585(v45): 0.053 -0.017  0.01
  neighbors: f201 f203 f292 f295 f297
- p60(v46): 0.0057 0.034 0.017
  neighbors: f204 f205 f206 f289 f381 f388 f472 f473
- p934(v27): -0.011 0.029 0.017
  neighbors: f204 f314 f388 f476 f484
- p565(v47): -0.02 -0.034 0.015
  neighbors: f210 f222 f223 f303 f304
- p359(v49): 0.012 -0.039 0.014
  neighbors: f220 f222 f223 f322 f402 f404
- p839(v30): -0.022 -0.033 0.017
  neighbors: f220 f223 f304 f306 f454 f482 f490
- p867(v50): 0.0064 0.033 3.3e-09
  neighbors: f230 f326 f460 f495 f501
- p684(v41): 0.013 0.027 3.2e-07
  neighbors: f230 f325 f326 f370 f428 f468 f469
- p876(v11): 0.0065 0.035 6.5e-05
  neighbors: f230 f257 f343 f460 f461 f467 f468
- p733(v52): -0.027  0.03  0.01
  neighbors: f239 f256 f334 f335 f395 f447 f449
- p841(v54): -0.028 0.026 3.3e-09
  neighbors: f256 f309 f310 f335 f337 f411 f416 f418 f494 f500
- p869(v18): -0.028 0.021 0.012
  neighbors: f256 f308 f310 f393 f395
- p891(v55): -0.021 0.034 0.0013
  neighbors: f257 f261 f342 f343 f346 f347
- p840(v37): 0.012 0.039 0.0024
  neighbors: f257 f347 f349 f357 f464 f467
- p162(v58): 0.014 -0.0086 2.2e-07
  neighbors: f276 f277 f407 f409
- p979(v21): 0.014 0.022 2.9e-07
  neighbors: f276 f325 f369 f370 f407 f457 f458
- p874(v59): 0.0079 -0.037 0.00079
  neighbors: f278 f279 f374 f375 f377 f378
- p968(v60): 0.035 -0.039 0.0085
  neighbors: f282 f283 f284 f285
- p757(v61): 0.011 0.032 0.017
  neighbors: f289 f380 f381 f385 f440 f442
- p462(v62): 0.053 -0.0053 0.011
  neighbors: f291 f292 f296 f297
- p921(v63): 0.054 -0.015  0.01
  neighbors: f294 f295 f296 f297
- p751(v65): -0.023 -0.034 0.013
  neighbors: f302 f303 f304 f306 f423 f424
- p583(v48): -0.028 -0.028 0.017
  neighbors: f306 f307 f308 f339 f393 f394 f401 f421 f424 f454 f455
- p647(v66): -0.028 -0.024 0.0099
  neighbors: f307 f308 f309 f310
- p295(v0): -0.028 -0.026 0.0079
  neighbors: f307 f309 f337 f339
- p375(v67): -0.024  0.02 0.017
  neighbors: f314 f394 f397 f401 f452 f476 f477
- p200(v68): 0.032 -0.04  0.01
  neighbors: f318 f319 f320 f321 f322 f403 f404
- p133(v69): 0.0097  0.03 3.3e-09
  neighbors: f325 f326 f457 f479 f495
- p578(v70): -0.025 -0.032 0.0055
  neighbors: f327 f328 f419 f422
- p608(v51): -0.025 -0.032 3.3e-09
  neighbors: f327 f416 f417 f419 f420 f493 f494
- p817(v71): -0.028 0.028 0.00078
  neighbors: f332 f334 f335 f410 f411
- p656(v72): -0.028 -0.029 0.0043
  neighbors: f337 f339 f417 f418 f420 f421
- p618(v73): -0.016 0.032 0.00015
  neighbors: f342 f343 f412 f461 f462
- p566(v74):  0.01  0.04 0.006
  neighbors: f346 f347 f348 f349
- p661(v56): 0.029  0.04 0.009
  neighbors: f348 f349 f354 f356 f357 f358
- p857(v76): 0.011 0.038 0.015
  neighbors: f353 f354 f355 f356
- p343(v77): 0.037 0.039 0.0085
  neighbors: f357 f358 f365 f463 f464
- p604(v78): 0.044 0.034  0.01
  neighbors: f363 f364 f365 f463 f465
- p542(v57): 0.051 0.028  0.01
  neighbors: f364 f384 f431 f439 f441 f465 f466
- p313(v79): 0.054 0.019 0.0085
  neighbors: f369 f370 f371 f428 f432
- p982(v80): -0.016 -0.034 3.3e-09
  neighbors: f374 f375 f497 f498
- p936(v81): 0.0093 -0.038 0.0016
  neighbors: f376 f377 f378
- p353(v82): 0.011  0.03 0.017
  neighbors: f380 f381 f434 f473 f474
- p408(v83): 0.052 0.024  0.01
  neighbors: f384 f385 f439 f440
- p49(v84): 0.004 0.033 0.017
  neighbors: f388 f472 f484 f489
- p552(v86): -0.025  0.03 0.015
  neighbors: f393 f394 f395 f397 f448 f449
- p307(v87): -0.027 -0.023 0.017
  neighbors: f401 f452 f455 f481 f487
- p886(v88): 0.015 -0.04 0.0098
  neighbors: f402 f403 f404
- p155(v89): 0.013 -0.027 3.3e-09
  neighbors: f407 f408 f409 f458 f480 f499
- p282(v90): -0.026 0.029 3.3e-09
  neighbors: f410 f411 f412 f462 f496 f500
- p85(v91): -0.026 -0.026 0.0012
  neighbors: f416 f417 f418
- p858(v92): -0.026 -0.031 0.0068
  neighbors: f419 f420 f421 f422 f423 f424
- p698(v93): 0.051 0.028 0.0085
  neighbors: f428 f431 f432 f466 f469
- p124(v94): 0.013 0.018 0.017
  neighbors: f433 f434 f436 f474 f483 f485
- p678(v44): 0.014 0.015 0.017
  neighbors: f433 f436 f444 f446
- p224(v85): 0.014 0.0083 0.017
  neighbors: f436 f444 f485 f486
- p201(v95): 0.049 0.028 0.011
  neighbors: f439 f440 f441 f442
- p564(v96): 0.014 -0.014 0.017
  neighbors: f444 f445 f446 f486 f488
- p476(v97): -0.023 0.032 0.015
  neighbors: f447 f448 f449
- p93(v98): -0.018 0.019 0.017
  neighbors: f452 f477 f481
- p376(v99): -0.025 -0.029 0.017
  neighbors: f454 f455 f487 f490
- p347(v100): 0.012 0.024 1.5e-07
  neighbors: f457 f458 f479 f480
- p526(v101): -0.012 0.032 3.3e-09
  neighbors: f460 f461 f462 f496 f501
- p466(v102): 0.049 0.032 0.0086
  neighbors: f463 f464 f465 f466 f467 f468 f469
- p681(v103): 0.0089  0.03 0.017
  neighbors: f474 f472 f473 f483 f489
- p800(v104): -0.016 0.022 0.017
  neighbors: f476 f477 f481 f482 f483 f484 f485 f486 f487 f488 f489 f490
- p994(v105):  0.01 0.015 3.3e-09
  neighbors: f479 f480 f493 f494 f495 f496 f497 f498 f499 f500 f501
- f83
    - flags: top simplicial
    - normal:    0.4074 -0.02051   -0.913
    - offset: -0.01442628
    - vertices: p519(v22) p775(v12) p810(v1)
    - neighboring facets: f89 f178 f180
- f86
    - flags: top simplicial
    - normal:     0.244  -0.1489  -0.9583
    - offset: -0.007561984
    - center: 0.0361732 -0.0289531 0.005817781112606664 
    - vertices: p148(v23) p775(v12) p738(v6)
    - neighboring facets: f179 f278 f97
- f89
    - flags: bottom simplicial
    - normal:    0.9901 -0.01333   0.1396
    - offset: -0.05548769
    - vertices: p486(v24) p775(v12) p810(v1)
    - neighboring facets: f83 f371 f294
- f95
    - flags: bottom simplicial
    - normal:    0.2084  -0.2572   0.9436
    - offset: -0.0275693
    - center: 0.0340338 -0.03473263333333333 0.01223079 
    - vertices: p550(v25) p587(v9) p264(v5)
    - neighboring facets: f321 f96 f201
- f96
    - flags: top simplicial
    - normal:    0.6332  -0.6114  -0.4746
    - offset: -0.04487461
    - vertices: p550(v25) p148(v23) p264(v5)
    - neighboring facets: f284 f95 f97
- f97
    - flags: bottom simplicial
    - normal:    0.5115  -0.3443  -0.7873
    - offset: -0.02739961
    - vertices: p550(v25) p148(v23) p775(v12)
    - neighboring facets: f86 f203 f96
- f100
    - flags: top simplicial
    - normal:     -0.16   0.9454   0.2838
    - offset: -0.0382988
    - center: -0.001295323333333334 0.03637963333333333 0.01302610333333333 
    - vertices: p26(v26) p324(v7) p435(v2)
    - neighboring facets: f169 f355 f205
- f144
    - flags: bottom simplicial tested
    - normal:   -0.1871  -0.9811 -0.04863
    - offset: -0.03699645
    - center: -0.01050759333333333 -0.03600793333333333 0.006130967779273334 
    - vertices: p422(v34) p279(v28) p987(v8)
    - neighboring facets: f210 f146 f145
- f145
    - flags: top simplicial tested
    - normal:   -0.1586  -0.9759  -0.1496
    - offset: -0.03624058
    - center: 0.0005412066666666683 -0.03787513333333332 0.004262917779273335 
    - vertices: p422(v34) p279(v28) p54(v15)
    - neighboring facets: f318 f193 f144
- f146
    - flags: top simplicial tested
    - normal:   -0.3544  -0.9334 -0.05667
    - offset: -0.03879518
    - center: -0.02168056666666667 -0.03374356666666666 0.006769867779273333 
    - vertices: p422(v34) p842(v14) p987(v8)
    - neighboring facets: f302 f144 f328
- f169
    - flags: bottom simplicial
    - normal:   -0.2105   0.9684   0.1341
    - offset: -0.03771405
    - vertices: p209(v38) p324(v7) p435(v2)
    - neighboring facets: f100 f261 f170
- f170
    - flags: bottom simplicial
    - normal:   -0.4097    0.903   0.1294
    - offset: -0.03985265
    - center: -0.02307816666666666 0.03254483333333333 0.007804526666666665 
    - vertices: p209(v38) p626(v36) p324(v7)
    - neighboring facets: f239 f169 f332
- f172
    - flags: bottom simplicial
    - normal:    0.1084   0.6843   0.7211
    - offset: -0.03790971
    - center: 0.01822765333333333 0.03750946666666666 0.01423716666666667 
    - vertices: p258(v39) p26(v26) p642(v13)
    - neighboring facets: f206 f363 f353
- f178
    - flags: top simplicial
    - normal:    0.2084  -0.0101   -0.978
    - offset: -0.003039581
    - vertices: p632(v40) p519(v22) p810(v1)
    - neighboring facets: f83 f277 f180
- f179
    - flags: bottom simplicial
    - normal:    0.2245 -0.07254  -0.9718
    - offset: -0.004921479
    - center: 0.0267448 -0.02572203333333333 0.003033916445940001 
    - vertices: p632(v40) p775(v12) p738(v6)
    - neighboring facets: f86 f408 f180
- f180
    - flags: bottom simplicial
    - normal:    0.2176 -0.03031  -0.9756
    - offset: -0.003704463
    - vertices: p632(v40) p519(v22) p775(v12)
    - neighboring facets: f83 f179 f178
- f193
    - flags: top simplicial tested
    - normal:   -0.1036  -0.8946  -0.4347
    - offset: -0.03236686
    - center: 0.0008156666666666661 -0.03734273333333333 0.002198664445939998 
    - vertices: p718(v43) p422(v34) p54(v15)
    - neighboring facets: f145 f194 f376
- f194
    - flags: bottom simplicial tested
    - normal:    0.1014  -0.8463   -0.523
    - offset: -0.03252857
    - center: 0.018997 -0.03937946666666667 0.005209679999999999 
    - vertices: p718(v43) p669(v42) p54(v15)
    - neighboring facets: f319 f193 f283
- f201
    - flags: top simplicial
    - normal:    0.2066  -0.1001   0.9733
    - offset: -0.02272928
    - vertices: p585(v45) p550(v25) p587(v9)
    - neighboring facets: f95 f292 f203
- f203
    - flags: bottom simplicial
    - normal:    0.5141  -0.2165     0.83
    - offset: -0.03958657
    - vertices: p585(v45) p550(v25) p775(v12)
    - neighboring facets: f97 f295 f201
- f204
    - flags: top simplicial tested
    - normal:  -0.04304   0.1391   0.9893
    - offset: -0.02130524
    - center: -0.008893533333333333 0.0316575 0.01669733333333333 
    - vertices: p60(v46) p934(v27) p324(v7)
    - neighboring facets: f314 f205 f388
- f205
    - flags: bottom simplicial tested
    - normal:  -0.05572   0.3325   0.9414
    - offset: -0.02700249
    - center: -0.002468836666666667 0.0343919 0.0163883 
    - vertices: p60(v46) p26(v26) p324(v7)
    - neighboring facets: f100 f204 f206
- f206
    - flags: top simplicial tested
    - normal:  -0.04151   0.3213   0.9461
    - offset: -0.02677933
    - center: 0.007926786666666666 0.03597586666666667 0.01643693333333333 
    - vertices: p60(v46) p26(v26) p642(v13)
    - neighboring facets: f172 f289 f205
- f210
    - flags: top simplicial
    - normal:   -0.1839  -0.9829 0.006358
    - offset: -0.03755062
    - center: -0.01051152666666666 -0.03616503333333333 0.01100873333333333 
    - vertices: p565(v47) p279(v28) p987(v8)
    - neighboring facets: f144 f303 f222
- f220
    - flags: top simplicial tested seen
    - normal:  -0.01277  -0.5281   0.8491
    - offset: -0.03213999
    - center: 0.0011938 -0.035393 0.01585813333333333 
    - vertices: p359(v49) p839(v30) p587(v9)
    - neighboring facets: f482 f322 f223
    - ridges:
- f222
    - flags: bottom simplicial tested
    - normal:   -0.1465  -0.9736   0.1748
    - offset: -0.03893354
    - center: 0.0004138399999999999 -0.0378697 0.0121408 
    - vertices: p359(v49) p565(v47) p279(v28)
    - neighboring facets: f210 f402 f223
- f223
    - flags: top simplicial tested
    - normal:   -0.1268  -0.8992   0.4188
    - offset: -0.03954895
    - center: -0.01012033333333333 -0.03553733333333332 0.01506923333333333 
    - vertices: p359(v49) p565(v47) p839(v30)
    - neighboring facets: f304 f220 f222
- f230
    - flags: top simplicial tested
    - normal:   0.03514  0.03674  -0.9987
    - offset: -0.001443006
    - center: 0.008702376666666668 0.03153953333333333 2.169044160666685e-05 
    - vertices: p867(v50) p684(v41) p876(v11)
    - neighboring facets: f468 f460 f326
- f239
    - flags: top simplicial
    - normal:   -0.5294   0.8289   0.1809
    - offset: -0.04089525
    - center: -0.02480166666666667 0.03113526666666666 0.01082735 
    - vertices: p733(v52) p626(v36) p324(v7)
    - neighboring facets: f170 f447 f334
- f256
    - flags: top simplicial tested
    - normal:   -0.9944  0.06812  0.08043
    - offset: -0.02980244
    - center: -0.02760213333333333 0.02560506666666667 0.007583367779273334 
    - vertices: p841(v54) p733(v52) p869(v18)
    - neighboring facets: f395 f310 f335
- f257
    - flags: bottom simplicial
    - normal:  -0.04797   0.5485  -0.8348
    - offset: -0.01870633
    - center: -0.0008091299999999996 0.03591516666666666 0.001236383899999999 
    - vertices: p891(v55) p840(v37) p876(v11)
    - neighboring facets: f467 f343 f347
- f261
    - flags: bottom simplicial
    - normal:   -0.1962   0.9796  0.04294
    - offset: -0.03766622
    - center: -0.01111398666666667 0.03608503333333334 0.003164923333333334 
    - vertices: p891(v55) p209(v38) p435(v2)
    - neighboring facets: f169 f346 f342
- f276
    - flags: bottom simplicial
    - normal:    0.2022 -0.001883  -0.9793
    - offset: -0.002772972
    - center: 0.02751366666666667 0.007986096666666666 0.002833409151000001 
    - vertices: p162(v58) p979(v21) p810(v1)
    - neighboring facets: f369 f277 f407
- f277
    - flags: top simplicial
    - normal:    0.2031 -0.003969  -0.9792
    - offset: -0.002803212
    - center: 0.02753903333333333 -0.00827817 0.002882780351 
    - vertices: p162(v58) p632(v40) p810(v1)
    - neighboring facets: f178 f276 f409
- f278
    - flags: top simplicial tested
    - normal:    0.2152  -0.2918  -0.9319
    - offset: -0.01174203
    - center: 0.02062616 -0.03491503333333334 0.003096491779273336 
    - vertices: p874(v59) p148(v23) p738(v6)
    - neighboring facets: f86 f374 f279
- f279
    - flags: top simplicial tested
    - normal:    0.2116  -0.3582  -0.9093
    - offset: -0.01418442
    - center: 0.02029239333333334 -0.0371828 0.003770470666666667 
    - vertices: p874(v59) p718(v43) p148(v23)
    - neighboring facets: f282 f278 f378
- f282
    - flags: bottom simplicial
    - normal:    0.2076  -0.4965  -0.8428
    - offset: -0.0195873
    - vertices: p968(v60) p718(v43) p148(v23)
    - neighboring facets: f279 f284 f283
- f283
    - flags: top simplicial
    - normal:    0.1348  -0.7741  -0.6186
    - offset: -0.02991923
    - vertices: p968(v60) p718(v43) p669(v42)
    - neighboring facets: f194 f285 f282
- f284
    - flags: bottom simplicial
    - normal:    0.2458  -0.5881  -0.7705
    - offset: -0.02513424
    - vertices: p968(v60) p148(v23) p264(v5)
    - neighboring facets: f96 f285 f282
- f285
    - flags: top simplicial
    - normal:    0.2453  -0.7973  -0.5515
    - offset: -0.03522578
    - vertices: p968(v60) p669(v42) p264(v5)
    - neighboring facets: f320 f284 f283
- f289
    - flags: top simplicial
    - normal:   0.09655   0.1386   0.9856
    - offset: -0.02202441
    - vertices: p757(v61) p60(v46) p642(v13)
    - neighboring facets: f206 f442 f381
- f291
    - flags: bottom simplicial
    - normal:    0.1616 -0.001311   0.9869
    - offset: -0.01900668
    - center: 0.0405996 -0.007290540000000001 0.01260193333333334 
    - vertices: p462(v62) p486(v24) p587(v9)
    - neighboring facets: f445 f292 f296
- f292
    - flags: top simplicial
    - normal:    0.1749 -0.02047   0.9844
    - offset: -0.01979288
    - vertices: p462(v62) p585(v45) p587(v9)
    - neighboring facets: f201 f291 f297
- f294
    - flags: top simplicial
    - normal:    0.7805 -0.02965   0.6244
    - offset: -0.04871108
    - vertices: p921(v63) p486(v24) p775(v12)
    - neighboring facets: f89 f295 f296
- f295
    - flags: bottom simplicial
    - normal:    0.6299 -0.09357    0.771
    - offset: -0.04303064
    - vertices: p921(v63) p585(v45) p775(v12)
    - neighboring facets: f203 f294 f297
- f296
    - flags: top simplicial
    - normal:    0.5131 -0.02373    0.858
    - offset: -0.03656299
    - vertices: p921(v63) p462(v62) p486(v24)
    - neighboring facets: f291 f294 f297
- f297
    - flags: bottom simplicial
    - normal:     0.475 -0.02635   0.8796
    - offset: -0.03476395
    - vertices: p921(v63) p462(v62) p585(v45)
    - neighboring facets: f292 f295 f296
- f302
    - flags: bottom simplicial
    - normal:   -0.3555  -0.9345 -0.01803
    - offset: -0.03925025
    - vertices: p751(v65) p842(v14) p987(v8)
    - neighboring facets: f146 f303 f423
- f303
    - flags: top simplicial
    - normal:   -0.2949  -0.9553  0.02153
    - offset: -0.03909111
    - vertices: p751(v65) p565(v47) p987(v8)
    - neighboring facets: f210 f302 f304
- f304
    - flags: bottom simplicial
    - normal:   -0.3931  -0.8811   0.2628
    - offset: -0.04208434
    - vertices: p751(v65) p565(v47) p839(v30)
    - neighboring facets: f223 f306 f303
- f306
    - flags: top simplicial
    - normal:   -0.6113   -0.728   0.3105
    - offset: -0.04257718
    - center: -0.02418403333333334 -0.03150053333333333 0.01566163333333333 
    - vertices: p751(v65) p583(v48) p839(v30)
    - neighboring facets: f454 f304 f424
- f307
    - flags: top simplicial
    - normal:   -0.9984 -0.009612  0.05538
    - offset:  -0.029093
    - center: -0.02825266666666667 -0.02590993333333333 0.01148401333333333 
    - vertices: p647(v66) p583(v48) p295(v0)
    - neighboring facets: f339 f309 f308
- f308
    - flags: bottom simplicial
    - normal:   -0.9975  0.01452  0.06947
    - offset: -0.02862598
    - center: -0.0279455 -0.01033836666666667 0.01297072333333333 
    - vertices: p647(v66) p583(v48) p869(v18)
    - neighboring facets: f393 f310 f307
- f309
    - flags: bottom simplicial
    - normal:   -0.9992  0.01102  0.03829
    - offset: -0.02844918
    - center: -0.02833073333333333 -0.007908966666666668 0.005956614445939999 
    - vertices: p647(v66) p841(v54) p295(v0)
    - neighboring facets: f337 f307 f310
- f310
    - flags: top simplicial
    - normal:   -0.9981  0.01511  0.05891
    - offset: -0.02852594
    - vertices: p647(v66) p841(v54) p869(v18)
    - neighboring facets: f256 f308 f309
- f314
    - flags: bottom simplicial tested
    - normal:  -0.06508  0.06412   0.9958
    - offset: -0.01948549
    - center: -0.018865 0.026845 0.01660596666666667 
    - vertices: p375(v67) p934(v27) p324(v7)
    - neighboring facets: f204 f397 f476
- f318
    - flags: bottom simplicial
    - normal:  0.004558  -0.9988 -0.04971
    - offset: -0.03958681
    - vertices: p200(v68) p279(v28) p54(v15)
    - neighboring facets: f145 f319 f403
- f319
    - flags: top simplicial
    - normal:   0.00503  -0.9987 -0.05138
    - offset: -0.03958149
    - vertices: p200(v68) p669(v42) p54(v15)
    - neighboring facets: f194 f318 f320
- f320
    - flags: bottom simplicial
    - normal:     0.205  -0.9422    0.265
    - offset: -0.04701172
    - vertices: p200(v68) p669(v42) p264(v5)
    - neighboring facets: f285 f321 f319
- f321
    - flags: top simplicial
    - normal:    0.1512  -0.4848   0.8614
    - offset: -0.03310343
    - vertices: p200(v68) p587(v9) p264(v5)
    - neighboring facets: f95 f320 f322
- f322
    - flags: top simplicial
    - normal:    0.1152  -0.5538   0.8246
    - offset: -0.03432672
    - vertices: p200(v68) p359(v49) p587(v9)
    - neighboring facets: f220 f321 f404
- f325
    - flags: bottom simplicial tested
    - normal:  0.0001114 2.369e-05       -1
    - offset: -1.786703e-06
    - center: 0.01227737 0.0262961 2.040082733333336e-07 
    - vertices: p133(v69) p684(v41) p979(v21)
    - neighboring facets: f370 f457 f326
- f326
    - flags: bottom simplicial tested seen
    - normal:  0.003176 0.003278       -1
    - offset: -0.0001289889
    - center: 0.009753843333333333 0.02993313333333333 1.076542133333272e-07 
    - vertices: p133(v69) p867(v50) p684(v41)
    - neighboring facets: f230 f325 f495
    - ridges:
- f327
    - flags: bottom simplicial tested seen
    - normal:   -0.4053  -0.9091 -0.09661
    - offset: -0.03901199
    - center: -0.0232349 -0.0327506 0.001839855558546667 
    - vertices: p578(v70) p608(v51) p422(v34)
    - neighboring facets: f493 f328 f419
    - ridges:
- f328
    - flags: bottom simplicial tested
    - normal:   -0.3656  -0.9288 -0.06051
    - offset: -0.03886912
    - center: -0.02292786666666667 -0.03316373333333333 0.005216987779273334 
    - vertices: p578(v70) p422(v34) p842(v14)
    - neighboring facets: f146 f422 f327
- f332
    - flags: top simplicial
    - normal:    -0.691   0.6944  -0.2007
    - offset: -0.03849973
    - center: -0.02519910000000001 0.031146 0.002699579333333333 
    - vertices: p817(v71) p209(v38) p626(v36)
    - neighboring facets: f170 f334 f410
- f334
    - flags: bottom simplicial
    - normal:   -0.8339   0.5509 -0.03478
    - offset: -0.03863167
    - vertices: p817(v71) p733(v52) p626(v36)
    - neighboring facets: f239 f332 f335
- f335
    - flags: bottom simplicial
    - normal:   -0.9938  0.08166  0.07551
    - offset: -0.03013756
    - center: -0.02775213333333333 0.02788483333333333 0.003714387112606666 
    - vertices: p817(v71) p841(v54) p733(v52)
    - neighboring facets: f256 f334 f411
- f337
    - flags: top simplicial tested
    - normal:   -0.9802 -0.02498  -0.1963
    - offset: -0.02697652
    - center: -0.0280941 -0.009506733333333335 0.00407398444594 
    - vertices: p656(v72) p841(v54) p295(v0)
    - neighboring facets: f309 f339 f418
- f339
    - flags: bottom simplicial tested
    - normal:   -0.9698  -0.2436 -0.00614
    - offset: -0.03381424
    - center: -0.02801603333333334 -0.0275077 0.009601383333333333 
    - vertices: p656(v72) p583(v48) p295(v0)
    - neighboring facets: f307 f337 f421
- f342
    - flags: top simplicial tested
    - normal:  -0.07799   0.3476  -0.9344
    - offset: -0.0123162
    - center: -0.01956386666666667 0.0334933 0.0009105186666666666 
    - vertices: p618(v73) p891(v55) p209(v38)
    - neighboring facets: f261 f412 f343
- f343
    - flags: bottom simplicial tested
    - normal:  -0.04873   0.4023  -0.9142
    - offset: -0.01361168
    - center: -0.01007579666666667 0.03375086666666666 0.0004998925666666638 
    - vertices: p618(v73) p891(v55) p876(v11)
    - neighboring facets: f257 f461 f342
- f346
    - flags: bottom simplicial
    - normal:   -0.1629   0.9778  -0.1321
    - offset: -0.03668914
    - vertices: p566(v74) p891(v55) p435(v2)
    - neighboring facets: f261 f348 f347
- f347
    - flags: top simplicial
    - normal:   -0.1143   0.9195  -0.3761
    - offset: -0.03337484
    - vertices: p566(v74) p891(v55) p840(v37)
    - neighboring facets: f257 f349 f346
- f348
    - flags: top simplicial
    - normal:         0        1       -0
    - offset:      -0.04
    - vertices: p566(v74) p661(v56) p435(v2)
    - neighboring facets: f356 f346 f349
- f349
    - flags: bottom simplicial
    - normal:   0.04927   0.9496  -0.3096
    - offset: -0.03661255
    - vertices: p566(v74) p661(v56) p840(v37)
    - neighboring facets: f357 f347 f348
- f353
    - flags: top simplicial
    - normal:    0.1051    0.698   0.7084
    - offset: -0.03818501
    - vertices: p857(v76) p258(v39) p26(v26)
    - neighboring facets: f172 f355 f354
- f354
    - flags: top simplicial
    - normal:   0.06241   0.8658   0.4964
    - offset: -0.04090299
    - vertices: p857(v76) p661(v56) p258(v39)
    - neighboring facets: f358 f353 f356
- f355
    - flags: top simplicial
    - normal:    -0.157   0.9458   0.2842
    - offset: -0.03834527
    - vertices: p857(v76) p26(v26) p435(v2)
    - neighboring facets: f100 f356 f353
- f356
    - flags: bottom simplicial
    - normal:  -0.02806   0.9649   0.2612
    - offset: -0.04014095
    - vertices: p857(v76) p661(v56) p435(v2)
    - neighboring facets: f348 f355 f354
- f357
    - flags: top simplicial
    - normal:   0.08445   0.9155  -0.3933
    - offset: -0.03550672
    - vertices: p343(v77) p661(v56) p840(v37)
    - neighboring facets: f349 f464 f358
- f358
    - flags: bottom simplicial
    - normal:    0.1282   0.9663   0.2232
    - offset: -0.04435328
    - vertices: p343(v77) p661(v56) p258(v39)
    - neighboring facets: f354 f365 f357
- f363
    - flags: bottom simplicial
    - normal:    0.1875   0.2519   0.9494
    - offset: -0.02647318
    - vertices: p604(v78) p258(v39) p642(v13)
    - neighboring facets: f172 f364 f365
- f364
    - flags: top simplicial
    - normal:    0.1866   0.2148   0.9587
    - offset: -0.02525078
    - vertices: p604(v78) p542(v57) p642(v13)
    - neighboring facets: f441 f363 f465
- f365
    - flags: bottom simplicial
    - normal:    0.4713   0.8342   0.2865
    - offset: -0.0524748
    - vertices: p604(v78) p343(v77) p258(v39)
    - neighboring facets: f358 f363 f463
- f369
    - flags: top simplicial
    - normal:     0.211  0.02985   -0.977
    - offset: -0.003603089
    - vertices: p313(v79) p979(v21) p810(v1)
    - neighboring facets: f276 f371 f370
- f370
    - flags: top simplicial
    - normal:    0.2114  0.03458  -0.9768
    - offset: -0.003713894
    - vertices: p313(v79) p684(v41) p979(v21)
    - neighboring facets: f325 f369 f428
- f371
    - flags: bottom simplicial
    - normal:       0.9   0.1272   -0.417
    - offset: -0.04723736
    - vertices: p313(v79) p486(v24) p810(v1)
    - neighboring facets: f89 f369 f432
- f374
    - flags: top simplicial tested seen
    - normal:   0.01237  -0.1548  -0.9879
    - offset: -0.005034994
    - center: 0.001246626666666666 -0.03411566666666666 0.0002631595585466661 
    - vertices: p982(v80) p874(v59) p738(v6)
    - neighboring facets: f278 f498 f375
    - ridges:
- f375
    - flags: bottom simplicial tested seen
    - normal:  0.0007641  -0.2382  -0.9712
    - offset: -0.008039299
    - center: -0.009459006666666667 -0.0348548 0.0002631595585466677 
    - vertices: p982(v80) p874(v59) p422(v34)
    - neighboring facets: f377 f497 f374
    - ridges:
- f376
    - flags: bottom simplicial
    - normal:   -0.1001   -0.882  -0.4606
    - offset: -0.0318665
    - vertices: p936(v81) p718(v43) p422(v34)
    - neighboring facets: f193 f377 f378
- f377
    - flags: top simplicial
    - normal:   -0.0484  -0.6327  -0.7729
    - offset: -0.02238415
    - vertices: p936(v81) p874(v59) p422(v34)
    - neighboring facets: f375 f376 f378
- f378
    - flags: bottom simplicial
    - normal:    0.1735  -0.4175   -0.892
    - offset: -0.01608625
    - vertices: p936(v81) p874(v59) p718(v43)
    - neighboring facets: f279 f376 f377
- f380
    - flags: top simplicial
    - normal:    0.1612  0.04506   0.9859
    - offset: -0.01977602
    - center: 0.02560706666666667 0.02636313333333333 0.0146674 
    - vertices: p353(v82) p757(v61) p486(v24)
    - neighboring facets: f385 f434 f381
- f381
    - flags: bottom simplicial
    - normal:   0.05571  0.04559   0.9974
    - offset: -0.01882598
    - center: 0.009244133333333333 0.03194606666666667 0.0168985 
    - vertices: p353(v82) p757(v61) p60(v46)
    - neighboring facets: f289 f473 f380
- f384
    - flags: top simplicial
    - normal:    0.4794   0.1754   0.8599
    - offset: -0.03817661
    - vertices: p408(v83) p542(v57) p486(v24)
    - neighboring facets: f431 f385 f439
- f385
    - flags: bottom simplicial
    - normal:    0.1645  0.05576   0.9848
    - offset: -0.02013354
    - vertices: p408(v83) p757(v61) p486(v24)
    - neighboring facets: f380 f384 f440
- f388
    - flags: bottom simplicial tested seen
    - normal:  -0.0001993 0.0008192        1
    - offset: -0.01702583
    - center: -0.0003638766666666665 0.0318208 0.0169997 
    - vertices: p49(v84) p60(v46) p934(v27)
    - neighboring facets: f204 f484 f472
    - ridges:
- f393
    - flags: top simplicial
    - normal:   -0.7937  0.05875   0.6055
    - offset: -0.03058192
    - vertices: p552(v86) p583(v48) p869(v18)
    - neighboring facets: f308 f395 f394
- f394
    - flags: top simplicial
    - normal:   -0.7495  0.05742   0.6596
    - offset: -0.03027985
    - center: -0.0255925 0.007166366666666667 0.01620463333333333 
    - vertices: p552(v86) p375(v67) p583(v48)
    - neighboring facets: f401 f393 f397
- f395
    - flags: bottom simplicial
    - normal:   -0.8876   0.1448   0.4373
    - offset: -0.03288971
    - vertices: p552(v86) p733(v52) p869(v18)
    - neighboring facets: f256 f393 f449
- f397
    - flags: bottom simplicial
    - normal:   -0.3263   0.1151   0.9382
    - offset: -0.02583908
    - vertices: p552(v86) p375(v67) p324(v7)
    - neighboring facets: f314 f448 f394
- f401
    - flags: bottom simplicial tested
    - normal:   -0.4837  0.03571   0.8745
    - offset: -0.0270222
    - center: -0.026312 -0.010331 0.01676906666666667 
    - vertices: p307(v87) p375(v67) p583(v48)
    - neighboring facets: f394 f455 f452
- f402
    - flags: bottom simplicial
    - normal:  -0.04661  -0.9888   0.1417
    - offset: -0.04025558
    - vertices: p886(v88) p359(v49) p279(v28)
    - neighboring facets: f222 f403 f404
- f403
    - flags: top simplicial
    - normal:         0       -1       -0
    - offset:      -0.04
    - vertices: p886(v88) p200(v68) p279(v28)
    - neighboring facets: f318 f402 f404
- f404
    - flags: bottom simplicial
    - normal:  -0.004824  -0.9851   0.1722
    - offset: -0.04101356
    - vertices: p886(v88) p200(v68) p359(v49)
    - neighboring facets: f322 f402 f403
- f407
    - flags: top simplicial tested
    - normal:  0.0001932 7.054e-07       -1
    - offset: -2.413582e-06
    - center: 0.0133897 -0.004540003333333335 1.702636066666668e-07 
    - vertices: p155(v89) p162(v58) p979(v21)
    - neighboring facets: f276 f458 f409
- f408
    - flags: bottom simplicial tested seen
    - normal:    0.1212 -0.02555  -0.9923
    - offset: -0.002227045
    - center: 0.01277366666666667 -0.02848333333333333 4.94708918800002e-05 
    - vertices: p155(v89) p632(v40) p738(v6)
    - neighboring facets: f179 f499 f409
    - ridges:
- f409
    - flags: bottom simplicial tested
    - normal:    0.1096 -0.005985   -0.994
    - offset: -0.001546113
    - center: 0.01341506666666667 -0.02080427 4.954146360666698e-05 
    - vertices: p155(v89) p162(v58) p632(v40)
    - neighboring facets: f277 f408 f407
- f410
    - flags: bottom simplicial tested
    - normal:   -0.5553   0.5934  -0.5827
    - offset: -0.0315928
    - center: -0.02543026666666666 0.03012446666666667 0.0006915637792733325 
    - vertices: p282(v90) p817(v71) p209(v38)
    - neighboring facets: f332 f412 f411
- f411
    - flags: top simplicial tested seen
    - normal:   -0.5419   0.3906  -0.7442
    - offset: -0.02545054
    - center: -0.02751806666666666 0.0274762 0.000259354891879998 
    - vertices: p282(v90) p817(v71) p841(v54)
    - neighboring facets: f335 f500 f410
    - ridges:
- f412
    - flags: top simplicial tested
    - normal:  -0.09441   0.3028  -0.9484
    - offset: -0.01113509
    - center: -0.02146906666666666 0.03159166666666666 0.0004819764459399982 
    - vertices: p282(v90) p618(v73) p209(v38)
    - neighboring facets: f342 f410 f462
- f416
    - flags: bottom simplicial tested seen
    - normal:   -0.6306 -0.03947  -0.7751
    - offset:  -0.016745
    - center: -0.02640173333333333 -0.01047423333333333 0.0004098655585466688 
    - vertices: p85(v91) p841(v54) p608(v51)
    - neighboring facets: f494 f417 f418
    - ridges:
- f417
    - flags: top simplicial tested
    - normal:   -0.8522  -0.1578  -0.4988
    - offset: -0.02596976
    - center: -0.02622223333333333 -0.02877576666666666 0.001842224445939998 
    - vertices: p85(v91) p656(v72) p608(v51)
    - neighboring facets: f420 f416 f418
- f418
    - flags: bottom simplicial tested
    - normal:   -0.9175 -0.03997  -0.3958
    - offset: -0.02481688
    - center: -0.02743283333333333 -0.009434066666666666 0.00184222444594 
    - vertices: p85(v91) p656(v72) p841(v54)
    - neighboring facets: f337 f416 f417
- f419
    - flags: top simplicial
    - normal:    -0.716  -0.6925 -0.08794
    - offset: -0.03971841
    - vertices: p858(v92) p578(v70) p608(v51)
    - neighboring facets: f327 f420 f422
- f420
    - flags: bottom simplicial
    - normal:   -0.7753  -0.6226   -0.106
    - offset: -0.03893881
    - vertices: p858(v92) p656(v72) p608(v51)
    - neighboring facets: f417 f419 f421
- f421
    - flags: top simplicial
    - normal:    -0.839  -0.5439  0.01914
    - offset: -0.03896471
    - vertices: p858(v92) p656(v72) p583(v48)
    - neighboring facets: f339 f424 f420
- f422
    - flags: bottom simplicial
    - normal:   -0.6486  -0.7603  0.03497
    - offset: -0.04092973
    - vertices: p858(v92) p578(v70) p842(v14)
    - neighboring facets: f328 f423 f419
- f423
    - flags: top simplicial
    - normal:   -0.6849  -0.7243  0.07926
    - offset: -0.04104037
    - vertices: p858(v92) p751(v65) p842(v14)
    - neighboring facets: f302 f422 f424
- f424
    - flags: bottom simplicial
    - normal:   -0.7098  -0.6973  0.09949
    - offset: -0.04097636
    - vertices: p858(v92) p751(v65) p583(v48)
    - neighboring facets: f306 f421 f423
- f428
    - flags: bottom simplicial
    - normal:    0.2147  0.05273  -0.9753
    - offset: -0.00424099
    - vertices: p698(v93) p313(v79) p684(v41)
    - neighboring facets: f370 f469 f432
- f431
    - flags: bottom simplicial
    - normal:     0.951   0.2972 -0.08561
    - offset: -0.05638895
    - vertices: p698(v93) p542(v57) p486(v24)
    - neighboring facets: f384 f432 f466
- f432
    - flags: top simplicial
    - normal:    0.9091   0.2384  -0.3417
    - offset: -0.0504359
    - vertices: p698(v93) p313(v79) p486(v24)
    - neighboring facets: f371 f431 f428
- f433
    - flags: bottom simplicial tested
    - normal:    0.1587  0.03259   0.9868
    - offset: -0.01943472
    - center: 0.02730306666666667 0.01679266666666667 0.0147486 
    - vertices: p124(v94) p678(v44) p486(v24)
    - neighboring facets: f446 f434 f436
- f434
    - flags: top simplicial tested
    - normal:    0.1588  0.03636   0.9866
    - offset: -0.01950022
    - center: 0.02630306666666667 0.02174926666666667 0.01473016666666667 
    - vertices: p124(v94) p353(v82) p486(v24)
    - neighboring facets: f380 f433 f474
- f436
    - flags: bottom simplicial tested seen
    - normal:   0.07588 0.003572   0.9971
    - offset: -0.01800782
    - center: 0.01354126666666667 0.01381170333333333 0.01698 
    - vertices: p124(v94) p224(v85) p678(v44)
    - neighboring facets: f444 f433 f485
    - ridges:
- f439
    - flags: bottom simplicial
    - normal:    0.2042   0.1196   0.9716
    - offset: -0.02358196
    - vertices: p201(v95) p408(v83) p542(v57)
    - neighboring facets: f384 f441 f440
- f440
    - flags: top simplicial
    - normal:    0.1714  0.09399   0.9807
    - offset: -0.02135215
    - vertices: p201(v95) p408(v83) p757(v61)
    - neighboring facets: f385 f442 f439
- f441
    - flags: bottom simplicial
    - normal:    0.1805   0.1776   0.9674
    - offset: -0.02396571
    - vertices: p201(v95) p542(v57) p642(v13)
    - neighboring facets: f364 f442 f439
- f442
    - flags: top simplicial
    - normal:    0.1769   0.1596   0.9712
    - offset: -0.02333169
    - vertices: p201(v95) p757(v61) p642(v13)
    - neighboring facets: f289 f441 f440
- f444
    - flags: top simplicial tested seen
    - normal:    0.1186 0.0006552   0.9929
    - offset: -0.01849107
    - center: 0.01373236666666667 0.003066636666666667 0.01698 
    - vertices: p564(v96) p224(v85) p678(v44)
    - neighboring facets: f436 f446 f486
    - ridges:
- f445
    - flags: top simplicial tested seen
    - normal:    0.1614 -0.001123   0.9869
    - offset: -0.01899788
    - center: 0.02733606666666667 -0.0103149 0.0147686 
    - vertices: p564(v96) p486(v24) p587(v9)
    - neighboring facets: f291 f488 f446
    - ridges:
- f446
    - flags: top simplicial tested
    - normal:    0.1604 0.0001653   0.9871
    - offset: -0.01896884
    - center: 0.02749416666666667 0.0060476 0.0147486 
    - vertices: p564(v96) p678(v44) p486(v24)
    - neighboring facets: f433 f445 f444
- f447
    - flags: top simplicial
    - normal:   -0.5765   0.7794   0.2454
    - offset: -0.04136695
    - vertices: p476(v97) p733(v52) p324(v7)
    - neighboring facets: f239 f448 f449
- f448
    - flags: bottom simplicial
    - normal:   -0.6065   0.7332   0.3075
    - offset: -0.04153706
    - vertices: p476(v97) p552(v86) p324(v7)
    - neighboring facets: f397 f447 f449
- f449
    - flags: top simplicial
    - normal:   -0.6097   0.7373   0.2912
    - offset: -0.04148527
    - vertices: p476(v97) p552(v86) p733(v52)
    - neighboring facets: f395 f447 f448
- f452
    - flags: top simplicial tested seen
    - normal:  -0.04659 0.009393   0.9989
    - offset: -0.01801681
    - center: -0.0231178 0.005382033333333334 0.01690833333333333 
    - vertices: p93(v98) p307(v87) p375(v67)
    - neighboring facets: f401 f477 f481
    - ridges:
- f454
    - flags: bottom simplicial tested seen
    - normal:   -0.1635  -0.1207   0.9791
    - offset: -0.02417889
    - center: -0.0248377 -0.02990246666666667 0.01686073333333333 
    - vertices: p376(v99) p583(v48) p839(v30)
    - neighboring facets: f306 f490 f455
    - ridges:
- f455
    - flags: bottom simplicial tested seen
    - normal:   -0.1453 -0.04649   0.9883
    - offset: -0.02174797
    - center: -0.02653386666666667 -0.0264505 0.01686073333333333 
    - vertices: p376(v99) p307(v87) p583(v48)
    - neighboring facets: f401 f454 f487
    - ridges:
- f457
    - flags: bottom simplicial tested
    - normal:  8.186e-05 7.422e-06       -1
    - offset: -1.012883e-06
    - center: 0.01188193666666667 0.02535713333333333 1.480326066666669e-07 
    - vertices: p347(v100) p133(v69) p979(v21)
    - neighboring facets: f325 f458 f479
- f458
    - flags: top simplicial tested
    - normal:  7.887e-05 3.735e-06       -1
    - offset: -8.889709e-07
    - center: 0.01285243333333333 0.0062574 1.480326066666668e-07 
    - vertices: p347(v100) p155(v89) p979(v21)
    - neighboring facets: f407 f457 f480
- f460
    - flags: top simplicial tested seen
    - normal:  -0.003179  0.04137  -0.9991
    - offset: -0.001353096
    - center: 0.0003331433333333336 0.0332554 2.158612521333304e-05 
    - vertices: p526(v101) p867(v50) p876(v11)
    - neighboring facets: f230 f461 f501
    - ridges:
- f461
    - flags: bottom simplicial tested
    - normal:  -0.02017   0.1463   -0.989
    - offset: -0.00489027
    - center: -0.007150196666666665 0.03293143333333334 7.135034594000037e-05 
    - vertices: p526(v101) p618(v73) p876(v11)
    - neighboring facets: f343 f460 f462
- f462
    - flags: bottom simplicial tested seen
    - normal:  -0.02424   0.1082  -0.9938
    - offset: -0.003728672
    - center: -0.0181277 0.03085566666666667 4.976755854666656e-05 
    - vertices: p526(v101) p282(v90) p618(v73)
    - neighboring facets: f412 f461 f496
    - ridges:
- f463
    - flags: top simplicial
    - normal:    0.5177   0.8486   0.1091
    - offset: -0.0532529
    - vertices: p466(v102) p604(v78) p343(v77)
    - neighboring facets: f365 f464 f465
- f464
    - flags: top simplicial
    - normal:     0.217   0.3412  -0.9146
    - offset: -0.01359331
    - vertices: p466(v102) p343(v77) p840(v37)
    - neighboring facets: f357 f467 f463
- f465
    - flags: bottom simplicial
    - normal:    0.5102   0.5894   0.6264
    - offset: -0.0491593
    - vertices: p466(v102) p604(v78) p542(v57)
    - neighboring facets: f364 f466 f463
- f466
    - flags: top simplicial
    - normal:    0.8672   0.4735  -0.1543
    - offset: -0.05640051
    - vertices: p466(v102) p698(v93) p542(v57)
    - neighboring facets: f431 f465 f469
- f467
    - flags: top simplicial
    - normal:    0.2082   0.2739   -0.939
    - offset: -0.01082515
    - vertices: p466(v102) p840(v37) p876(v11)
    - neighboring facets: f257 f468 f464
- f468
    - flags: bottom simplicial
    - normal:    0.2055   0.1762  -0.9627
    - offset: -0.007410859
    - vertices: p466(v102) p684(v41) p876(v11)
    - neighboring facets: f230 f467 f469
- f469
    - flags: bottom simplicial
    - normal:    0.2097   0.1513   -0.966
    - offset: -0.006800757
    - vertices: p466(v102) p698(v93) p684(v41)
    - neighboring facets: f428 f468 f466
- f472
    - flags: top simplicial tested seen
    - normal:  0.0001938 0.0003658        1
    - offset: -0.01701266
    - center: 0.006211066666666668 0.03214303333333333 0.0169997 
    - vertices: p681(v103) p49(v84) p60(v46)
    - neighboring facets: f388 f473 f489
    - ridges:
- f473
    - flags: bottom simplicial tested
    - normal:   0.05135  0.03974   0.9979
    - offset: -0.01861016
    - center: 0.00855391 0.03134053333333334 0.01696126666666666 
    - vertices: p681(v103) p353(v82) p60(v46)
    - neighboring facets: f381 f472 f474
- f474
    - flags: bottom simplicial tested seen
    - normal:   0.05363  0.01855   0.9984
    - offset: -0.01800568
    - center: 0.01100577666666667 0.0259475 0.01696156666666667 
    - vertices: p681(v103) p124(v94) p353(v82)
    - neighboring facets: f434 f473 f483
    - ridges:
- f476
    - flags: top simplicial tested seen
    - normal:  -0.04537  0.03573   0.9983
    - offset: -0.01849451
    - center: -0.01708163333333333 0.02349393333333333 0.01690833333333333 
    - vertices: p800(v104) p375(v67) p934(v27)
    - neighboring facets: f314 f484 f477
    - ridges:
- f477
    - flags: top simplicial tested seen
    - normal:  -0.04485  0.03398   0.9984
    - offset: -0.01844903
    - center: -0.0196057 0.0202532 0.01690833333333333 
    - vertices: p800(v104) p93(v98) p375(v67)
    - neighboring facets: f452 f476 f481
    - ridges:
- f479
    - flags: top simplicial tested seen
    - normal:  7.205e-05 3.694e-06       -1
    - offset: -8.060203e-07
    - center: 0.01072600333333333 0.0229819 5.167854666666665e-08 
    - vertices: p994(v105) p347(v100) p133(v69)
    - neighboring facets: f457 f495 f480
    - ridges:
- f480
    - flags: bottom simplicial tested seen
    - normal:  7.224e-05 3.659e-06       -1
    - offset: -8.07502e-07
    - center: 0.0116965 0.003882166666666668 5.16785466666667e-08 
    - vertices: p994(v105) p347(v100) p155(v89)
    - neighboring facets: f458 f499 f479
    - ridges:
- f481
    - flags: bottom simplicial tricoplanar keepcentrum
    - owner of normal & centrum is facet f481
    - normal:         0        0        1
    - offset:     -0.017
    - center: 0.000722317777777778 0.001203845555555555  0.017 
    - vertices: p800(v104) p93(v98) p307(v87)
    - neighboring facets: f452 f487 f477
- f482
    - flags: bottom simplicial tricoplanar
    - owner of normal & centrum is facet f481
    - normal:         0        0        1
    - offset:     -0.017
    - center: 0.000722317777777778 0.001203845555555555  0.017 
    - vertices: p800(v104) p839(v30) p587(v9)
    - neighboring facets: f220 f488 f490
- f483
    - flags: top simplicial tricoplanar
    - owner of normal & centrum is facet f481
    - normal:         0        0        1
    - offset:     -0.017
    - center: 0.000722317777777778 0.001203845555555555  0.017 
    - vertices: p800(v104) p681(v103) p124(v94)
    - neighboring facets: f474 f485 f489
- f484
    - flags: bottom simplicial tricoplanar
    - owner of normal & centrum is facet f481
    - normal:         0        0        1
    - offset:     -0.017
    - center: 0.000722317777777778 0.001203845555555555  0.017 
    - vertices: p800(v104) p49(v84) p934(v27)
    - neighboring facets: f388 f476 f489
- f485
    - flags: top simplicial tricoplanar
    - owner of normal & centrum is facet f481
    - normal:         0        0        1
    - offset:     -0.017
    - center: 0.000722317777777778 0.001203845555555555  0.017 
    - vertices: p800(v104) p124(v94) p224(v85)
    - neighboring facets: f436 f486 f483
- f486
    - flags: bottom simplicial tricoplanar
    - owner of normal & centrum is facet f481
    - normal:         0        0        1
    - offset:     -0.017
    - center: 0.000722317777777778 0.001203845555555555  0.017 
    - vertices: p800(v104) p564(v96) p224(v85)
    - neighboring facets: f444 f485 f488
- f487
    - flags: top simplicial tricoplanar
    - owner of normal & centrum is facet f481
    - normal:         0        0        1
    - offset:     -0.017
    - center: 0.000722317777777778 0.001203845555555555  0.017 
    - vertices: p800(v104) p376(v99) p307(v87)
    - neighboring facets: f455 f481 f490
- f488
    - flags: top simplicial tricoplanar
    - owner of normal & centrum is facet f481
    - normal:         0        0        1
    - offset:     -0.017
    - center: 0.000722317777777778 0.001203845555555555  0.017 
    - vertices: p800(v104) p564(v96) p587(v9)
    - neighboring facets: f445 f482 f486
- f489
    - flags: bottom simplicial tricoplanar
    - owner of normal & centrum is facet f481
    - normal:         0        0        1
    - offset:     -0.017
    - center: 0.000722317777777778 0.001203845555555555  0.017 
    - vertices: p800(v104) p681(v103) p49(v84)
    - neighboring facets: f472 f484 f483
- f490
    - flags: bottom simplicial tricoplanar
    - owner of normal & centrum is facet f481
    - normal:         0        0        1
    - offset:     -0.017
    - center: 0.000722317777777778 0.001203845555555555  0.017 
    - vertices: p800(v104) p376(v99) p839(v30)
    - neighboring facets: f454 f482 f487
- f493
    - flags: top simplicial tricoplanar keepcentrum
    - owner of normal & centrum is facet f493
    - normal:         0        0       -1
    - offset: 3.33782e-09
    - center: -0.008334785555555557 -0.004530166666666666 3.33782e-09 
    - vertices: p994(v105) p608(v51) p422(v34)
    - neighboring facets: f327 f497 f494
- f494
    - flags: top simplicial tricoplanar
    - owner of normal & centrum is facet f493
    - normal:         0        0       -1
    - offset: 3.33782e-09
    - center: -0.008334785555555557 -0.004530166666666666 3.33782e-09 
    - vertices: p994(v105) p841(v54) p608(v51)
    - neighboring facets: f416 f493 f500
- f495
    - flags: top simplicial tricoplanar
    - owner of normal & centrum is facet f493
    - normal:         0        0       -1
    - offset: 3.33782e-09
    - center: -0.008334785555555557 -0.004530166666666666 3.33782e-09 
    - vertices: p994(v105) p133(v69) p867(v50)
    - neighboring facets: f326 f501 f479
- f496
    - flags: top simplicial tricoplanar
    - owner of normal & centrum is facet f493
    - normal:         0        0       -1
    - offset: 3.33782e-09
    - center: -0.008334785555555557 -0.004530166666666666 3.33782e-09 
    - vertices: p994(v105) p526(v101) p282(v90)
    - neighboring facets: f462 f500 f501
- f497
    - flags: bottom simplicial tricoplanar
    - owner of normal & centrum is facet f493
    - normal:         0        0       -1
    - offset: 3.33782e-09
    - center: -0.008334785555555557 -0.004530166666666666 3.33782e-09 
    - vertices: p994(v105) p982(v80) p422(v34)
    - neighboring facets: f375 f493 f498
- f498
    - flags: top simplicial tricoplanar
    - owner of normal & centrum is facet f493
    - normal:         0        0       -1
    - offset: 3.33782e-09
    - center: -0.008334785555555557 -0.004530166666666666 3.33782e-09 
    - vertices: p994(v105) p982(v80) p738(v6)
    - neighboring facets: f374 f499 f497
- f499
    - flags: bottom simplicial tricoplanar
    - owner of normal & centrum is facet f493
    - normal:         0        0       -1
    - offset: 3.33782e-09
    - center: -0.008334785555555557 -0.004530166666666666 3.33782e-09 
    - vertices: p994(v105) p155(v89) p738(v6)
    - neighboring facets: f408 f498 f480
- f500
    - flags: top simplicial tricoplanar
    - owner of normal & centrum is facet f493
    - normal:         0        0       -1
    - offset: 3.33782e-09
    - center: -0.008334785555555557 -0.004530166666666666 3.33782e-09 
    - vertices: p994(v105) p282(v90) p841(v54)
    - neighboring facets: f411 f494 f496
- f501
    - flags: bottom simplicial tricoplanar
    - owner of normal & centrum is facet f493
    - normal:         0        0       -1
    - offset: 3.33782e-09
    - center: -0.008334785555555557 -0.004530166666666666 3.33782e-09 
    - vertices: p994(v105) p526(v101) p867(v50)
    - neighboring facets: f460 f495 f496
