3
1000 202 303
-0.0313925 -0.0502603 -0.0434695 
-0.00178507   0.05 -0.07565139999999999 
-0.0317385 0.0456756 -0.056157 
-0.0185596 0.0146645 2.37487e-09 
-0.00693601 0.0552425 -0.059273 
0.02125 -0.0212991 -0.00448263 
-0.0108929 -0.0014741 -0.0760892 
-0.0037017 0.009803920000000001 -0.004 
-0.0299725  0.051 -0.0488723 
-0.00683756 0.010483 -0.07811999999999999 
0.0116471 -0.018727 -0.0768197 
-0.000341575 0.0477686 -0.0358923 
0.0164873 -0.0124025 -0.004 
-0.00846092 0.023727 -0.0985443 
-0.0115287 0.00698374 -0.0040043 
-0.011248 -0.010643 -0.008 
-0.0096028 0.0517208 -0.07169399999999999 
-0.0426299 0.0122434 -0.0971004 
-0.0142725 -0.008388639999999999 -0.008 
-0.025721 -0.0446005 -0.061491 
-0.0325567 -0.0469779 -0.0528157 
-0.00687267 0.0171874 -0.008 
-0.00552644 0.0212352 -0.0738658 
-0.0155706 -0.0400079 -0.0435396 
-0.0294816 0.0431336 -0.0583701 
-0.00380964 0.0191573 -0.0983834 
-0.0485661 -0.0125 -0.0752097 
-0.0323677 0.0225881 -0.0484569 
-0.0160571 -0.0460237 -0.0555701 
-0.0124003 -0.0428166 -0.07727290000000001 
-0.0283203 0.00490913   -0.1 
-0.00661395 0.0462344 -0.0175 
-0.0162771 0.0157335 -0.00184096 
-0.008150839999999999 0.0286274 -0.0266329 
-0.00562712 -0.0164369 -0.0736004 
-0.0251295 -0.0439361 -0.0798325 
-0.00573696 -0.00480517 -0.0636424 
-0.0253365   0.05 -0.0411742 
-0.0119426 -0.053654 -0.0733873 
-0.0175197 -0.00487641 -0.008 
-0.00549107 -0.0327345 -0.0239591 
0.00402012 -0.018727 -0.0841018 
-0.0271604  0.043 -0.0585816 
-0.0414893 0.0209373 -0.00616825 
-0.0163782 -0.0170743 -0.0455238 
0.009289779999999999 -0.048 -0.0439859 
-0.0293032 0.020093   -0.1 
0.00827746 0.0431958 -0.0423055 
0.00551887 0.0324175 -0.0392622 
0.0176059 0.0493768 -0.0499717 
-0.0337862 -0.0183934 -0.092 
-0.0317408 0.000840253 -0.0480995 
-0.0337332 -0.0351189 -3.96672e-06 
-0.0112304 -0.00748512 -0.075073 
0.0219369 0.00545574 -0.00247838 
0.0151926 4.3341e-05 -0.008 
-0.0171541 -0.0256833 -0.0486588 
0.00676573 0.0234356 -0.0403426 
-0.031928 -0.0455839 -0.057648 
-0.009392040000000001 -0.0323785 -0.021035 
-0.0458804 -0.0125 -0.0838811 
-0.00444065 0.0446767 -0.0675125 
-0.0198955 -0.0388285 -0.0092862 
-0.05025 0.0114391 -0.0208442 
-0.0236213 0.0462511 -0.0350434 
0.019485 0.023727 -0.0475497 
-0.00517556 -0.0234466 2.37487e-09 
-0.0236313 -0.0384726 -0.08766740000000001 
-0.0185499 -0.053 -0.0483566 
0.00913131 -0.0228385 -0.0436341 
-0.00854857 0.0487583 -0.0640289 
-0.0232599 -0.053 -0.0535321 
-0.0173411 0.0483196 -0.0589245 
0.00100404  -0.05 -0.0269752 
-0.03075 0.0349069 -0.00328282 
-0.0314152 -0.0430721 -0.0494544 
-0.0327508 -0.0356416 -0.0498616 
-0.0227568  0.043 -0.0586879 
0.0208306 0.023727 -0.0511382 
-0.00633559 -0.0514 -0.0488724 
-0.0227755 0.0241306 -0.0988526 
-0.0299571 0.0449476 -0.0457735 
-0.0155447 0.0506994 -0.0565007 
-0.01775 -0.0526236 -0.0440745 
-0.0041072 0.0499846 -0.0324603 
-0.016049 -0.0352223 -0.0444026 
-0.0321229 0.024144 -0.0525964 
-0.0256939 -0.0442626 -0.0613898 
-0.0340779 -0.051 -0.0523509 
-0.0117449   0.05 -0.018479 
0.00871163   0.05 -0.06495040000000001 
-0.01025 0.0600589 -0.0504742 
-0.0139471 -0.0515631 -0.0778774 
-0.012232 -0.0240449 -0.0605532 
0.000663604 0.0206661 -0.0365627 
-0.0341685 -0.0249345   -0.1 
0.00384097 0.0507 -0.0490398 
-0.0335101   0.05 -0.06564390000000001 
-0.0339109  0.043 -0.0248747 
0.00644001 0.0381919 -0.0599397 
0.01525 -0.020008 -0.0251772 
-0.0125686 0.0479339 -0.0613224 
-0.04525 -0.0118304 -0.0924193 
-0.0137947 0.019577   -0.1 
0.00156689 0.043539 -0.0660172 
-0.0111269 -0.0134261 -0.0384893 
-0.0312451 0.0324656 -0.008686940000000001 
-0.0245136 -0.0379119 -0.0117711 
0.00595962 -0.0357521 -0.00321384 
-0.0210656 0.0518992 -0.0614157 
0.0180707 -0.00344742 -0.004 
-0.00922954 -0.0462036 -0.0788838 
-0.03075 0.0231595 -0.00359979 
0.006059 0.0296681 2.37487e-09 
-0.0053346 -0.00778369 -0.0637003 
-0.017045 0.00619443 -0.0477947 
-0.0374123 -0.0504569 -0.0453089 
7.527430000000001e-05 0.0625 -0.042174 
-0.00130725 0.0470034 -0.014024 
-0.0154853 0.0195608   -0.1 
-0.0365304 0.0463807 -0.051421 
-0.009571 -0.0445248 -0.0576183 
-0.0197894 -0.0447123 -0.0492061 
-0.0305869 0.0471175 -0.0482024 
0.00325 0.0491495 -0.0171281 
-0.0128854   0.05 -0.0727642 
-0.022698 0.0374807 -0.00603319 
0.0145348 0.0456099 -0.0390502 
-0.0217105 -0.0127272 2.37487e-09 
0.00163509 0.0307416 -0.0369968 
0.00709233 -0.0168855 -0.0593744 
-0.00999273 0.0168443 -0.023199 
-0.0248896  0.043 -0.0636558 
-0.0363322 -0.0445588 -0.0473761 
-0.0305673 -0.0328633 -0.09116879999999999 
-0.00964398 0.0603199 -0.036475 
-0.0473665 -0.00204133   -0.1 
-0.04525 0.00520779 -0.0545269 
-0.0188335  -0.06 -0.0442798 
-0.04525 0.00856872 -0.0094035 
-0.0196633   0.05 -0.0604114 
-0.00823989   0.05 -0.0214857 
-0.000345962 0.0507 -0.0460139 
-0.0203349 -0.0435675 -0.0403006 
-0.0249675 0.00123513 -0.0508119 
-0.0258599 0.0204305 -0.0462456 
-0.0491214 -0.0075 -0.07538839999999999 
-0.011967 -0.0527052 -0.0271735 
-0.023855  0.043 -0.0386639 
-0.0286745 -0.064 -0.0590478 
-0.00900976 0.0154427 -0.008 
-0.0134533  0.043 -0.0710311 
-0.0215443 -0.043 -0.06515840000000001 
-0.0166519 0.0463696 -0.0216338 
-0.00768758 0.0357287 -0.0285662 
0.00349824 -0.0207088 -0.004 
-0.0114062 -0.043 -0.0706837 
0.01525 -0.0228249 -0.0424268 
-0.0328243 0.0377286 -0.0491199 
-0.00130776 -0.008826840000000001 -0.0362792 
-0.0227475  -0.05 -0.0365355 
-0.03075 0.0461098 -0.0207096 
-0.00953239 -0.0196407 -0.004 
-0.008206 -0.043 -0.0662013 
-0.0343822 0.0495233 -0.069967 
-0.0142829 -0.0461105 -0.041011 
-0.0293449 0.0484141 -0.00993599 
-0.0293917 -0.0389892 -0.0870488 
-0.00812412 -0.0155655 -0.07127749999999999 
-0.0472056 0.0075 -0.0699177 
-0.0300062 0.00694155 2.37487e-09 
-0.0103099 0.0313293 -0.00719632 
0.00607355 0.0597648 -0.0425046 
-0.0101408 0.0514474 -0.0586358 
-0.0160309   0.05 -0.0628914 
0.0161558 0.018727 -0.0325307 
-0.0426296 0.0150046 -0.00537324 
-0.0337189 -0.0448261 -0.0476213 
-0.00548271 -0.0432096 -0.0814772 
0.00458506 0.0158663 -0.004 
-0.0344587 0.0513273 -0.0399781 
-0.0327387 0.0494691 -0.0112322 
-0.00421369 -0.0158225 -0.0638614 
-0.0114325  -0.06 -0.0558657 
0.00802654 -0.0465042 -0.041915 
0.00272133   0.05 -0.015156 
-0.0186945  0.053 -0.0494754 
0.00388636 -0.0430775 -0.0294972 
-0.023481 0.0450558 -0.0569994 
0.00825093 0.0238618 -0.008 
0.0225838 -0.0134017 -0.0076067 
0.00277518 0.0267504 -0.008 
-0.00903468  0.055 -0.0709682 
-0.0243411 -0.0455366 -0.0451975 
-0.014045 -0.0102082 -0.0588343 
-0.00416532 -0.0275992 -0.008 
-0.026799  0.051 -0.0553689 
0.02125 -0.0232024 -0.00404253 
0.0157906 -0.023727 -0.07941049999999999 
-0.0117628 -0.0534604 -0.07066459999999999 
-0.000862192  0.043 -0.0264957 
-0.0243316 -0.0360338 -0.0074712 
-0.04525 -0.0083853 -0.0482202 
0.00866915 -0.0435564 -0.0576092 
-0.0238803  0.045 -0.0850741 
-0.011303 0.0107535 -0.0216302 
-0.0394345 -0.0170957 -0.008 
-0.0127006 -0.0323212 -0.073146 
-0.0247643 0.0354031 -0.0469889 
-0.0295317 0.0472567 -0.0439003 
-0.00351903 0.0198545 -0.0982953 
-0.0114686 0.013315 -0.004 
-0.0339139 -0.047155 -0.0468549 
0.00807213 -0.0297315 -0.058014 
-0.0193138 -0.0229816 -0.005 
-0.0347219 -0.00547977 -0.0982261 
-0.00612875  0.055 -0.0284858 
-0.0124695 0.0515408 -0.0708492 
-0.00943954 -0.0123686 -0.0730508 
-0.03075 -0.03093 -0.00445134 
0.01525 0.0223243 -0.0324155 
0.00288539 -0.0217211 -0.0834831 
-0.00545216 0.0180655 -0.0259426 
-0.0293163 -0.0380917 -0.0462284 
-0.0234684 0.041758 -0.0110755 
-0.0065743 -0.00542898 -0.0221818 
0.000255585 0.0619 -0.0632635 
0.00180127 0.0247821 -0.0370727 
-0.0465522 -0.0182614 -0.000454488 
-0.0229241 0.0417249 -0.0829149 
-0.016339 -0.0292258 -0.0546116 
-0.0299935 0.0200158 -0.008 
0.00810462   0.05 -0.0605569 
0.00332507 0.018727 -0.0891583 
-0.026947 -0.049 -0.0572561 
-0.00717979 -0.023727 -0.0946775 
-0.0306417 -0.0623232 -0.0504291 
-0.039342 0.046358 -0.0575015 
0.00600469 -0.018727 -0.0810266 
0.00408858 -0.0169807 -0.0381172 
-0.0134767 -0.0615242 -0.0428575 
-0.0262665 -0.0449304 -0.0455226 
-0.0344711 -0.0279374 -0.008 
-0.0487238 -0.00289682 -0.00583444 
-0.026017 -0.0157555 -0.008 
0.019412 -0.00452033 -0.008 
0.00278512 0.0267899 2.37487e-09 
-0.0102165 0.0205447 -0.076741 
-0.0220532 0.0471182 -0.0468846 
0.0203072 0.023727 -0.0310179 
-0.0103375 -0.0471448 -0.037815 
-0.05025 0.00665174 -0.0556003 
-0.0320219 0.0192902 -0.0519381 
-0.0266414 0.0323099 -0.0457279 
0.0192787 0.018727 -0.0508858 
-0.00996328 0.0533109 -0.0608402 
-0.0217537 0.0439824 -0.0204115 
-0.0410304 0.0513423 -0.0457852 
-0.0366031 -0.0088211 -0.000486964 
-0.0122756 -0.00926073 -0.0724918 
0.02125 -0.0219895 -0.022343 
-0.00785131 0.0427135 -0.0786521 
-0.00234265 -0.064 -0.0387692 
-0.0350813 0.0062611 -0.0971022 
0.0261059 -0.000386336 -0.00179663 
-0.0250035 0.030132 -0.0477366 
-0.0110781 0.0589 -0.0492958 
-0.0495754 0.00726138 -0.05893 
-0.00564403 0.0365561 -0.0235558 
-0.0248698 0.034441 -0.0525879 
-0.0119643 -0.0142689 -0.022216 
-0.0126196 -0.0437417 -0.0394633 
-0.0347863 0.0273179 -0.0966322 
-0.0285606 -0.0289553 -0.005 
-0.000976493 0.0145704 -0.008 
0.000783196 -0.0136099 -0.00604076 
-0.00522929 0.0507 -0.0377669 
-0.00173082 -0.0442995 -0.0343712 
-0.0152876   0.05 -0.0252485 
-0.05025 0.0142074 -0.000273564 
-0.0263649 0.0441136 -0.079287 
-0.04525 -0.0109771 -0.06705899999999999 
-0.00421821 -0.0509353 -0.0746695 
0.0129859 -0.0116191 -0.004 
0.00240703 0.00358443 -0.0373493 
0.00683428 -0.0309711 -0.00830616 
-0.0118396 -0.0455146 -0.0721255 
-0.014829   0.05 -0.0796958 
-0.0340997 -0.064 -0.0462537 
-0.0116673 0.0523143 -0.07324369999999999 
0.00901772 0.018727 -0.0854478 
-0.027885 -0.0376227 -0.0539982 
-0.0260593 -0.0491009 -0.0418248 
-0.000274286 0.0571633 -0.0353165 
-0.0399969 0.0177831 -0.00558551 
-0.0240508 -0.0304355 -0.0935576 
-0.0279572 0.0255479   -0.1 
0.00988698 -0.00279155 -0.0544463 
-0.0343643 0.00322172 -0.0982418 
-0.0380725  0.043 -0.040763 
-0.00744429 0.0509855 -0.0742749 
0.0084397 -0.0217454 -0.008 
0.02125 -0.0208751 -0.00538153 
-0.0270584 0.0438737 -0.0572266 
-0.00908807 0.0153884 -0.0269566 
0.0058677 -0.0359935 -0.00339605 
-0.0482827 0.0169078 -0.000105213 
0.0103669 -0.043942 -0.0411623 
-0.05025 -0.000590045 -0.00376783 
-0.0424185 -0.0176162 -0.092 
-0.009125930000000001 -0.064 -0.0485786 
-0.0111323 -0.0485253 -0.0754391 
-0.0108044 0.00699791 -0.0738224 
-0.0206228 -0.043 -0.0310376 
-0.03425 0.00211846 -0.09253790000000001 
0.000911191 -0.0207199 -0.08510330000000001 
-0.008982749999999999  0.045 -0.0153359 
0.00435862  -0.06 -0.0454166 
-0.00436604 0.000138037 -0.0361605 
-0.0311413 -0.053 -0.0570351 
0.00069438 0.0462919 -0.00519576 
-0.00413402 0.0606644 -0.043 
-0.00187014 0.0507 -0.0577336 
-0.0102613 -0.0444099 -0.00340068 
0.00417775 0.060163 -0.0369774 
-0.0292816 0.00685809 -0.0459289 
-0.00660975 -0.0444186 -0.08192869999999999 
-0.00896772 -0.0347527 -0.0230756 
-0.0232512  0.053 -0.0481405 
0.0106326 0.0137986 -0.0516413 
0.0172872 -0.0225698 2.37487e-09 
0.008965580000000001 0.00440837 -0.0077877 
-0.0301846 -0.0047828 -0.0465045 
-0.0240009 -0.041578 -0.0934975 
-0.0405321 -0.0527457 -0.0490671 
-0.0228235 0.0468507 -0.0456948 
0.00972659 -0.043 -0.0559967 
-0.00227106 0.052672 -0.0517321 
-0.0103162 -0.00630344 -0.008 
-0.007843050000000001 -0.00648412 -0.0713468 
-0.0100873  -0.05 -0.0206023 
-0.03425 0.043973 -0.0932798 
0.008093899999999999 -0.012825 -0.0579802 
-0.03425 -0.0423374 -0.008532100000000001 
0.02125 -0.0196633 -0.00799335 
-0.031289 0.0422283 -0.0531996 
-0.0107094 -0.0403773 -0.005 
-0.0144128 -0.0111264 -0.004 
-0.0102308 0.018727 -0.0928022 
0.00654513 -0.047891 -0.0353339 
-0.0182976 0.018727 -0.0966056 
-0.0317111 -0.0376749 -0.000293102 
-0.0313881 0.0486656 -0.0601159 
0.00322075 -0.0189942 -0.09542390000000001 
-0.0108669 -0.04384 -0.0738849 
0.0144076 0.0113298 -0.004 
-0.0107238 0.0486142 -0.0762583 
-0.0131459 -0.0436592 -0.0243201 
-0.009419429999999999  -0.05 -0.0414411 
-0.0274829 0.0365241 -0.005 
0.00749303 -0.0111994 -0.008 
-0.0156276 0.0210424 -0.00207707 
-0.00840343 -0.00517634 -0.00770427 
-0.0132319 0.0224728 -0.00291125 
-0.0245265 -0.0261769 -0.00581181 
-0.0465709 -0.014963 -0.00266836 
-0.04525 -0.00790951 -0.048076 
-0.00976001 -0.00767841 -0.004 
-0.05025 -0.00820971 -0.0817548 
-0.0336255 -0.043 -0.0369444 
-0.00207776 0.0191065 -0.0638464 
-0.0103619 0.0507 -0.0465895 
-0.05025 0.00852401 -0.0193686 
-0.0162322 0.0269339 -0.0549813 
0.0197013 0.023727 -0.0185028 
-0.0076126 0.0609 -0.0572009 
0.0101026 0.0112953 -0.0537165 
0.00466948 0.0619 -0.0409061 
-0.00538836 -0.034104 -0.0254171 
0.01525 -0.0200082 -0.0352833 
-0.0131711 0.00140945 -0.0243868 
-0.00648354 -0.0526652 -0.0239153 
-0.0111746 -0.0485284 -0.0831778 
0.00625267 0.019641 -0.008 
-0.0369561 -0.009174160000000001 -0.09475169999999999 
-0.0106736 -0.0460201 -0.00485523 
-0.0306042 0.0466992 -0.0461023 
-0.0104215 -0.062833 -0.060195 
-0.0173545 -0.0194929 -0.000899267 
-0.0034569 -0.0488 -0.0557548 
-0.024748 0.0312846 -0.0528498 
-0.0352338 -0.053 -0.0443843 
-0.00219928 -0.0494091 -0.07793120000000001 
-0.0215491 0.0409805 -0.0842624 
0.0158071 0.023727 -0.0552446 
-0.0120466 0.0327228 -0.0777852 
-0.0165753 -0.0240437 -0.0538076 
-0.0155206 -0.0260397 -0.0565383 
-0.03072 0.0351197 -0.0531207 
-0.0109254 -0.02681 -0.0739433 
0.00565457 0.00935763 -0.004 
-0.0457574 0.0175868 -0.0977818 
-0.00173855 -0.043 -0.0246357 
-0.00265223 -0.048 -0.0373052 
-0.0139537 0.0589 -0.0505808 
-0.010188 -0.0361624 -0.005 
-0.0115391 -0.0384576 -0.0388465 
-0.0260858 -0.0264368 -0.0533625 
-0.0139721 -0.0429992 -0.0229718 
-0.00535322 0.00426161 -0.0743226 
-0.0118609 -0.0160229 -0.0391253 
-0.00837998 0.0110541 -0.0267669 
0.0111288 0.047354 -0.065237 
-0.0225435 0.0107964 2.37487e-09 
-0.0155458 -0.048 -0.0440422 
-0.0205069 -0.00743482 -0.008 
-0.0168878 0.0179637 -0.0527427 
-0.0189083 0.0179952 -0.00471611 
-0.0198417 -0.0483774 -0.0504593 
0.0104963 -0.018727 -0.0829342 
-0.00811447 0.00986861 -0.07127989999999999 
-0.00437965 0.0214638 -0.0985563 
-0.05025 0.00856345 -0.0627755 
0.00785839 -0.0600217 -0.0443528 
-0.00721834 -0.0230184 2.37487e-09 
-0.00370459 -0.0445383 -0.0318305 
-0.022189 -0.064 -0.0548376 
-0.00589712 -0.0359853 -0.07288840000000001 
0.02125 0.0234137 -0.00388163 
0.00659689 0.0216634 -0.0021083 
-0.00648579 0.0583085 -0.0405537 
-0.041234 -0.053 -0.051076 
-0.0255321 -0.0453544 -0.0458296 
-0.01775 0.0467759 -0.0505799 
-0.008777170000000001 -0.0550654 -0.0522326 
-0.0259308 -0.0259277 -0.0467138 
-0.0256478 -0.0153925 -0.0468206 
-0.0242194 -0.0391588 -0.005 
-0.0130424 -0.0443443 -0.0242254 
-0.0314149 -0.0434607 -0.0602163 
-0.03425 -0.0489449 -0.0205866 
-0.0252757 -0.053 -0.0548457 
-0.00664662 0.0627458 -0.0502691 
-0.0201881  0.045 -0.0195972 
-0.0005326900000000001 0.0507 -0.0544704 
-0.0255234 -0.0447084 -0.0579524 
0.0203006 0.0194467 -0.07274079999999999 
0.0138997 0.023727 -0.0828058 
-0.0198392 -0.064 -0.0430489 
-0.0102447 -0.045 -0.00860295 
-0.0256571 0.00513419 -0.09742149999999999 
-0.0294781 -0.053 -0.0381701 
-0.008268319999999999 0.018727 -0.0946273 
-0.0305274 0.0485613 -0.06961290000000001 
-0.03425 -0.0376774 -0.000906803 
-0.000352264 0.00203248 -0.0636067 
0.02125 -0.020153 -0.0506001 
-0.0459606 0.0125 -0.0431629 
0.008539100000000001 -0.0129141 -0.0572874 
-0.0243474  0.043 -0.0387004 
-0.0136857   0.05 -0.071372 
-0.0327331 0.009397829999999999 -0.0493076 
0.00432464 0.018727 -0.094515 
-0.0278221 -0.064 -0.0583686 
-0.04525 0.008315019999999999 -0.0861431 
-0.0213852 0.0372593 -0.0895306 
-0.0343139 -0.0300371 -0.000959928 
-0.05025 -0.0081175 -0.0368073 
-0.00158235 -0.0452152 -0.0639859 
-0.00551846 -0.0391328 -0.07388690000000001 
0.00180543  -0.05 -0.0600189 
-0.0173675 0.0419311 -0.0825254 
-0.04525 0.011251 -0.06289210000000001 
-0.0125206 -0.045 -0.0073204 
-0.0147469 -0.043 -0.0398308 
-0.0302874   0.05 -0.0359709 
0.00873264 0.0606034 -0.0497692 
-0.0060118 -0.049 -0.0734871 
-0.0251101 -0.043 -0.0378856 
0.00244555 -0.019137 -0.0373669 
-0.0121893 0.00751866 -0.0224153 
0.00883602 -0.0355559 -0.0568254 
-0.0185157 0.0212808 -0.0919759 
-0.0262649 0.0515424 -0.0633157 
-0.030237 -0.00563146 -0.0535732 
0.00509671 0.0198942 -0.004 
-0.0408832 -0.0211304 -0.007977379999999999 
0.0017409 0.0318105 -0.0370451 
0.0192219 0.018727 -0.0311745 
-0.0313486 0.044342 -0.00334039 
0.0147288 -0.0189284 -0.0622922 
-0.0186811 0.0499298 -0.0863462 
-0.0219498 0.0485492 -0.04023 
-0.0475694 -0.0151947 -0.00243661 
-0.00779369 -0.0033482 -0.0286218 
0.00392868 0.0222651 -0.0380442 
-0.0365879 -0.0241941 -0.09675789999999999 
0.009319650000000001 -0.0229535 -0.0764837 
-0.0131784 -0.055 -0.0277253 
-0.05025 -0.0135445 -0.09934030000000001 
-0.0165057 -0.043 -0.0355563 
-0.0488355 0.00533048 -0.0448451 
-0.0267135 -0.0144658 -0.0536686 
0.0100907 -0.0290861 -0.0537524 
-0.00147234  0.043 -0.0734442 
-0.0351257 -0.00971492 2.37487e-09 
-0.00632985 -0.0135217 -0.0364428 
-0.0100939 -0.00140646 -0.0288838 
-0.0309676 0.00491996 2.37487e-09 
-0.00507466   0.05 -0.0223874 
-0.011214 0.0535308 -0.07486569999999999 
0.010648 0.0226416 -0.0493489 
0.0180137 0.018727 -0.0527589 
-0.0125126 -0.0346709 -0.0771101 
-0.04525 0.00762059 -0.0442988 
-0.0273908  0.002 -0.0456929 
-0.0165838 0.00859907 -0.0537808 
-0.00713998 -0.043 -0.06432640000000001 
0.0204645 -0.018727 -0.0139538 
-0.029891 -0.0493316 -0.0106109 
-0.0270615 0.0451923 -0.0402778 
-0.0274548 0.044231 -0.0455228 
-0.0453998 -0.0125 -0.0433869 
-0.05025 0.0100467 -0.0968483 
-0.0240584 0.0272932 -0.09395729999999999 
-0.0312348 -0.0444345 -0.0502333 
-0.0113196 -0.0548014 -0.0771464 
-0.0279957 -0.0586809 -0.0440297 
-0.032724 -0.0444402 -0.0491298 
-0.0262437 -0.0450896 -0.0040146 
-0.00763478 0.00892015 -0.0213981 
0.00780678 -0.0195494 -0.0923683 
-0.0309394 -0.0273657   -0.1 
-0.00693109 -0.0169109 -0.0281691 
-0.0296232 -0.00994302 2.37487e-09 
-0.0252965 -0.0407748 -0.08471579999999999 
0.00795329 -0.0126422 -0.058199 
-0.00529835 0.0388821 -0.0246759 
-0.0042573 0.023727 -0.0896081 
0.0096119 0.0317721 -0.0446169 
-0.0124397 0.0402138 -0.0226372 
-0.00367943 -0.0497788 -0.0682634 
-0.0346497 -0.0277247 -0.00407039 
-0.00739639 -0.0408472 -0.0129274 
-0.0321574 0.0171381 -0.0483683 
-0.024119 0.0380834 -0.0497295 
-0.0328948 -0.00735614 2.37487e-09 
-0.0161613 0.0380692 -0.0447851 
-0.0186978 -0.0466237 -0.032333 
0.00246905 -0.0164887 -0.00416916 
-0.0249161 -0.0617315 -0.0620063 
-0.04525 0.0109363 -0.00360317 
-0.0246654 0.0425872 -0.048298 
-0.00589066 -0.0230669 -0.0729055 
0.019018 0.00445633 -0.008 
-0.0245362 0.0114267 -0.0525283 
-0.0423578 0.0122559 -0.008 
-0.019715 0.0492266 -0.0587461 
-0.00802042 -0.0549416 -0.0222719 
-0.0461335 0.0125 -0.0782042 
-0.0157927 -0.06370149999999999 -0.0507262 
-0.0330444 -0.0438277 -0.0429972 
-0.00110142 -0.0480688 -0.07626570000000001 
-0.0121877 -0.054224 -0.0244468 
0.00325 0.0477879 -0.0126719 
-0.0163754 -0.042 -0.00454525 
-0.0259557 -0.0247206 -0.053711 
-0.0389442 -0.0605727 -0.0564126 
-0.04111 0.0501317 -0.0539728 
-0.0105025 -0.0306061 -0.0287288 
-0.00413991 0.023727 -0.0949468 
-0.0130063 -0.0473952 -0.0759095 
-0.0345512 -0.00440197 -0.09493699999999999 
-0.0067848 -0.000366468 -0.0634918 
-0.0346075 -0.0465128 -0.0679945 
0.009446070000000001 0.0161615 -0.0558761 
-0.008542640000000001 -0.0189818 -0.0211744 
0.00358808 0.0565253 -0.0395632 
-0.0199848 -0.049928 -0.08571860000000001 
0.000806191 -0.0411835 -0.00139775 
0.00740614 0.0297984 -0.0409497 
0.00450344 0.0507 -0.0493148 
-0.0365272 0.048726 -0.0433823 
-0.0216247 -0.0487824 -0.0653837 
-0.00164792 0.0370682 -0.0637901 
0.0232012 -0.0120715 -0.00491775 
-0.0360257 -0.0178975 -0.008 
-0.0249289 0.0264574 -0.005 
-0.0293512 0.0476528 -0.06702619999999999 
-0.00628661 -0.00232704 -0.0224367 
-0.0237529 -0.0508795 -0.0554269 
-0.00702019 0.0389114 -0.0217868 
0.021538 0.00626226 -0.008 
-0.00157833   0.05 -0.0717076 
-0.05025 -0.007819100000000001 -0.0673185 
-0.0253104 0.00778144 2.37487e-09 
0.0106455 0.0244043 -0.0489109 
-0.00604583 0.0279554 -0.0271948 
0.00629816 0.0602748 -0.0572028 
-0.0122316 0.00848059 -0.0775173 
-0.0215161 -0.0526278 -0.0599496 
-0.0233263 0.0470076 -0.0501394 
-0.0174757 -0.043 -0.037037 
-0.0122535 0.0108127 -0.0724722 
0.00362237 -0.048 -0.0456054 
-0.011083 0.0264193 -0.07437680000000001 
-0.00651241 -0.0605432 -0.0620244 
-0.0376729 -0.016203 2.37487e-09 
-0.05025 0.0133753 -0.0957972 
0.00608166 -0.043 -0.0370211 
-0.05025 -0.00808243 -0.0472867 
-0.0182491  0.042 -0.00360424 
-0.0034911 0.05247 -0.0400211 
-0.0349827 0.0137702   -0.1 
0.0101674 0.0499222 -0.0534952 
-0.0255328 0.0142443 -0.005 
0.00536631  0.043 -0.0660654 
0.00417907 0.0401007 -0.008693889999999999 
-0.00520359 0.0534156 -0.0495881 
-0.0305109 -0.0436739 -0.0570106 
-0.0154677  -0.05 -0.0751061 
-0.00554431 -0.0380087 -0.0264682 
-0.034772  -0.05 -0.0583848 
0.0166509 -0.023727 -0.0649568 
-0.016802 0.0447434 -0.0469673 
-0.00193952 -0.0480879 -0.0296848 
-0.0381479 0.0183323 -0.09699919999999999 
-0.00775297 -0.0391042 -0.0631777 
-0.009680100000000001  -0.06 -0.0524604 
-0.019465 -0.064 -0.0471235 
-0.00070362 0.0382859 -0.00434111 
-0.0162839 -0.018727 -0.0939523 
-0.0244759 -0.0267249 -0.092 
-0.0367192 -0.0479603 -0.0384527 
-0.0380504 -0.0214285 -0.092 
0.02125 -0.0195019 -0.064997 
-0.0163306 -0.0448758 -0.0546385 
-0.0231723  -0.05 -0.0613554 
0.00205679 -0.018727 -0.09067939999999999 
-0.0158678 0.0450076 -0.06251180000000001 
-0.0106638 -0.0256152 -0.0736817 
-0.0321787 -0.00557544 -0.047473 
-0.0475909 -0.0125 -0.07945919999999999 
-0.01775 0.0490541 -0.0562444 
-0.034586 -0.00462118 -0.00788757 
-0.0285164  0.043 -0.0307862 
-0.0229775 -0.0462111 -0.0501613 
-0.0227253 -0.0477404 -0.0912839 
-0.0232458 -0.012082 -0.00428855 
-0.0139766 0.0450523 -0.0179617 
-0.0191736  -0.05 -0.0470302 
-0.0315278 -0.0408594 -0.0844424 
-0.0130856 0.00866798 -0.0741612 
-0.0267888 -0.0109611 -0.008 
-0.0258581 -0.0471501 -0.0518045 
-0.00225531 0.0593 -0.0454996 
-0.0294473 -0.0487362 -0.0671699 
-0.0323197 -0.0313435 -0.0504249 
0.0152494 -0.023727 -0.066676 
-0.0326025 0.0461893 -0.0494409 
-0.0316271 0.0123356   -0.1 
-0.00552493 0.0340536 -0.005 
-0.040296 -0.064 -0.0510706 
-0.0293683 -0.053 -0.0601084 
0.0142443 0.0146757 -0.004 
-0.031105 -0.0362689 -7.022760000000001e-05 
-0.0179835 0.0148811 2.37487e-09 
0.00904405 -0.03698 -0.0434983 
-0.0344124 -0.0294748 -0.0987204 
0.025369 -0.00620998 -0.00353084 
-0.0251296  0.045 -0.011249 
-0.00398439  -0.05 -0.0690795 
-0.0167705 0.0438674 -0.008873030000000001 
-0.0241358 0.0434506 -0.0155319 
-0.00756733 0.0374884 -0.0760494 
-0.00388248 -0.0448053 -0.0801703 
-0.0271249 0.0296559 -0.0461677 
-0.0334573 0.040615 -0.08487509999999999 
-0.0304321 0.0420909 -0.0179127 
-0.0387428 -0.0432577 -0.043961 
-0.0109198 0.024048 -0.0260623 
0.0117243 0.0448214 -0.0354971 
-0.0265077 0.0469325 -0.09407169999999999 
-0.000947678  -0.05 -0.06372029999999999 
-0.00653461 -0.0155951 -0.004 
-0.0121582 -0.00362896 -0.0776237 
-0.0130808 -0.00184983 -0.0256713 
-0.0158742  -0.05 -0.0701344 
-0.00728793 0.00398225 -0.0215496 
-0.0124892 0.018791 -0.07714409999999999 
-0.00532794 -0.00898231 -0.0637012 
0.0100251 0.00463203 -0.0539812 
0.00917421  -0.05 -0.0543492 
0.00823583 0.0103892 -0.0422407 
0.0098266 0.018727 -0.0797099 
-0.0110688 -0.0622191 -0.0402657 
-0.0264233 0.0298376 -0.0542548 
-0.04525 0.00898909 -0.0278169 
-0.018874 -0.043 -0.0625115 
-0.0105893 -0.0286465 -0.0786833 
-0.009479319999999999 0.061491 -0.0596037 
-0.04525 0.00946784 -0.0131819 
-0.0345413 0.0471039 -0.0685742 
-0.0243016 -0.0291119 -0.0516254 
0.0123789 0.0209142 -0.008 
-0.0357924 -0.0194609 2.37487e-09 
0.0174403 0.0198174 2.37487e-09 
-0.0317986 0.0344475 -0.0529626 
-0.00115442 0.00262732 -0.0637223 
-0.00653306 0.0528054 -0.0762616 
-0.0253558 -0.050457 -0.0502972 
0.0219498 0.0149584 -0.00233766 
0.02125 -0.0226106 -0.0486999 
-0.0402266 -0.0131829 -0.092 
-0.00742021 -0.000920633 -0.0243648 
-0.0345306 0.0471787 -0.0313326 
0.016299 0.023727 -0.0536077 
-0.0141968 0.048183 -0.041402 
-0.0319764  0.049 -0.0489252 
-0.0219922 0.0525673 -0.0570796 
-0.0130379 -0.0354524 -0.0260242 
-0.0109903  -0.05 -0.0808344 
-0.05025 0.00150571 -0.00188874 
-0.0102435 -0.00354402 -0.0732662 
-0.0170073 0.0448606 -0.0476664 
-0.0105313 -0.023727 -0.09692489999999999 
-0.00798594 0.0248256 -0.000134265 
-0.00543918 0.0609 -0.0406595 
0.0080794 -0.0466831 -0.0376614 
-0.0130237 0.0180392 -0.008 
-0.0320352 0.0205425 -0.0512562 
-0.00103477 -0.045312 -0.0761646 
0.00275431  -0.06 -0.048808 
-0.039524 -0.0141307 -0.0964879 
-0.0171335 -0.0108593 -0.0483707 
-0.0484945 -0.0075 -0.0136275 
0.00521666 -8.50894e-05 -0.0390003 
0.00374115 -0.0442082 -0.00763205 
0.00736531 -0.0199943 -0.004 
-0.00811958 -0.0497484 -0.0266016 
-0.0240528 -0.0571188 -0.0457646 
-0.00303514 -0.048 -0.0412566 
-0.0136838 -0.0185595 -0.008 
0.0129111 0.023727 -0.07075720000000001 
-0.026865 -0.066 -0.0505787 
-0.00617361   0.05 -0.0207634 
-0.0286316 0.0178566 -0.0546313 
-0.016293 0.0482706 -0.0617996 
-0.0298209 0.0272566 -0.0459177 
-0.00409991 0.0544021 -0.0255932 
-0.0259366 -0.00677114 -0.098637 
-0.008479830000000001 -0.0460997 -0.00528938 
-0.0160523 0.0432533 -0.08514430000000001 
-0.0136087 0.0424982 -0.00204372 
-0.009154209999999999 0.0205084 -0.0769743 
-0.008409059999999999 -0.0437875 -0.0712073 
-0.007851510000000001 -0.0248686 -0.00103123 
-0.046285 0.00747504 -0.0871643 
-0.0185195 0.0202775 -0.09197619999999999 
-0.0128029 0.0510733 -0.0713371 
-0.0119775 -0.0545222 -0.0271422 
-0.00653911 0.0563503 -0.06463240000000001 
-0.0295274 0.0160226 -0.0538656 
-0.008986009999999999 -0.0117174 -0.0288838 
-0.0323654 -0.043 -0.0509325 
-0.0231804 0.0441562 -0.0551463 
-0.0465099 0.0075 -0.0865958 
-0.05025 -0.0126214 -0.0911444 
0.0093747 -0.0433871 -0.0396263 
0.0105411 0.0335158 -0.0477814 
-0.0138625  -0.05 -0.0231376 
-0.0154952 -0.0428666 -0.0565778 
-0.0210713 0.0123941 -0.008 
0.00267104 0.0604 -0.0556809 
-0.0356188 -0.0474125 -0.0542265 
0.0195365 -0.0135486 -0.008 
-0.0348489 -0.0212852 -0.008 
-0.00304683 0.0433243 -0.00255807 
-0.0110282 0.0240656 -0.0214383 
0.00139354 -0.0372084 -0.0368864 
0.00153224 0.0491766 -0.0368739 
-0.04525 -0.0183795 -0.00485803 
0.00848135 -0.0616798 -0.0541934 
0.0074212 -0.0256137 -0.0590269 
-0.0290735 -0.0262302 -0.046097 
-0.0226261 -0.00527955 -0.008 
-0.0110008 -0.00947165 -0.07407 
-0.0366425 -0.043692 -0.0503087 
-0.0262168 -0.0184809 -0.0542024 
-0.0336661 -0.043 -0.062459 
-0.0319298  -0.05 -0.0162774 
-0.0285351 -0.00415943 -0.008 
0.00343798 -0.0464411 -0.0281195 
-0.0155267 -0.044308 -0.0434714 
0.00391241 0.0609 -0.0524803 
0.00432337 0.0222038 -0.00388396 
0.023187 -0.0071546 -0.008 
0.0183183 -0.018727 -0.0327057 
-0.0266317 0.0315746 -0.0463484 
-0.04525 0.008627050000000001 -0.0194458 
-0.009357910000000001 -0.0050442 -0.0624448 
-0.0161177 -0.0493608 -0.0335062 
-0.0151624 -0.0162533 -0.0570956 
0.00401311 -0.044623 -0.0314929 
-0.0471851 0.0125 -0.0270063 
-0.05025 0.00794949 -0.0508953 
-0.0249675 0.00961215 -0.0954251 
-0.0113438   0.05 -0.0287781 
-0.0111449 0.018727 -0.092545 
-0.0044471 0.0507 -0.0554291 
0.0199418 -0.023727 -0.0527307 
0.0220772 0.0117869 -0.008 
0.0125541 0.0220328 -0.008 
-0.009097030000000001 0.0475322 -0.0325208 
0.01525 -0.018806 -0.0388762 
0.0155081 0.018727 -0.0212683 
-0.0454897 -0.0157024 -0.00588629 
-0.0379221 -0.0140965 -0.0956399 
0.00240248 0.0477 -0.06363249999999999 
-0.0142146 -0.0420626 -0.0585703 
-0.0120401 -0.06344859999999999 -0.0588402 
-0.009794840000000001 0.0447961 -0.0670611 
-0.0296475 -0.064 -0.0409326 
-0.03425 -0.0323774 -0.00539355 
-0.0130294 -0.0407925 -0.0260945 
-0.00553421 -0.007836620000000001 -0.07384540000000001 
-0.00622609 -0.0435636 -0.07255979999999999 
-0.03425 -0.0339311 -0.09265429999999999 
0.0110488  -0.05 -0.0484632 
0.00103742 0.00980607 -0.0058813 
-0.03121   0.05 -0.0607143 
-0.0295986 -0.0420971 -0.08205 
-0.0103422  -0.05 -0.0605044 
-0.0460102 0.0102071   -0.1 
-0.0288296 0.0395948 -0.045362 
-0.00972395 0.0503784 -0.0610112 
-0.0321921 -0.00755351 -0.0495501 
-0.00227522 0.023727 -0.0890927 
-0.00567317 0.0390583 -0.0734789 
0.0129496 -0.0482663 -0.0489428 
-0.000741495 0.0226563 -0.00358647 
-0.008138309999999999 -0.0548769 -0.0697316 
-0.0329016 -0.0406311 -0.0987584 
-0.0171108 0.0484099 -0.0497762 
-0.0355192 0.0468701 -0.0459622 
-0.0268147 0.0448566 -0.0451483 
-0.0266936 -0.032059 -0.005 
-0.0392473 -0.0514773 -0.0577614 
0.00142263 0.0225703 -1.17881e-05 
-0.0104971 0.0530178 -0.023515 
-0.0291466 0.0165452 -0.0461409 
-0.0338826 -0.0446416 -0.0563221 
-0.0323652 0.0119947 -0.0520171 
-0.05025 0.0102791 -0.00162602 
-0.0392747 -0.0608909 -0.0558019 
-0.0479641 -0.0075 -0.0141318 
-0.00746508  -0.05 -0.033471 
-0.0219306 -0.017338 -0.0930291 
-0.0236771 -0.0491784 -0.08988599999999999 
0.0116896 0.0473116 -0.0498473 
-0.00353772 0.0472441 -0.0639586 
-0.0327494  -0.05 -0.0640512 
-0.0373051 -0.0436474 -0.0392806 
-0.0125136 -0.0462006 -0.057724 
-0.00824679 -0.0375144 -0.07327119999999999 
-0.009082120000000001 -0.037831 -0.0210414 
0.00681638  -0.06 -0.053884 
-0.0304443 -0.0432072 -0.0428466 
0.0091208 0.0458895 -0.0563823 
0.0102195 -0.048 -0.0524142 
-0.0115776 0.0526624 -0.0204569 
-0.0373986 -0.0233834 -0.0943085 
-0.0106497 0.0176295 -0.0236677 
0.00372649 0.029676 2.37487e-09 
-0.0327089  0.043 -0.0500731 
-0.0321261 0.00731898 -0.0491049 
-0.0317978 -0.021929 -0.0528692 
-0.00751906 0.0413043 -0.0367154 
-0.00779463 0.0258838 -0.0262767 
-0.0489645 0.00488984 -0.0453142 
0.02125 -0.0218095 -0.0475103 
-0.00563222 0.0125828 -0.0363425 
-0.0166896 -0.043 -0.0338007 
-0.00767716 0.0542276 -0.0224675 
0.00367979 -0.0376374 -0.0620695 
0.0184638 -0.018727 -0.0755461 
0.00151115  0.043 -0.030593 
-0.0331391 -0.0478111 -0.038545 
-0.00538971 0.0461225 -0.07447860000000001 
-0.00300563 0.019292 -0.0981395 
-0.014782 -0.048 -0.0517138 
-0.04525 0.00305057 -0.0009857519999999999 
-0.0349691 -0.0125733 -0.092 
-0.03425 0.0326736 -0.0965789 
-0.0298835   0.05 -0.0411822 
-0.0087391 0.0230046 -0.09005870000000001 
-0.0324852  -0.05 -0.0744609 
-0.0137483 0.018727 -0.0968107 
0.0184798 0.023727 -0.041486 
-0.04525 0.00218248 -0.0476865 
-0.00407954 0.0547 -0.0503653 
-0.0126099 0.00750219 -0.0769692 
-0.0116982 -0.055 -0.0779646 
-0.0466804 0.0075 -0.0637229 
0.0148773 0.0237809 -0.0069352 
-0.0285668 -0.00972432 -0.092 
0.000516822 0.0111778 -0.0634826 
-0.0496023 -0.0075 -0.0137136 
-0.0255898 0.0084945 2.37487e-09 
-0.0309608 -0.0173165 -0.092 
-0.0428505 -0.0182475   -0.1 
0.0101061 -0.0225415 -0.0537 
-0.009657219999999999 -0.0622039 -0.0393057 
-0.0313415 -0.053 -0.0544563 
-0.0377647 -0.0491542 -0.0497586 
-0.0269398 -0.0272452 -0.008 
-0.00632548   0.05 -0.0216695 
-0.03425 0.0365496 -0.0102155 
0.0192127 0.0167986 -0.00910798 
-0.0476746 -0.0125 -0.0310774 
-0.0307457 -0.0017295 -0.0522854 
-0.0315704  -0.06 -0.0551293 
-0.00746817 -0.0289898 -0.07143919999999999 
0.00688761 -0.0331646 -0.0404482 
0.0053781 0.0611688 -0.0415204 
0.000846579 0.0550618 -0.0356101 
-0.0212087 -0.0456883 -0.0455673 
0.00665704 -0.0315232 -0.0597516 
-0.05025 0.0063997 -0.0478867 
-0.00117236 -0.0227119 -0.0362987 
-0.0123234 0.0616807 -0.0619361 
-0.00643151 0.0356505 -0.0364574 
0.0255192 0.00139942 -0.008 
0.0140963 0.0499758 -0.0381694 
-0.008834470000000001  0.045 -0.0163305 
-0.00182827 -0.0493935 -0.0343451 
-0.0316905  0.049 -0.048119 
0.00406841 0.02429 -0.061892 
-0.000325562 -0.054 -0.0512807 
0.0112526 0.0488705 -0.0650926 
-0.04525 0.0141008 -0.00257952 
0.0163704 0.048913 -0.0429313 
-0.0354447 -0.0188178 -0.00467979 
-0.00605022  0.055 -0.0220224 
-0.00681745  0.055 -0.07131129999999999 
-0.009173270000000001 0.0292505 -0.0210189 
0.0003497 -0.030054 2.37487e-09 
-0.05025 0.00882666 -0.08735329999999999 
-0.0157234 -0.0173335 2.37487e-09 
-0.0332138 -0.053 -0.061969 
-0.0184043 -0.043 -0.0563332 
-0.00579589 -0.0334851 -0.0731554 
-0.0237545 0.0433925 -0.0506799 
-0.007883309999999999 0.0364081 -0.0105908 
-0.0300763 -0.0457866 -0.0539943 
0.01525 0.019389 -0.013171 
-0.0143558 -0.0546912 -0.07647619999999999 
0.00629275 -0.0308043 -0.0399327 
-0.0120952  -0.05 -0.07119159999999999 
-0.0468255 -0.0137247 -0.0903095 
0.0101819 -0.0209729 -0.0534419 
0.0144933  0.043 -0.0592193 
-0.00627473   0.05 -0.0699951 
-0.0342738 0.0303494 -0.00325392 
0.009994329999999999 0.0474208 -0.0572891 
-0.011929 -0.049 -0.0270969 
-0.0339051 0.0499337 -0.0411416 
-0.05025 -0.0115364 -0.0723781 
-0.0298215  0.043 -0.0384619 
0.00788148 -0.023727 -0.0792268 
-0.00988491 -0.0088938 -0.0711565 
-0.0122011 -0.053954 -0.075394 
-0.0243756 0.0243943 -0.092 
-0.0102756 -0.0482965 -0.0408735 
0.0106776 0.00211737 -0.0501455 
-0.04525 0.00635743 -0.00749569 
0.01525 -0.0225573 -0.0115939 
-0.00421267 -0.0330876 -0.0361384 
-0.0241438 -0.00919009 -0.0519647 
-0.0152397 -0.0110229 -0.004 
-0.0431996 0.0206664 -0.0074833 
-0.05025 -0.0109285 -0.08446679999999999 
-0.05025 0.010569 -0.0542815 
0.00416682 0.0257017 -0.061847 
-0.00345247 -0.0324039 -0.0360291 
-0.00793599 0.0273645 -0.076418 
-0.0303987 0.011689 -0.00480507 
-0.0263741 -0.0417473 -0.002161 
-0.0257014 0.01407 -0.0462621 
-0.0206566  0.045 -0.08056779999999999 
-0.0335986 -0.0449185 -0.046363 
-0.01321 -0.0446326 -0.0597057 
-0.0277657 -0.043 -0.0336808 
0.00885991 0.0324202 -0.0567882 
-0.0204974 -0.0450855 -0.0465207 
-0.0146019 -0.0400002 -0.00876366 
-0.0298521 0.00474663 -0.0539377 
-0.0138209 -0.048 -0.0473376 
-0.0139123 -0.0454018 -0.0406925 
-0.0108515 0.019542 -0.07613060000000001 
3 49 78 264 
3 262 782 744 
3 822 262 744 
3 262 822 519 
3 669 197 264 
3 197 330 264 
3 392 782 198 
3 136 833 499 
3 930 164 341 
3 320 777 489 
3 428 49 264 
3 392 902 782 
3 907 467 308 
3 306 181 489 
3 181 320 489 
3 423 262 737 
3 262 423 782 
3 197 423 737 
3 782 423 197 
3 529 519 454 
3 262 751 737 
3 149 662 744 
3 662 822 744 
3 822 662 519 
3 662 228 454 
3 519 662 454 
3 967 662 499 
3 907 662 467 
3 662 967 467 
3 647 902 392 
3 296 893 833 
3 833 893 341 
3 682 930 341 
3 893 682 341 
3 682 893 296 
3 930 682 226 
3 833 523 499 
3 608 523 833 
3 401 833 341 
3 608 401 341 
3 401 608 833 
3 568 608 341 
3 608 568 257 
3 164 568 341 
3 257 568 930 
3 568 164 930 
3 635 669 264 
3 782 635 198 
3 635 885 198 
3 476 377 226 
3 442 930 226 
3 442 257 930 
3 777 753 489 
3 753 306 489 
3 330 706 264 
3 706 428 264 
3 428 706 320 
3 933 428 377 
3 476 933 377 
3 377 185 320 
3 185 428 320 
3 428 185 377 
3 902 387 782 
3 387 902 149 
3 910 136 499 
3 228 279 306 
3 279 608 257 
3 181 279 257 
3 279 181 306 
3 52 228 306 
3 228 52 454 
3 665 52 946 
3 493 907 308 
3 493 662 907 
3 662 493 228 
3 943 377 320 
3 181 943 320 
3 351 529 454 
3 52 351 454 
3 351 52 665 
3 751 579 737 
3 579 197 737 
3 579 330 197 
3 330 579 946 
3 579 665 946 
3 579 351 665 
3 529 579 323 
3 385 529 323 
3 579 385 323 
3 385 579 751 
3 529 385 519 
3 385 262 519 
3 385 751 262 
3 842 910 499 
3 662 842 499 
3 902 858 149 
3 647 858 902 
3 842 858 647 
3 858 662 149 
3 858 842 662 
3 885 531 198 
3 531 392 198 
3 531 647 392 
3 669 712 197 
3 635 712 669 
3 712 635 782 
3 377 117 226 
3 117 442 226 
3 943 117 377 
3 113 753 777 
3 113 777 320 
3 706 113 320 
3 941 476 49 
3 941 933 476 
3 428 941 49 
3 933 941 428 
3 820 149 744 
3 820 387 149 
3 782 820 744 
3 387 820 782 
3 722 279 228 
3 722 493 308 
3 493 722 228 
3 607 52 306 
3 351 987 529 
3 987 579 529 
3 579 987 351 
3 95 842 532 
3 842 95 910 
3 13 682 296 
3 13 421 682 
3 13 103 421 
3 103 13 296 
3 421 1 682 
3 1 421 462 
3 1 939 226 
3 531 447 462 
3 447 1 462 
3 1 447 939 
3 353 531 462 
3 353 103 532 
3 842 353 532 
3 353 842 647 
3 531 353 647 
3 476 598 49 
3 598 939 49 
3 598 476 226 
3 939 598 226 
3 839 782 197 
3 712 839 197 
3 839 712 782 
3 135 943 181 
3 135 117 943 
3 117 135 442 
3 135 181 257 
3 442 135 257 
3 753 873 306 
3 113 873 753 
3 873 3 306 
3 52 705 946 
3 607 705 52 
3 3 170 306 
3 682 709 226 
3 709 1 226 
3 1 709 682 
3 446 531 885 
3 446 447 531 
3 635 446 885 
3 446 78 49 
3 78 446 264 
3 446 635 264 
3 939 446 49 
3 447 446 939 
3 421 889 462 
3 889 353 462 
3 508 607 306 
3 170 508 306 
3 889 25 353 
3 103 25 421 
3 353 25 103 
3 210 889 421 
3 25 210 421 
3 210 25 889 
3 722 523 608 
3 467 722 308 
3 967 722 467 
3 279 722 608 
3 722 967 499 
3 523 722 499 
3 136 103 833 
3 103 296 833 
3 95 103 910 
3 910 103 136 
3 103 95 532 
3 508 113 706 
3 508 330 946 
3 508 706 330 
3 508 705 607 
3 508 873 113 
3 873 508 3 
3 705 508 946 
3 508 170 3 
Vertices and facets:
- p78(v25): 0.021 0.024 -0.051
  neighbors: f95 f553 f554
- p49(v13): 0.018 0.049 -0.05
  neighbors: f95 f213 f469 f471 f525 f526 f553 f556
- p264(v1): 0.026 -0.00039 -0.0018
  neighbors: f95 f159 f162 f213 f329 f347 f348 f554 f555
- p262(v34): -0.0023 -0.064 -0.039
  neighbors: f136 f147 f148 f247 f248 f255 f409 f410
- p782(v20): 0.0085 -0.062 -0.054
  neighbors: f136 f169 f221 f248 f250 f330 f362 f452 f475 f476 f529 f531
- p744(v2): -0.027 -0.066 -0.051
  neighbors: f136 f147 f272 f273 f473 f475
- p822(v36): -0.03 -0.064 -0.041
  neighbors: f147 f148 f273 f274
- p519(v18): -0.03 -0.049 -0.011
  neighbors: f148 f251 f274 f276 f408 f409
- p669(v38): 0.025 -0.0062 -0.0035
  neighbors: f159 f329 f449 f450
- p197(v19): 0.021 -0.023 -0.004
  neighbors: f159 f162 f249 f250 f398 f399 f449 f529 f530
- p330(v39): 0.017 -0.023 2.4e-09
  neighbors: f162 f347 f399 f400 f587 f588
- p392(v40): -0.0022 -0.049 -0.078
  neighbors: f169 f221 f292 f435 f438
- p198(v8): 0.016 -0.024 -0.079
  neighbors: f169 f330 f331 f433 f435
- p136(v41): -0.047 -0.002  -0.1
  neighbors: f175 f367 f579 f583
- p833(v21): -0.046  0.01  -0.1
  neighbors: f175 f297 f298 f317 f318 f319 f321 f579 f580
- p499(v7): -0.05 -0.014 -0.099
  neighbors: f175 f279 f317 f367 f414 f415 f575 f576
- p164(v44): -0.034  0.05 -0.07
  neighbors: f187 f324 f326
- p930(v23): -0.012 0.062 -0.062
  neighbors: f187 f300 f305 f325 f326 f338 f341
- p341(v12): -0.034 0.044 -0.093
  neighbors: f187 f298 f300 f301 f319 f320 f322 f324
- p777(v48): -0.003 0.043 -0.0026
  neighbors: f210 f343 f463 f464
- p320(v27): 0.00069 0.046 -0.0052
  neighbors: f210 f243 f354 f359 f360 f387 f388 f464 f465
- p489(v9): -0.031 0.044 -0.0033
  neighbors: f210 f241 f243 f343 f345
- p428(v49): 0.021 0.023 -0.0039
  neighbors: f213 f348 f354 f356 f360 f361 f471 f472
- p902(v50): -0.012 -0.055 -0.078
  neighbors: f221 f292 f362 f363 f418 f419
- p907(v53): -0.05 -0.0075 -0.014
  neighbors: f230 f280 f383 f385
- p467(v31): -0.05 -0.0081 -0.037
  neighbors: f230 f280 f281 f572 f573
- p308(v15): -0.05 -0.00059 -0.0038
  neighbors: f230 f383 f479 f572
- p181(v55): -0.033 0.049 -0.011
  neighbors: f241 f243 f375 f376 f388 f532 f535
- p306(v32): -0.048 0.017 -0.00011
  neighbors: f241 f345 f371 f376 f377 f484 f537 f540 f545 f562 f563
- p423(v56): 0.0079 -0.06 -0.044
  neighbors: f247 f248 f249 f250
- p737(v10): 0.0037 -0.044 -0.0076
  neighbors: f247 f249 f255 f396 f398
- p529(v57): -0.026 -0.045 -0.004
  neighbors: f251 f390 f403 f405 f408 f485 f486
- p454(v6): -0.034 -0.038 -0.00091
  neighbors: f251 f275 f276 f380 f390 f391
- p751(v58): -0.0085 -0.046 -0.0053
  neighbors: f255 f396 f407 f410
- p662(v61): -0.04 -0.064 -0.051
  neighbors: f272 f273 f274 f275 f276 f279 f280 f281 f385 f386 f415 f421 f422
- p149(v28): -0.029 -0.064 -0.059
  neighbors: f272 f363 f418 f421 f473 f474
- p228(v54): -0.047 -0.018 -0.00045
  neighbors: f275 f371 f377 f380 f386 f478 f480
- p967(v52): -0.05 -0.012 -0.072
  neighbors: f279 f281 f573 f575
- p647(v64): -0.023 -0.048 -0.091
  neighbors: f292 f419 f420 f438 f523 f524
- p893(v65): -0.034 0.033 -0.097
  neighbors: f297 f298 f301 f302
- p296(v42): -0.028 0.026  -0.1
  neighbors: f297 f302 f491 f504 f580
- p682(v66): -0.027 0.047 -0.094
  neighbors: f300 f301 f302 f305 f491 f493 f505 f547 f549
- p226(v5): 0.00026 0.062 -0.063
  neighbors: f305 f336 f338 f453 f454 f508 f527 f528 f547 f548
- p523(v68): -0.05  0.01 -0.097
  neighbors: f317 f318 f571 f576
- p608(v43): -0.05 0.013 -0.096
  neighbors: f318 f320 f321 f322 f323 f374 f571 f574
- p401(v69): -0.046 0.018 -0.098
  neighbors: f319 f320 f321
- p568(v70): -0.041  0.05 -0.054
  neighbors: f322 f323 f324 f325 f326
- p257(v24): -0.041 0.051 -0.046
  neighbors: f323 f325 f341 f374 f375 f535 f536
- p635(v71): 0.021 -0.02 -0.065
  neighbors: f329 f330 f331 f450 f452 f552 f555
- p885(v46): 0.018 -0.019 -0.076
  neighbors: f331 f433 f550 f552
- p476(v72): 0.0087 0.061 -0.05
  neighbors: f336 f358 f469 f470 f525 f527
- p377(v47): 0.0047 0.062 -0.041
  neighbors: f336 f356 f358 f359 f361 f387 f453 f456
- p442(v73): -0.0066 0.063 -0.05
  neighbors: f338 f341 f454 f534 f536
- p753(v74): -0.014 0.042 -0.002
  neighbors: f343 f345 f463 f537 f538
- p706(v75): 0.017  0.02 2.4e-09
  neighbors: f347 f348 f354 f465 f586 f588
- p933(v76): 0.014  0.05 -0.038
  neighbors: f356 f358 f470 f472
- p185(v77): 0.0027  0.05 -0.015
  neighbors: f359 f360 f361
- p387(v78): -0.01 -0.063 -0.06
  neighbors: f362 f363 f474 f476
- p910(v79): -0.043 -0.018  -0.1
  neighbors: f367 f414 f490 f582 f583
- p279(v80): -0.05 0.014 -0.00027
  neighbors: f371 f376 f374 f375 f478 f574
- p52(v81): -0.034 -0.035 -4e-06
  neighbors: f377 f380 f382 f391 f392 f484 f542 f543
- p665(v33): -0.031 -0.036 -7e-05
  neighbors: f382 f392 f401 f402
- p946(v17): 0.00035 -0.03 2.4e-09
  neighbors: f382 f400 f401 f542 f587 f592
- p493(v82): -0.048 -0.015 -0.0024
  neighbors: f383 f385 f386 f479 f480
- p943(v83): -0.0061 0.055 -0.022
  neighbors: f387 f388 f456 f532 f533
- p351(v84): -0.032 -0.038 -0.00029
  neighbors: f390 f391 f392 f402 f485 f487
- p579(v85): 0.00081 -0.041 -0.0014
  neighbors: f396 f398 f399 f400 f401 f402 f403 f406 f407 f486 f487
- p323(v35): -0.01 -0.044 -0.0034
  neighbors: f403 f405 f406
- p385(v86): -0.011 -0.046 -0.0049
  neighbors: f405 f406 f407 f408 f409 f410
- p842(v87): -0.033 -0.041 -0.099
  neighbors: f414 f415 f420 f422 f489 f490 f522 f523
- p858(v88): -0.024 -0.049 -0.09
  neighbors: f418 f419 f420 f421 f422
- p531(v91): 0.0078 -0.02 -0.092
  neighbors: f433 f435 f438 f511 f519 f524 f550 f551
- p712(v94): 0.021 -0.023 -0.049
  neighbors: f449 f450 f452 f530 f531
- p117(v95): 7.5e-05 0.062 -0.042
  neighbors: f453 f454 f456 f533 f534
- p113(v97): 0.0061  0.03 2.4e-09
  neighbors: f463 f464 f465 f538 f586 f590
- p941(v98): 0.016 0.049 -0.043
  neighbors: f469 f470 f471 f472
- p820(v99): -0.012 -0.063 -0.059
  neighbors: f473 f474 f475 f476
- p722(v100): -0.05 0.0015 -0.0019
  neighbors: f478 f479 f480 f571 f572 f573 f574 f575 f576
- p607(v101): -0.038 -0.016 2.4e-09
  neighbors: f484 f543 f562 f589
- p987(v102): -0.026 -0.042 -0.0022
  neighbors: f485 f486 f487
- p95(v103): -0.034 -0.025  -0.1
  neighbors: f489 f490 f582 f584
- p532(v51): -0.031 -0.027  -0.1
  neighbors: f489 f521 f522 f584
- p13(v104): -0.0085 0.024 -0.099
  neighbors: f491 f493 f502 f504
- p421(v90): -0.0044 0.021 -0.099
  neighbors: f493 f502 f505 f507 f558 f566 f568 f569
- p103(v106): -0.014  0.02  -0.1
  neighbors: f502 f504 f521 f566 f567 f579 f580 f582 f583 f584
- p1(v107): -0.0018  0.05 -0.076
  neighbors: f505 f507 f508 f514 f515 f548 f549
- p462(v67): 0.0043 0.019 -0.095
  neighbors: f507 f511 f514 f519 f558 f559
- p939(v93): 0.011 0.049 -0.065
  neighbors: f508 f515 f526 f528 f556 f557
- p447(v108): 0.014 0.024 -0.083
  neighbors: f511 f514 f515 f551 f557
- p353(v109): 0.0032 -0.019 -0.095
  neighbors: f519 f521 f522 f523 f524 f559 f565 f567
- p598(v110): 0.0063  0.06 -0.057
  neighbors: f525 f526 f527 f528
- p839(v111): 0.013 -0.048 -0.049
  neighbors: f529 f530 f531
- p135(v112): -0.0096  0.06 -0.036
  neighbors: f532 f533 f534 f535 f536
- p873(v113): 0.0037  0.03 2.4e-09
  neighbors: f537 f538 f540 f590 f591
- p3(v62): -0.019 0.015 2.4e-09
  neighbors: f540 f545 f591 f593
- p705(v114): -0.036 -0.019 2.4e-09
  neighbors: f542 f543 f589 f592
- p170(v115): -0.03 0.0069 2.4e-09
  neighbors: f545 f563 f593
- p709(v116): -0.0065 0.053 -0.076
  neighbors: f547 f548 f549
- p446(v117):  0.02 0.019 -0.073
  neighbors: f550 f551 f552 f553 f554 f555 f556 f557
- p889(v118): -0.003 0.019 -0.098
  neighbors: f558 f559 f565 f568 f570
- p508(v119): -0.031 0.0049 2.4e-09
  neighbors: f562 f563 f586 f587 f588 f589 f590 f591 f592 f593
- p25(v120): -0.0038 0.019 -0.098
  neighbors: f565 f566 f567 f569 f570
- p210(v121): -0.0035  0.02 -0.098
  neighbors: f568 f569 f570
- f95
    - flags: bottom simplicial
    - normal:     0.991   0.1266 -0.04408
    - offset: -0.02590059
    - vertices: p78(v25) p49(v13) p264(v1)
    - neighboring facets: f213 f554 f553
- f136
    - flags: top simplicial
    - normal:    0.1141  -0.9911 -0.06903
    - offset: -0.06583759
    - vertices: p262(v34) p782(v20) p744(v2)
    - neighboring facets: f475 f147 f248
- f147
    - flags: top simplicial
    - normal:  -0.01574  -0.9799   0.1986
    - offset: -0.05505232
    - center: -0.01961838333333333 -0.06466666666666666 -0.04342683333333333 
    - vertices: p822(v36) p262(v34) p744(v2)
    - neighboring facets: f136 f273 f148
- f148
    - flags: bottom simplicial
    - normal:  -0.03447  -0.8998    0.435
    - offset: -0.04080171
    - center: -0.02062705 -0.05911053333333333 -0.03010423333333333 
    - vertices: p822(v36) p262(v34) p519(v18)
    - neighboring facets: f409 f274 f147
- f159
    - flags: top simplicial
    - normal:    0.8935  -0.2282   0.3868
    - offset: -0.02271873
    - vertices: p669(v38) p197(v19) p264(v1)
    - neighboring facets: f162 f329 f449
- f162
    - flags: bottom simplicial
    - normal:    0.6807  -0.2138   0.7007
    - offset: -0.01659295
    - center: 0.0215477 -0.01538617866666667 -0.001946385875043333 
    - vertices: p330(v39) p197(v19) p264(v1)
    - neighboring facets: f159 f347 f399
- f169
    - flags: top simplicial
    - normal:     0.665  -0.4979  -0.5566
    - offset: -0.06651583
    - vertices: p392(v40) p782(v20) p198(v8)
    - neighboring facets: f330 f435 f221
- f175
    - flags: top simplicial seen
    - normal:   -0.3789  0.04195  -0.9245
    - offset:   -0.11031
    - center: -0.04787556666666667 -0.001792909999999999 -0.09978010000000001 
    - vertices: p136(v41) p833(v21) p499(v7)
    - neighboring facets: f317 f367 f579
    - ridges:
- f187
    - flags: bottom simplicial
    - normal:   -0.4108   0.8864  -0.2134
    - offset: -0.0729508
    - vertices: p164(v44) p930(v23) p341(v12)
    - neighboring facets: f300 f324 f326
- f210
    - flags: bottom simplicial
    - normal:  0.003096   0.6622   0.7494
    - offset: -0.02676093
    - center: -0.01123368333333333 0.04465273333333333 -0.003698073333333335 
    - vertices: p777(v48) p320(v27) p489(v9)
    - neighboring facets: f243 f343 f464
- f213
    - flags: top simplicial
    - normal:    0.9785   0.2029  0.03692
    - offset: -0.02540012
    - center: 0.02165393333333333 0.02413472133333333 -0.01854998666666667 
    - vertices: p428(v49) p49(v13) p264(v1)
    - neighboring facets: f95 f348 f471
- f221
    - flags: bottom simplicial
    - normal:    0.4221  -0.7138  -0.5589
    - offset: -0.07789395
    - vertices: p902(v50) p392(v40) p782(v20)
    - neighboring facets: f169 f362 f292
- f230
    - flags: top simplicial tested seen
    - normal:   -0.9899  -0.1381  0.03146
    - offset: -0.0497066
    - center: -0.0500341 -0.005402515 -0.01809624333333333 
    - vertices: p907(v53) p467(v31) p308(v15)
    - neighboring facets: f572 f383 f280
    - ridges:
- f241
    - flags: bottom simplicial
    - normal:   -0.7316   0.5055   0.4573
    - offset: -0.04382495
    - center: -0.03745666666666667 0.0369063 -0.004892601 
    - vertices: p181(v55) p306(v32) p489(v9)
    - neighboring facets: f345 f243 f376
- f243
    - flags: top simplicial
    - normal:  -0.01925   0.8369   0.5471
    - offset: -0.03588404
    - vertices: p181(v55) p320(v27) p489(v9)
    - neighboring facets: f210 f241 f388
- f247
    - flags: top simplicial
    - normal:    0.5113   -0.767   0.3876
    - offset: -0.03286264
    - vertices: p423(v56) p262(v34) p737(v10)
    - neighboring facets: f255 f249 f248
- f248
    - flags: bottom simplicial
    - normal:    0.4399  -0.8806   0.1762
    - offset: -0.04849565
    - vertices: p423(v56) p262(v34) p782(v20)
    - neighboring facets: f136 f250 f247
- f249
    - flags: bottom simplicial
    - normal:    0.6891  -0.6343   0.3504
    - offset: -0.02794424
    - center: 0.01094984666666667 -0.04247743333333334 -0.01867579333333333 
    - vertices: p423(v56) p197(v19) p737(v10)
    - neighboring facets: f398 f247 f250
- f250
    - flags: bottom simplicial
    - normal:    0.8753  -0.4647   0.1337
    - offset: -0.02884258
    - vertices: p423(v56) p782(v20) p197(v19)
    - neighboring facets: f529 f249 f248
- f251
    - flags: top simplicial
    - normal:   -0.3741   -0.672    0.639
    - offset: -0.03755519
    - center: -0.03012823333333333 -0.04403286666666667 -0.005177434333333332 
    - vertices: p529(v57) p519(v18) p454(v6)
    - neighboring facets: f276 f390 f408
- f255
    - flags: bottom simplicial
    - normal:    0.2244  -0.8417   0.4911
    - offset: -0.03429994
    - center: -0.002360443333333332 -0.05143596666666667 -0.01723021 
    - vertices: p751(v58) p262(v34) p737(v10)
    - neighboring facets: f247 f396 f410
- f272
    - flags: bottom simplicial tested
    - normal:   -0.1372  -0.9702  -0.1998
    - offset: -0.0778231
    - center: -0.03194516666666666 -0.06466666666666666 -0.0535657 
    - vertices: p662(v61) p149(v28) p744(v2)
    - neighboring facets: f473 f273 f421
- f273
    - flags: top simplicial tested
    - normal:   -0.1511  -0.9757   0.1587
    - offset: -0.06042776
    - center: -0.0322695 -0.06466666666666668 -0.0475273 
    - vertices: p662(v61) p822(v36) p744(v2)
    - neighboring facets: f147 f272 f274
- f274
    - flags: bottom simplicial tested
    - normal:    -0.381  -0.8335   0.4002
    - offset: -0.04825987
    - center: -0.03327816666666666 -0.05911053333333333 -0.0342047 
    - vertices: p662(v61) p822(v36) p519(v18)
    - neighboring facets: f148 f276 f273
- f275
    - flags: top simplicial tested
    - normal:   -0.7844  -0.5054   0.3597
    - offset: -0.0455787
    - center: -0.04036606666666668 -0.0399796 -0.01747729699999999 
    - vertices: p662(v61) p228(v54) p454(v6)
    - neighboring facets: f380 f276 f386
- f276
    - flags: bottom simplicial tested
    - normal:   -0.7025  -0.5919   0.3952
    - offset: -0.04600157
    - center: -0.03481233333333333 -0.05033633333333334 -0.02086276766666667 
    - vertices: p662(v61) p519(v18) p454(v6)
    - neighboring facets: f251 f275 f274
- f279
    - flags: bottom simplicial tested seen
    - normal:   -0.9834  -0.1811  0.01349
    - offset: -0.05052746
    - center: -0.04693199999999999 -0.02969363333333333 -0.07426300000000001 
    - vertices: p662(v61) p967(v52) p499(v7)
    - neighboring facets: f575 f415 f281
    - ridges:
- f280
    - flags: bottom simplicial tested
    - normal:   -0.9825  -0.1833  0.03246
    - offset: -0.04966495
    - center: -0.0467161 -0.02653916666666667 -0.03386383333333334 
    - vertices: p662(v61) p907(v53) p467(v31)
    - neighboring facets: f230 f281 f385
- f281
    - flags: top simplicial tested seen
    - normal:   -0.9836  -0.1796  0.01726
    - offset: -0.0502478
    - center: -0.046932 -0.02788463333333334 -0.05341866666666667 
    - vertices: p662(v61) p967(v52) p467(v31)
    - neighboring facets: f573 f280 f279
    - ridges:
- f292
    - flags: top simplicial
    - normal:    0.3805  -0.6425  -0.6652
    - offset: -0.08274528
    - vertices: p647(v64) p902(v50) p392(v40)
    - neighboring facets: f221 f438 f419
- f297
    - flags: bottom simplicial tested seen
    - normal:   -0.2193   0.2581  -0.9409
    - offset: -0.1068149
    - center: -0.03607246666666667 0.02280953333333333 -0.09885963333333334 
    - vertices: p893(v65) p296(v42) p833(v21)
    - neighboring facets: f580 f298 f302
    - ridges:
- f298
    - flags: bottom simplicial tested
    - normal:   -0.2482   0.2715  -0.9299
    - offset: -0.1071786
    - center: -0.03817006666666667 0.02895123333333333 -0.09661956666666666 
    - vertices: p893(v65) p833(v21) p341(v12)
    - neighboring facets: f319 f301 f297
- f300
    - flags: top simplicial
    - normal:   -0.3679    0.896  -0.2488
    - offset: -0.07520617
    - vertices: p682(v66) p930(v23) p341(v12)
    - neighboring facets: f187 f301 f305
- f301
    - flags: bottom simplicial
    - normal:   -0.2011   0.2745  -0.9403
    - offset: -0.1066725
    - vertices: p682(v66) p893(v65) p341(v12)
    - neighboring facets: f298 f300 f302
- f302
    - flags: top simplicial
    - normal:   -0.2007   0.2743  -0.9405
    - offset: -0.1066652
    - center: -0.02957163333333334 0.03505133333333334 -0.09688353333333334 
    - vertices: p682(v66) p893(v65) p296(v42)
    - neighboring facets: f297 f491 f301
- f305
    - flags: bottom simplicial
    - normal:  -0.05769   0.9168  -0.3953
    - offset: -0.0817382
    - vertices: p682(v66) p930(v23) p226(v5)
    - neighboring facets: f338 f547 f300
- f317
    - flags: bottom simplicial tested seen
    - normal:   -0.5965  0.08431  -0.7982
    - offset: -0.1081225
    - center: -0.04883673333333332 0.002236433333333332 -0.09872953333333331 
    - vertices: p523(v68) p833(v21) p499(v7)
    - neighboring facets: f175 f576 f318
    - ridges:
- f318
    - flags: bottom simplicial tested seen
    - normal:   -0.5844   0.2443  -0.7738
    - offset: -0.1067617
    - center: -0.04883673333333334 0.0112097 -0.09754850000000001 
    - vertices: p523(v68) p608(v43) p833(v21)
    - neighboring facets: f321 f317 f571
    - ridges:
- f319
    - flags: top simplicial
    - normal:    -0.295   0.2843  -0.9122
    - offset: -0.1076972
    - vertices: p401(v69) p833(v21) p341(v12)
    - neighboring facets: f298 f320 f321
- f320
    - flags: bottom simplicial
    - normal:   -0.6551   0.3955  -0.6437
    - offset: -0.09987494
    - vertices: p401(v69) p608(v43) p341(v12)
    - neighboring facets: f322 f319 f321
- f321
    - flags: top simplicial
    - normal:   -0.5793   0.2528  -0.7749
    - offset: -0.1067271
    - vertices: p401(v69) p608(v43) p833(v21)
    - neighboring facets: f318 f319 f320
- f322
    - flags: top simplicial
    - normal:   -0.8563   0.4661  -0.2225
    - offset: -0.07057609
    - vertices: p568(v70) p608(v43) p341(v12)
    - neighboring facets: f320 f324 f323
- f323
    - flags: bottom simplicial
    - normal:   -0.9611   0.2745 -0.03125
    - offset: -0.05495933
    - center: -0.04413013333333334 0.03828310000000001 -0.06518506666666667 
    - vertices: p568(v70) p608(v43) p257(v24)
    - neighboring facets: f374 f325 f322
- f324
    - flags: bottom simplicial
    - normal:   -0.4244   0.8803   -0.212
    - offset: -0.07301982
    - vertices: p568(v70) p164(v44) p341(v12)
    - neighboring facets: f187 f322 f326
- f325
    - flags: bottom simplicial
    - normal:      -0.4   0.9072  -0.1302
    - offset: -0.06895405
    - vertices: p568(v70) p257(v24) p930(v23)
    - neighboring facets: f341 f326 f323
- f326
    - flags: top simplicial
    - normal:   -0.4131   0.8867  -0.2075
    - offset: -0.07263669
    - vertices: p568(v70) p164(v44) p930(v23)
    - neighboring facets: f187 f325 f324
- f329
    - flags: top simplicial
    - normal:    0.9927  -0.1131 -0.04207
    - offset: -0.02603445
    - vertices: p635(v71) p669(v38) p264(v1)
    - neighboring facets: f159 f555 f450
- f330
    - flags: bottom simplicial
    - normal:    0.9087  -0.3379  -0.2451
    - offset: -0.04183286
    - vertices: p635(v71) p782(v20) p198(v8)
    - neighboring facets: f169 f331 f452
- f331
    - flags: top simplicial
    - normal:    0.9205  -0.2879  -0.2643
    - offset: -0.0423508
    - vertices: p635(v71) p885(v46) p198(v8)
    - neighboring facets: f433 f330 f552
- f336
    - flags: top simplicial
    - normal:    0.2175   0.9751 -0.04294
    - offset: -0.06313175
    - vertices: p476(v72) p377(v47) p226(v5)
    - neighboring facets: f453 f527 f358
- f338
    - flags: top simplicial
    - normal:  -0.02566   0.9966  -0.0785
    - offset: -0.06664792
    - vertices: p442(v73) p930(v23) p226(v5)
    - neighboring facets: f305 f454 f341
- f341
    - flags: top simplicial
    - normal:   -0.3068   0.9497  0.06258
    - offset: -0.05848351
    - vertices: p442(v73) p257(v24) p930(v23)
    - neighboring facets: f325 f338 f536
- f343
    - flags: bottom simplicial
    - normal:  -0.002992   0.5558   0.8313
    - offset: -0.02196356
    - center: -0.01600137666666666 0.04338816666666667 -0.002647393333333332 
    - vertices: p753(v74) p777(v48) p489(v9)
    - neighboring facets: f210 f345 f463
- f345
    - flags: top simplicial
    - normal:  -0.05642   0.1512   0.9869
    - offset: -0.005176805
    - center: -0.03108 0.03458266666666667 -0.001829774333333334 
    - vertices: p753(v74) p306(v32) p489(v9)
    - neighboring facets: f241 f343 f537
- f347
    - flags: bottom simplicial tested seen
    - normal:    0.2014 -0.0007274   0.9795
    - offset: -0.003497812
    - center: 0.0202778 -0.001046245333333334 -0.0005988750834199993 
    - vertices: p706(v75) p330(v39) p264(v1)
    - neighboring facets: f162 f348 f588
    - ridges:
- f348
    - flags: top simplicial tested
    - normal:    0.6061   0.1913   0.7721
    - offset: -0.01436093
    - center: 0.02159873333333334 0.014281588 -0.001892752541709997 
    - vertices: p706(v75) p428(v49) p264(v1)
    - neighboring facets: f213 f347 f354
- f354
    - flags: bottom simplicial tested
    - normal:    0.4193   0.4229   0.8033
    - offset: -0.01569333
    - center: 0.01312822666666666 0.029841 -0.003025795875043335 
    - vertices: p706(v75) p428(v49) p320(v27)
    - neighboring facets: f360 f465 f348
- f356
    - flags: top simplicial
    - normal:    0.6972   0.6298   0.3424
    - offset: -0.02823248
    - vertices: p933(v76) p428(v49) p377(v47)
    - neighboring facets: f361 f358 f472
- f358
    - flags: bottom simplicial
    - normal:     0.733   0.6353   0.2431
    - offset: -0.03280273
    - vertices: p933(v76) p476(v72) p377(v47)
    - neighboring facets: f336 f356 f470
- f359
    - flags: bottom simplicial
    - normal:    0.5298   0.7539   0.3885
    - offset: -0.03324939
    - vertices: p185(v77) p377(v47) p320(v27)
    - neighboring facets: f387 f360 f361
- f360
    - flags: top simplicial
    - normal:    0.6793   0.6318   0.3734
    - offset: -0.02777708
    - vertices: p185(v77) p428(v49) p320(v27)
    - neighboring facets: f354 f359 f361
- f361
    - flags: bottom simplicial
    - normal:    0.6956   0.6307   0.3441
    - offset: -0.02821227
    - vertices: p185(v77) p428(v49) p377(v47)
    - neighboring facets: f356 f359 f360
- f362
    - flags: bottom simplicial
    - normal:     0.184  -0.8945  -0.4075
    - offset:  -0.078816
    - vertices: p387(v78) p902(v50) p782(v20)
    - neighboring facets: f221 f476 f363
- f363
    - flags: top simplicial
    - normal:   0.03295  -0.9137  -0.4051
    - offset: -0.0814514
    - vertices: p387(v78) p902(v50) p149(v28)
    - neighboring facets: f418 f474 f362
- f367
    - flags: top simplicial tested seen
    - normal:   -0.1077    -0.03  -0.9937
    - offset: -0.1045344
    - center: -0.04682233333333333 -0.01127777666666667 -0.09978010000000001 
    - vertices: p910(v79) p136(v41) p499(v7)
    - neighboring facets: f175 f414 f583
    - ridges:
- f371
    - flags: bottom simplicial tested
    - normal:  -0.06723 -0.01322   0.9976
    - offset: -0.002917747
    - center: -0.04836163333333334 0.0042846 -0.000277755000000001 
    - vertices: p279(v80) p228(v54) p306(v32)
    - neighboring facets: f377 f376 f478
- f374
    - flags: top simplicial tested seen
    - normal:   -0.9711   0.2386 -0.002078
    - offset: -0.05218894
    - center: -0.0471768 0.02630833333333334 -0.04728532133333333 
    - vertices: p279(v80) p608(v43) p257(v24)
    - neighboring facets: f323 f375 f574
    - ridges:
- f375
    - flags: bottom simplicial tested
    - normal:   -0.8418   0.4891   0.2285
    - offset: -0.04918545
    - center: -0.0413397 0.0383396 -0.019096988 
    - vertices: p279(v80) p181(v55) p257(v24)
    - neighboring facets: f535 f374 f376
- f376
    - flags: top simplicial tested
    - normal:   -0.7328   0.5055   0.4555
    - offset: -0.04388124
    - center: -0.04375713333333333 0.02686143333333334 -0.003870325666666665 
    - vertices: p279(v80) p181(v55) p306(v32)
    - neighboring facets: f241 f371 f375
- f377
    - flags: top simplicial tested
    - normal:  -0.05147 -0.01245   0.9986
    - offset: -0.002169425
    - center: -0.04285603333333334 -0.0121575 -0.0001878892399999999 
    - vertices: p52(v81) p228(v54) p306(v32)
    - neighboring facets: f371 f484 f380
- f380
    - flags: bottom simplicial tested
    - normal:   -0.3556  -0.2463   0.9016
    - offset: -0.02064274
    - center: -0.03817846666666667 -0.03035256666666667 -0.0004550859066666637 
    - vertices: p52(v81) p228(v54) p454(v6)
    - neighboring facets: f275 f391 f377
- f382
    - flags: bottom simplicial tested
    - normal:  0.006299 -0.04317    0.999
    - offset: -0.001299586
    - center: -0.02149616666666667 -0.03381393333333333 -2.473064837666644e-05 
    - vertices: p52(v81) p665(v33) p946(v17)
    - neighboring facets: f401 f542 f392
- f383
    - flags: top simplicial
    - normal:   -0.9829  -0.1751  0.05767
    - offset: -0.04927439
    - center: -0.04914056666666667 -0.007761581666666667 -0.006639346666666666 
    - vertices: p493(v82) p907(v53) p308(v15)
    - neighboring facets: f230 f479 f385
- f385
    - flags: top simplicial
    - normal:   -0.9804  -0.1918  0.04586
    - offset: -0.04943784
    - vertices: p493(v82) p662(v61) p907(v53)
    - neighboring facets: f280 f383 f386
- f386
    - flags: bottom simplicial
    - normal:   -0.9623    -0.25    0.107
    - offset: -0.04931484
    - center: -0.04480586666666667 -0.03248536666666667 -0.01798723266666667 
    - vertices: p493(v82) p662(v61) p228(v54)
    - neighboring facets: f275 f480 f385
- f387
    - flags: top simplicial
    - normal:    0.1416   0.9012   0.4096
    - offset: -0.03968789
    - vertices: p943(v83) p377(v47) p320(v27)
    - neighboring facets: f359 f388 f456
- f388
    - flags: bottom simplicial
    - normal:  0.001525   0.8884   0.4591
    - offset: -0.03873963
    - vertices: p943(v83) p181(v55) p320(v27)
    - neighboring facets: f243 f387 f532
- f390
    - flags: top simplicial
    - normal:   -0.1955  -0.5513   0.8111
    - offset: -0.02673111
    - center: -0.03073493333333334 -0.0401473 -0.001738168333333333 
    - vertices: p351(v84) p529(v57) p454(v6)
    - neighboring facets: f251 f391 f485
- f391
    - flags: bottom simplicial
    - normal:   -0.2251  -0.2835   0.9322
    - offset: -0.01754386
    - vertices: p351(v84) p52(v81) p454(v6)
    - neighboring facets: f380 f390 f392
- f392
    - flags: top simplicial
    - normal:  -0.03675   -0.141   0.9893
    - offset: -0.00618688
    - center: -0.0321831 -0.03635423333333333 -0.0001224321066666658 
    - vertices: p351(v84) p52(v81) p665(v33)
    - neighboring facets: f382 f402 f391
- f396
    - flags: bottom simplicial tested
    - normal:    0.2261  -0.8303   0.5093
    - offset: -0.03366644
    - center: -0.001310829666666666 -0.04383046666666667 -0.004773059999999999 
    - vertices: p579(v85) p751(v58) p737(v10)
    - neighboring facets: f255 f398 f407
- f398
    - flags: top simplicial tested
    - normal:    0.5868  -0.5848     0.56
    - offset: -0.0237757
    - center: 0.008599113666666667 -0.03619803333333333 -0.004357443333333332 
    - vertices: p579(v85) p197(v19) p737(v10)
    - neighboring facets: f249 f396 f399
- f399
    - flags: top simplicial tested
    - normal:     0.557  -0.5405   0.6306
    - offset: -0.02182782
    - center: 0.01311446366666667 -0.02898523333333333 -0.001813425875043333 
    - vertices: p579(v85) p330(v39) p197(v19)
    - neighboring facets: f162 f398 f400
- f400
    - flags: bottom simplicial tested seen
    - normal:   0.05402  -0.1222    0.991
    - offset: -0.00369292
    - center: 0.006147697000000001 -0.0312691 -0.0004659150834200002 
    - vertices: p579(v85) p330(v39) p946(v17)
    - neighboring facets: f587 f401 f399
    - ridges:
- f401
    - flags: top simplicial tested
    - normal:   0.02222  -0.1237   0.9921
    - offset: -0.003724937
    - center: -0.009983036333333332 -0.03583546666666667 -0.000489325075043334 
    - vertices: p579(v85) p665(v33) p946(v17)
    - neighboring facets: f382 f400 f402
- f402
    - flags: top simplicial tested
    - normal:    0.0159  -0.1632   0.9865
    - offset: -0.005356143
    - center: -0.02066996966666667 -0.03837576666666666 -0.0005870265333333333 
    - vertices: p579(v85) p351(v84) p665(v33)
    - neighboring facets: f392 f401 f487
- f403
    - flags: bottom simplicial tested
    - normal:   -0.0122  -0.4968   0.8678
    - offset: -0.01923882
    - center: -0.011899603 -0.043561 -0.002937676666666666 
    - vertices: p579(v85) p529(v57) p323(v35)
    - neighboring facets: f405 f406 f486
- f405
    - flags: top simplicial
    - normal:  3.605e-06  -0.6703   0.7421
    - offset: -0.0272458
    - vertices: p385(v86) p529(v57) p323(v35)
    - neighboring facets: f403 f406 f408
- f406
    - flags: bottom simplicial
    - normal:   0.06517   -0.678   0.7321
    - offset: -0.02695339
    - vertices: p385(v86) p579(v85) p323(v35)
    - neighboring facets: f403 f405 f407
- f407
    - flags: top simplicial
    - normal:    0.1064  -0.7329    0.672
    - offset: -0.02932955
    - vertices: p385(v86) p579(v85) p751(v58)
    - neighboring facets: f396 f410 f406
- f408
    - flags: bottom simplicial
    - normal:  -0.02032  -0.8358   0.5487
    - offset: -0.03601488
    - vertices: p385(v86) p529(v57) p519(v18)
    - neighboring facets: f251 f409 f405
- f409
    - flags: top simplicial
    - normal:   0.01112  -0.8823   0.4705
    - offset: -0.03820159
    - vertices: p385(v86) p262(v34) p519(v18)
    - neighboring facets: f148 f408 f410
- f410
    - flags: top simplicial
    - normal:   0.06314  -0.8752   0.4795
    - offset: -0.03727681
    - vertices: p385(v86) p751(v58) p262(v34)
    - neighboring facets: f255 f409 f407
- f414
    - flags: top simplicial tested
    - normal:   -0.1694  -0.1295   -0.977
    - offset: -0.1073223
    - center: -0.0420007 -0.02414103333333333 -0.09936623333333332 
    - vertices: p842(v87) p910(v79) p499(v7)
    - neighboring facets: f367 f415 f490
- f415
    - flags: bottom simplicial tested
    - normal:    -0.779  -0.5069  -0.3692
    - offset: -0.0826821
    - center: -0.0411492 -0.03939186666666666 -0.08305643333333333 
    - vertices: p842(v87) p662(v61) p499(v7)
    - neighboring facets: f279 f414 f422
- f418
    - flags: bottom simplicial
    - normal:  -0.005951  -0.9009   -0.434
    - offset: -0.08345353
    - vertices: p858(v88) p902(v50) p149(v28)
    - neighboring facets: f363 f421 f419
- f419
    - flags: bottom simplicial
    - normal:    0.2417  -0.7539   -0.611
    - offset: -0.08626963
    - vertices: p858(v88) p647(v64) p902(v50)
    - neighboring facets: f292 f418 f420
- f420
    - flags: bottom simplicial
    - normal:    0.0268  -0.7059  -0.7079
    - offset: -0.09770412
    - center: -0.02643466666666667 -0.04584996666666666 -0.09330943333333333 
    - vertices: p858(v88) p842(v87) p647(v64)
    - neighboring facets: f523 f419 f422
- f421
    - flags: top simplicial
    - normal:   -0.3104  -0.8362  -0.4522
    - offset: -0.08911593
    - vertices: p858(v88) p662(v61) p149(v28)
    - neighboring facets: f272 f418 f422
- f422
    - flags: top simplicial
    - normal:   -0.3278  -0.8273  -0.4562
    - offset: -0.08945454
    - vertices: p858(v88) p842(v87) p662(v61)
    - neighboring facets: f415 f421 f420
- f433
    - flags: bottom simplicial
    - normal:     0.845 -0.03953  -0.5334
    - offset: -0.05663478
    - vertices: p531(v91) p885(v46) p198(v8)
    - neighboring facets: f331 f435 f550
- f435
    - flags: top simplicial
    - normal:    0.6596  -0.4946  -0.5659
    - offset: -0.06708982
    - vertices: p531(v91) p392(v40) p198(v8)
    - neighboring facets: f169 f433 f438
- f438
    - flags: top simplicial
    - normal:     0.441  -0.5061  -0.7412
    - offset: -0.0817985
    - center: -0.005705933333333346 -0.03889963333333332 -0.08719446666666666 
    - vertices: p531(v91) p647(v64) p392(v40)
    - neighboring facets: f292 f435 f524
- f449
    - flags: bottom simplicial
    - normal:    0.9719  -0.2355 -0.003121
    - offset: -0.02612882
    - vertices: p712(v94) p669(v38) p197(v19)
    - neighboring facets: f159 f530 f450
- f450
    - flags: bottom simplicial
    - normal:    0.9862  -0.1624 -0.03098
    - offset: -0.02613773
    - vertices: p712(v94) p635(v71) p669(v38)
    - neighboring facets: f329 f449 f452
- f452
    - flags: top simplicial
    - normal:    0.9513  -0.3028 -0.05776
    - offset: -0.02987421
    - vertices: p712(v94) p635(v71) p782(v20)
    - neighboring facets: f330 f531 f450
- f453
    - flags: bottom simplicial
    - normal:    0.1368   0.9902   -0.027
    - offset: -0.06303873
    - vertices: p117(v95) p377(v47) p226(v5)
    - neighboring facets: f336 f454 f456
- f454
    - flags: top simplicial
    - normal:   0.06991   0.9972 -0.02777
    - offset: -0.06349943
    - vertices: p117(v95) p442(v73) p226(v5)
    - neighboring facets: f338 f453 f534
- f456
    - flags: bottom simplicial
    - normal:   0.02404   0.9345   0.3551
    - offset: -0.0434323
    - vertices: p117(v95) p943(v83) p377(v47)
    - neighboring facets: f387 f453 f533
- f463
    - flags: top simplicial tested
    - normal:   0.03166   0.2044   0.9784
    - offset: -0.006255406
    - center: -0.003532176666666666 0.03849686666666666 -0.001533929208376666 
    - vertices: p113(v97) p753(v74) p777(v48)
    - neighboring facets: f343 f464 f538
- f464
    - flags: top simplicial tested
    - normal:    0.3171   0.3746   0.8713
    - offset: -0.01303619
    - center: 0.001235516666666667 0.03976143333333333 -0.002584609208376665 
    - vertices: p113(v97) p777(v48) p320(v27)
    - neighboring facets: f210 f465 f463
- f465
    - flags: bottom simplicial tested seen
    - normal:    0.3256   0.3762   0.8674
    - offset: -0.01313378
    - center: 0.00806456 0.0319258 -0.001731918416753331 
    - vertices: p113(v97) p706(v75) p320(v27)
    - neighboring facets: f354 f464 f586
    - ridges:
- f469
    - flags: top simplicial
    - normal:    0.7738   0.6085   0.1759
    - offset: -0.03487889
    - vertices: p941(v98) p476(v72) p49(v13)
    - neighboring facets: f525 f471 f470
- f470
    - flags: top simplicial
    - normal:    0.7524   0.6207   0.2208
    - offset: -0.0331972
    - vertices: p941(v98) p933(v76) p476(v72)
    - neighboring facets: f358 f469 f472
- f471
    - flags: bottom simplicial
    - normal:    0.8752   0.4478   0.1831
    - offset: -0.02837235
    - vertices: p941(v98) p428(v49) p49(v13)
    - neighboring facets: f213 f469 f472
- f472
    - flags: bottom simplicial
    - normal:    0.7961   0.5474    0.258
    - offset: -0.02873287
    - vertices: p941(v98) p933(v76) p428(v49)
    - neighboring facets: f356 f471 f470
- f473
    - flags: top simplicial
    - normal:   0.03514  -0.9709  -0.2368
    - offset: -0.07511371
    - vertices: p820(v99) p149(v28) p744(v2)
    - neighboring facets: f272 f475 f474
- f474
    - flags: top simplicial
    - normal:   0.03538  -0.9251  -0.3781
    - offset: -0.08051624
    - vertices: p820(v99) p387(v78) p149(v28)
    - neighboring facets: f363 f473 f476
- f475
    - flags: bottom simplicial
    - normal:    0.1097   -0.988  -0.1083
    - offset: -0.06774251
    - vertices: p820(v99) p782(v20) p744(v2)
    - neighboring facets: f136 f473 f476
- f476
    - flags: bottom simplicial
    - normal:     0.142   -0.954  -0.2639
    - offset: -0.07435011
    - vertices: p820(v99) p387(v78) p782(v20)
    - neighboring facets: f362 f475 f474
- f478
    - flags: top simplicial tested seen
    - normal:   -0.7271  -0.0866    0.681
    - offset: -0.03512022
    - center: -0.04901740000000001 -0.0008494300000000002 -0.0008722640000000023 
    - vertices: p722(v100) p279(v80) p228(v54)
    - neighboring facets: f371 f480 f574
    - ridges:
- f479
    - flags: top simplicial tested seen
    - normal:   -0.9702  -0.1616   0.1803
    - offset: -0.04817066
    - center: -0.04935646666666667 -0.004759678333333333 -0.002697726666666667 
    - vertices: p722(v100) p493(v82) p308(v15)
    - neighboring facets: f383 f572 f480
    - ridges:
- f480
    - flags: bottom simplicial tested
    - normal:   -0.9569  -0.1615   0.2412
    - offset: -0.04738752
    - center: -0.04812386666666667 -0.01065013 -0.00159327933333333 
    - vertices: p722(v100) p493(v82) p228(v54)
    - neighboring facets: f386 f478 f479
- f484
    - flags: top simplicial tested
    - normal:  -0.03019 -0.006497   0.9995
    - offset: -0.00124256
    - center: -0.03989626666666667 -0.01147136666666667 -3.639244837666661e-05 
    - vertices: p607(v101) p52(v81) p306(v32)
    - neighboring facets: f377 f562 f543
- f485
    - flags: bottom simplicial
    - normal:  -0.06574  -0.4859   0.8715
    - offset: -0.02013586
    - vertices: p987(v102) p351(v84) p529(v57)
    - neighboring facets: f390 f486 f487
- f486
    - flags: top simplicial
    - normal:  -0.01448  -0.4854   0.8742
    - offset: -0.01875598
    - vertices: p987(v102) p579(v85) p529(v57)
    - neighboring facets: f403 f485 f487
- f487
    - flags: bottom simplicial
    - normal:  -0.01628  -0.4344   0.9006
    - offset: -0.01661825
    - vertices: p987(v102) p579(v85) p351(v84)
    - neighboring facets: f402 f485 f486
- f489
    - flags: top simplicial tested seen
    - normal:  -0.06306 -0.08375  -0.9945
    - offset: -0.1036919
    - center: -0.03266983333333334 -0.0309771 -0.09958613333333331 
    - vertices: p95(v103) p842(v87) p532(v51)
    - neighboring facets: f522 f584 f490
    - ridges:
- f490
    - flags: bottom simplicial tested seen
    - normal:   -0.0646 -0.08387  -0.9944
    - offset: -0.1037365
    - center: -0.0366402 -0.0279377 -0.09958613333333334 
    - vertices: p95(v103) p842(v87) p910(v79)
    - neighboring facets: f414 f582 f489
    - ridges:
- f491
    - flags: top simplicial
    - normal:   0.09601   0.2599  -0.9609
    - offset: -0.1000407
    - center: -0.02097527333333333 0.03206913333333333 -0.09753866666666666 
    - vertices: p13(v104) p682(v66) p296(v42)
    - neighboring facets: f302 f504 f493
- f493
    - flags: top simplicial
    - normal:    0.1708   0.3129  -0.9343
    - offset: -0.0980508
    - center: -0.01311609 0.03070776666666667 -0.09705743333333333 
    - vertices: p13(v104) p421(v90) p682(v66)
    - neighboring facets: f505 f491 f502
- f502
    - flags: bottom simplicial tested
    - normal:    0.1089   0.2015  -0.9734
    - offset: -0.09978459
    - center: -0.008878423333333331 0.02158926666666667 -0.09903353333333334 
    - vertices: p103(v106) p13(v104) p421(v90)
    - neighboring facets: f493 f566 f504
- f504
    - flags: top simplicial tested seen
    - normal:   0.09312   0.2209  -0.9708
    - offset: -0.1001242
    - center: -0.01673760666666667 0.02295063333333333 -0.09951476666666666 
    - vertices: p103(v106) p13(v104) p296(v42)
    - neighboring facets: f491 f580 f502
    - ridges:
- f505
    - flags: bottom simplicial
    - normal:    0.4641   0.5284  -0.7109
    - offset: -0.07937278
    - vertices: p1(v107) p421(v90) p682(v66)
    - neighboring facets: f493 f549 f507
- f507
    - flags: top simplicial
    - normal:    0.4888   0.5186  -0.7015
    - offset: -0.07812961
    - center: -0.0006133599999999998 0.03006360000000001 -0.08957423333333332 
    - vertices: p1(v107) p421(v90) p462(v67)
    - neighboring facets: f558 f514 f505
- f508
    - flags: top simplicial
    - normal:    0.5525   0.5538   -0.623
    - offset: -0.0738305
    - vertices: p1(v107) p939(v93) p226(v5)
    - neighboring facets: f528 f548 f515
- f511
    - flags: bottom simplicial
    - normal:    0.7666  0.03377  -0.6413
    - offset: -0.06455757
    - center: 0.008677040000000006 0.007634866666666667 -0.08989636666666667 
    - vertices: p447(v108) p531(v91) p462(v67)
    - neighboring facets: f519 f514 f551
- f514
    - flags: top simplicial
    - normal:    0.5477    0.508  -0.6648
    - offset: -0.07471549
    - vertices: p447(v108) p1(v107) p462(v67)
    - neighboring facets: f507 f511 f515
- f515
    - flags: bottom simplicial
    - normal:    0.5664   0.5136  -0.6445
    - offset: -0.07342547
    - vertices: p447(v108) p1(v107) p939(v93)
    - neighboring facets: f508 f557 f514
- f519
    - flags: top simplicial tested
    - normal:    0.5548 0.003811   -0.832
    - offset: -0.08110507
    - center: 0.005117389999999993 -0.006605533333333333 -0.0941024 
    - vertices: p353(v109) p531(v91) p462(v67)
    - neighboring facets: f511 f559 f524
- f521
    - flags: top simplicial tested seen
    - normal:    0.1454 -0.05309   -0.988
    - offset: -0.09575095
    - center: -0.01383778333333333 -0.008927633333333332 -0.09847463333333335 
    - vertices: p353(v109) p103(v106) p532(v51)
    - neighboring facets: f584 f522 f567
    - ridges:
- f522
    - flags: bottom simplicial tested
    - normal:    0.1596  -0.1154  -0.9804
    - offset: -0.09626051
    - center: -0.02020675 -0.02899700000000001 -0.09806076666666666 
    - vertices: p353(v109) p842(v87) p532(v51)
    - neighboring facets: f489 f521 f523
- f523
    - flags: top simplicial tested
    - normal:     0.329  -0.4189  -0.8463
    - offset: -0.08977725
    - center: -0.01746871666666667 -0.03578856666666666 -0.09515539999999999 
    - vertices: p353(v109) p842(v87) p647(v64)
    - neighboring facets: f420 f524 f522
- f524
    - flags: bottom simplicial tested
    - normal:    0.4367  -0.5017  -0.7467
    - offset: -0.08218645
    - center: -0.003899256666666673 -0.02876133333333333 -0.09302536666666666 
    - vertices: p353(v109) p531(v91) p647(v64)
    - neighboring facets: f438 f523 f519
- f525
    - flags: bottom simplicial
    - normal:    0.7524   0.5996  -0.2729
    - offset: -0.05648798
    - vertices: p598(v110) p476(v72) p49(v13)
    - neighboring facets: f469 f526 f527
- f526
    - flags: top simplicial
    - normal:    0.7561   0.5613  -0.3365
    - offset: -0.05784197
    - vertices: p598(v110) p939(v93) p49(v13)
    - neighboring facets: f556 f525 f528
- f527
    - flags: top simplicial
    - normal:    0.4162   0.8921  -0.1757
    - offset: -0.06644687
    - vertices: p598(v110) p476(v72) p226(v5)
    - neighboring facets: f336 f528 f525
- f528
    - flags: bottom simplicial
    - normal:    0.6388   0.6057  -0.4744
    - offset: -0.06767139
    - vertices: p598(v110) p939(v93) p226(v5)
    - neighboring facets: f508 f527 f526
- f529
    - flags: top simplicial
    - normal:    0.9486  -0.3165 0.001319
    - offset: -0.0274959
    - vertices: p839(v111) p782(v20) p197(v19)
    - neighboring facets: f250 f530 f531
- f530
    - flags: bottom simplicial
    - normal:    0.9514  -0.3078 -0.004079
    - offset: -0.02737607
    - vertices: p839(v111) p712(v94) p197(v19)
    - neighboring facets: f449 f529 f531
- f531
    - flags: top simplicial
    - normal:    0.9512  -0.3075 -0.02387
    - offset: -0.02832976
    - vertices: p839(v111) p712(v94) p782(v20)
    - neighboring facets: f452 f529 f530
- f532
    - flags: top simplicial
    - normal:  -0.04954   0.9332   0.3558
    - offset: -0.04379129
    - vertices: p135(v112) p943(v83) p181(v55)
    - neighboring facets: f388 f535 f533
- f533
    - flags: top simplicial
    - normal:  -0.006934   0.9379   0.3469
    - offset: -0.04398373
    - vertices: p135(v112) p117(v95) p943(v83)
    - neighboring facets: f456 f532 f534
- f534
    - flags: bottom simplicial
    - normal:   -0.1362   0.9803   0.1428
    - offset: -0.05523754
    - vertices: p135(v112) p117(v95) p442(v73)
    - neighboring facets: f454 f536 f533
- f535
    - flags: top simplicial
    - normal:   -0.3069   0.9435   0.1248
    - offset: -0.05532104
    - vertices: p135(v112) p181(v55) p257(v24)
    - neighboring facets: f375 f536 f532
- f536
    - flags: bottom simplicial
    - normal:   -0.3012   0.9482   0.1013
    - offset: -0.05640315
    - vertices: p135(v112) p442(v73) p257(v24)
    - neighboring facets: f341 f535 f534
- f537
    - flags: bottom simplicial tested
    - normal:  -0.03067   0.1168   0.9927
    - offset: -0.003350569
    - center: -0.01938830333333333 0.029694 -0.0007163102083766665 
    - vertices: p873(v113) p753(v74) p306(v32)
    - neighboring facets: f345 f540 f538
- f538
    - flags: bottom simplicial tested seen
    - normal:  0.0005355   0.1581   0.9874
    - offset: -0.004694025
    - center: -0.001274403333333333 0.03394743333333333 -0.0006812384167533335 
    - vertices: p873(v113) p113(v97) p753(v74)
    - neighboring facets: f463 f537 f590
    - ridges:
- f540
    - flags: top simplicial tested seen
    - normal:  -0.003183 0.004726        1
    - offset: -0.0001283798
    - center: -0.02103860333333333 0.0204161 -3.506941675333335e-05 
    - vertices: p873(v113) p3(v62) p306(v32)
    - neighboring facets: f545 f537 f591
    - ridges:
- f542
    - flags: bottom simplicial tested seen
    - normal:  -7.727e-05 -0.0002636        1
    - offset: -7.899063e-06
    - center: -0.02305863333333333 -0.02821126666666667 -1.320656753333333e-06 
    - vertices: p705(v114) p52(v81) p946(v17)
    - neighboring facets: f382 f592 f543
    - ridges:
- f543
    - flags: bottom simplicial tested seen
    - normal:  -0.0005687 -0.0003283        1
    - offset: -2.674748e-05
    - center: -0.03573283333333333 -0.02359426666666667 -1.320656753333337e-06 
    - vertices: p705(v114) p607(v101) p52(v81)
    - neighboring facets: f484 f542 f589
    - ridges:
- f545
    - flags: bottom simplicial tested seen
    - normal:  -0.003184 0.004719        1
    - offset: -0.0001282869
    - center: -0.03228283333333334 0.01283795 -3.506941675333333e-05 
    - vertices: p170(v115) p3(v62) p306(v32)
    - neighboring facets: f540 f563 f593
    - ridges:
- f547
    - flags: bottom simplicial
    - normal:    0.3964   0.6421  -0.6562
    - offset: -0.08136123
    - vertices: p709(v116) p682(v66) p226(v5)
    - neighboring facets: f305 f548 f549
- f548
    - flags: top simplicial
    - normal:    0.4441   0.6085  -0.6577
    - offset: -0.07938656
    - vertices: p709(v116) p1(v107) p226(v5)
    - neighboring facets: f508 f547 f549
- f549
    - flags: bottom simplicial
    - normal:    0.4351    0.588  -0.6819
    - offset: -0.08020833
    - vertices: p709(v116) p1(v107) p682(v66)
    - neighboring facets: f505 f547 f548
- f550
    - flags: top simplicial
    - normal:    0.8448 -0.001324  -0.5351
    - offset: -0.05604824
    - vertices: p446(v117) p531(v91) p885(v46)
    - neighboring facets: f433 f552 f551
- f551
    - flags: top simplicial
    - normal:    0.8438 -0.0002065  -0.5367
    - offset: -0.05616467
    - vertices: p446(v117) p447(v108) p531(v91)
    - neighboring facets: f511 f550 f557
- f552
    - flags: bottom simplicial
    - normal:     0.966 -0.02758  -0.2572
    - offset: -0.03777932
    - vertices: p446(v117) p635(v71) p885(v46)
    - neighboring facets: f331 f550 f555
- f553
    - flags: top simplicial
    - normal:    0.9907   0.1268 -0.04943
    - offset: -0.02617308
    - vertices: p446(v117) p78(v25) p49(v13)
    - neighboring facets: f95 f556 f554
- f554
    - flags: bottom simplicial
    - normal:    0.9917    0.119  -0.0479
    - offset: -0.02593048
    - vertices: p446(v117) p78(v25) p264(v1)
    - neighboring facets: f95 f555 f553
- f555
    - flags: top simplicial
    - normal:    0.9968 0.008556 -0.07918
    - offset: -0.02616193
    - vertices: p446(v117) p635(v71) p264(v1)
    - neighboring facets: f329 f554 f552
- f556
    - flags: bottom simplicial
    - normal:    0.8558   0.3598  -0.3716
    - offset: -0.05140359
    - vertices: p446(v117) p939(v93) p49(v13)
    - neighboring facets: f526 f553 f557
- f557
    - flags: bottom simplicial
    - normal:    0.8487   0.3614  -0.3861
    - offset: -0.0523416
    - vertices: p446(v117) p447(v108) p939(v93)
    - neighboring facets: f515 f556 f551
- f558
    - flags: bottom simplicial
    - normal:    0.4474   0.1128  -0.8872
    - offset: -0.08790098
    - vertices: p889(v118) p421(v90) p462(v67)
    - neighboring facets: f507 f559 f568
- f559
    - flags: top simplicial
    - normal:    0.4438 0.008606  -0.8961
    - offset: -0.08677598
    - vertices: p889(v118) p353(v109) p462(v67)
    - neighboring facets: f519 f558 f565
- f562
    - flags: top simplicial tested seen
    - normal:  -0.004982 0.001581        1
    - offset: -0.0001620506
    - center: -0.0389744 0.001874920000000001 -3.506941675333333e-05 
    - vertices: p508(v119) p607(v101) p306(v32)
    - neighboring facets: f484 f563 f589
    - ridges:
- f563
    - flags: bottom simplicial tested seen
    - normal:  -0.004571 0.002174        1
    - offset: -0.000152261
    - center: -0.03641883333333334 0.009589769999999999 -3.506941675333335e-05 
    - vertices: p508(v119) p170(v115) p306(v32)
    - neighboring facets: f545 f562 f593
    - ridges:
- f565
    - flags: bottom simplicial
    - normal:    0.2933 -0.02009  -0.9558
    - offset: -0.09253299
    - vertices: p25(v120) p889(v118) p353(v109)
    - neighboring facets: f559 f567 f570
- f566
    - flags: bottom simplicial
    - normal:    0.1583 -0.03485  -0.9868
    - offset: -0.09581172
    - vertices: p25(v120) p103(v106) p421(v90)
    - neighboring facets: f502 f569 f567
- f567
    - flags: bottom simplicial
    - normal:    0.1577 -0.04745  -0.9863
    - offset: -0.0955303
    - vertices: p25(v120) p353(v109) p103(v106)
    - neighboring facets: f521 f566 f565
- f568
    - flags: top simplicial
    - normal:    0.2906 0.0002439  -0.9568
    - offset: -0.09303438
    - vertices: p210(v121) p889(v118) p421(v90)
    - neighboring facets: f558 f569 f570
- f569
    - flags: bottom simplicial
    - normal:    0.2902 -2.562e-05   -0.957
    - offset: -0.09304442
    - vertices: p210(v121) p25(v120) p421(v90)
    - neighboring facets: f566 f568 f570
- f570
    - flags: top simplicial
    - normal:    0.2903 -8.534e-05  -0.9569
    - offset: -0.09303886
    - vertices: p210(v121) p25(v120) p889(v118)
    - neighboring facets: f565 f568 f569
- f571
    - flags: top simplicial tricoplanar keepcentrum
    - owner of normal & centrum is facet f571
    - normal:        -1        0       -0
    - offset:   -0.05025
    - center: -0.05025 0.0006683331249999998 -0.05088766675 
    - vertices: p722(v100) p523(v68) p608(v43)
    - neighboring facets: f318 f574 f576
- f572
    - flags: bottom simplicial tricoplanar
    - owner of normal & centrum is facet f571
    - normal:        -1        0       -0
    - offset:   -0.05025
    - center: -0.05025 0.0006683331249999998 -0.05088766675 
    - vertices: p722(v100) p467(v31) p308(v15)
    - neighboring facets: f230 f479 f573
- f573
    - flags: bottom simplicial tricoplanar
    - owner of normal & centrum is facet f571
    - normal:        -1        0       -0
    - offset:   -0.05025
    - center: -0.05025 0.0006683331249999998 -0.05088766675 
    - vertices: p722(v100) p967(v52) p467(v31)
    - neighboring facets: f281 f572 f575
- f574
    - flags: bottom simplicial tricoplanar
    - owner of normal & centrum is facet f571
    - normal:        -1        0       -0
    - offset:   -0.05025
    - center: -0.05025 0.0006683331249999998 -0.05088766675 
    - vertices: p722(v100) p279(v80) p608(v43)
    - neighboring facets: f374 f571 f478
- f575
    - flags: top simplicial tricoplanar
    - owner of normal & centrum is facet f571
    - normal:        -1        0       -0
    - offset:   -0.05025
    - center: -0.05025 0.0006683331249999998 -0.05088766675 
    - vertices: p722(v100) p967(v52) p499(v7)
    - neighboring facets: f279 f576 f573
- f576
    - flags: bottom simplicial tricoplanar
    - owner of normal & centrum is facet f571
    - normal:        -1        0       -0
    - offset:   -0.05025
    - center: -0.05025 0.0006683331249999998 -0.05088766675 
    - vertices: p722(v100) p523(v68) p499(v7)
    - neighboring facets: f317 f575 f571
- f579
    - flags: bottom simplicial tricoplanar keepcentrum
    - owner of normal & centrum is facet f579
    - normal:        -0       -0       -1
    - offset:       -0.1
    - center: -0.03472671428571429 -0.002465289999999999   -0.1 
    - vertices: p103(v106) p136(v41) p833(v21)
    - neighboring facets: f175 f580 f583
- f580
    - flags: top simplicial tricoplanar
    - owner of normal & centrum is facet f579
    - normal:        -0       -0       -1
    - offset:       -0.1
    - center: -0.03472671428571429 -0.002465289999999999   -0.1 
    - vertices: p103(v106) p296(v42) p833(v21)
    - neighboring facets: f297 f579 f504
- f582
    - flags: bottom simplicial tricoplanar
    - owner of normal & centrum is facet f579
    - normal:        -0       -0       -1
    - offset:       -0.1
    - center: -0.03472671428571429 -0.002465289999999999   -0.1 
    - vertices: p103(v106) p95(v103) p910(v79)
    - neighboring facets: f490 f583 f584
- f583
    - flags: bottom simplicial tricoplanar
    - owner of normal & centrum is facet f579
    - normal:        -0       -0       -1
    - offset:       -0.1
    - center: -0.03472671428571429 -0.002465289999999999   -0.1 
    - vertices: p103(v106) p910(v79) p136(v41)
    - neighboring facets: f367 f579 f582
- f584
    - flags: top simplicial tricoplanar
    - owner of normal & centrum is facet f579
    - normal:        -0       -0       -1
    - offset:       -0.1
    - center: -0.03472671428571429 -0.002465289999999999   -0.1 
    - vertices: p103(v106) p95(v103) p532(v51)
    - neighboring facets: f489 f521 f582
- f586
    - flags: top simplicial tricoplanar keepcentrum
    - owner of normal & centrum is facet f586
    - normal:         0        0        1
    - offset: -2.37487e-09
    - center: -0.008574267777777776 0.00138665 2.37487e-09 
    - vertices: p508(v119) p113(v97) p706(v75)
    - neighboring facets: f465 f588 f590
- f587
    - flags: top simplicial tricoplanar
    - owner of normal & centrum is facet f586
    - normal:         0        0        1
    - offset: -2.37487e-09
    - center: -0.008574267777777776 0.00138665 2.37487e-09 
    - vertices: p508(v119) p330(v39) p946(v17)
    - neighboring facets: f400 f592 f588
- f588
    - flags: top simplicial tricoplanar
    - owner of normal & centrum is facet f586
    - normal:         0        0        1
    - offset: -2.37487e-09
    - center: -0.008574267777777776 0.00138665 2.37487e-09 
    - vertices: p508(v119) p706(v75) p330(v39)
    - neighboring facets: f347 f587 f586
- f589
    - flags: top simplicial tricoplanar
    - owner of normal & centrum is facet f586
    - normal:         0        0        1
    - offset: -2.37487e-09
    - center: -0.008574267777777776 0.00138665 2.37487e-09 
    - vertices: p508(v119) p705(v114) p607(v101)
    - neighboring facets: f543 f562 f592
- f590
    - flags: top simplicial tricoplanar
    - owner of normal & centrum is facet f586
    - normal:         0        0        1
    - offset: -2.37487e-09
    - center: -0.008574267777777776 0.00138665 2.37487e-09 
    - vertices: p508(v119) p873(v113) p113(v97)
    - neighboring facets: f538 f586 f591
- f591
    - flags: bottom simplicial tricoplanar
    - owner of normal & centrum is facet f586
    - normal:         0        0        1
    - offset: -2.37487e-09
    - center: -0.008574267777777776 0.00138665 2.37487e-09 
    - vertices: p508(v119) p873(v113) p3(v62)
    - neighboring facets: f540 f593 f590
- f592
    - flags: bottom simplicial tricoplanar
    - owner of normal & centrum is facet f586
    - normal:         0        0        1
    - offset: -2.37487e-09
    - center: -0.008574267777777776 0.00138665 2.37487e-09 
    - vertices: p508(v119) p705(v114) p946(v17)
    - neighboring facets: f542 f587 f589
- f593
    - flags: top simplicial tricoplanar
    - owner of normal & centrum is facet f586
    - normal:         0        0        1
    - offset: -2.37487e-09
    - center: -0.008574267777777776 0.00138665 2.37487e-09 
    - vertices: p508(v119) p170(v115) p3(v62)
    - neighboring facets: f545 f591 f563
