3
1000 250 375
0.0282007 -0.0334373 0.116342 
-0.0693822 0.0178343 0.0638553 
0.0217412 0.0116234 0.139634 
-0.00447711 0.0515 0.063939 
0.009233440000000001 0.0505 0.0762145 
0.0225883 -0.0053178 0.00701299 
0.0248593 0.0202342 0.0947688 
-0.0178741 -0.00187225 0.0132381 
-0.0147435 0.026305 0.0951096 
-0.00079055 -0.0337591 0.06334090000000001 
0.0219765 0.0335 0.101157 
0.0181903 0.0445 0.0469037 
0.00609392 0.0215245 0.008200000000000001 
0.0221385 0.0515 0.080985 
-0.0124521 0.0335 0.08403099999999999 
-0.00253398 0.0365 0.0422864 
-0.0270803 -0.00342166 0.0308976 
0.0450538 -0.0146053 0.0414167 
0.000428793 0.0365 0.0812132 
-0.0406825 -0.0415727 0.0680772 
0.0228395 0.0558885 0.043283 
-0.00170841 0.0365 0.0763631 
-0.00731566 -0.0264195 0.0855514 
0.0220751 0.0455 0.0793923 
-0.0668427 -0.0269452 0.06604459999999999 
-0.0636322 -0.0072541 0.07097390000000001 
0.0505192 0.0177839 0.0632514 
-0.0200159 0.0321832 0.12459 
0.0190386 0.0445 0.024012 
-0.031281 -0.0298143 0.0488236 
-0.0464807 -0.00574298 0.0602376 
0.0399377 0.00671523 0.092419 
0.0333217 0.0334125 0.0733562 
0.000208704 0.0243439 0.0410046 
0.003464 -0.0264848 0.0854786 
-0.0484656 -0.0294781 0.0324033 
-0.0006712620000000001 0.0445 0.0559321 
-0.0693822 0.00134121 0.0899711 
-0.0259373 0.0223358 0.0389756 
0.00628992 0.0365 0.0534208 
0.0276913 0.0334245 0.114653 
-0.0272602 0.0335 0.0582646 
-0.00554333 -0.00250997 0.0262947 
-0.0141585 0.0599 0.08356230000000001 
0.00745207 0.0455 0.0374437 
0.0523818 0.00421029 0.0951519 
-0.0437016 0.00188769 0.0576889 
-0.00236761 0.0385 0.0701363 
-0.00245303 0.0385 0.0468718 
-0.0493214 -0.00162537 0.102243 
-0.06487320000000001 0.0065303 0.0779411 
0.00108556 -0.03484 0.129849 
-0.0219376 0.00354619 0.063693 
0.0239514 -0.035706 0.06540990000000001 
0.0299421 -0.00495632 0.0303796 
0.0218881 0.0365 0.103072 
0.0132506 0.0455 0.0550605 
0.0117195 0.0385 0.0656007 
-0.0123236 -0.0141768 0.139634 
0.0109696 -0.042385 0.122439 
0.0505192 0.00471271 0.06382980000000001 
-0.0523313 0.0107996 0.100729 
0.0184297 0.0335 0.0283951 
-0.0223287 -0.00333607 0.145617 
0.04885 -0.029512 0.0656709 
0.00434147 0.0609 0.0702836 
-0.00299604 0.0515 0.04396 
-0.0450013 -0.0216041 0.102516 
-0.0177146 -0.0401124 0.116062 
-0.011648 0.0385 0.0869047 
0.0196185 0.0505 0.0376033 
-0.00542109 -0.0433368 0.115467 
-0.0547631 0.0213573 0.0333721 
-0.0056937 -0.0214589 0.0337714 
0.0351602 -0.0345137 0.067659 
-0.00908346 0.0505 0.0679434 
0.0256508 0.0116523 0.137935 
0.00150508 0.00319333 0.0262947 
-0.0230472 0.0609 0.0596802 
0.00208764 0.0395 0.07520499999999999 
-0.0636322 0.00995481 0.0683096 
0.0233916 -0.0145893 0.139546 
0.0103485 0.0445 0.0800453 
-0.036426 0.0245215 0.115936 
-0.0556678 0.0348825 0.0494321 
0.0156664 0.0455 0.0389029 
0.00936673 -0.0367561 0.123217 
-0.0410494 -0.0415171 0.068588 
0.0412212 0.0147658 0.120003 
-0.0690516 0.0241083 0.0541544 
-0.0630213 0.00423331 0.0347809 
0.0275 0.0510794 0.0363172 
-0.0118112 0.0124513 0.139634 
0.00197881 0.0445 0.0512143 
-0.00511327 0.0455 0.0521453 
-0.0361767 -0.00676522 0.0669664 
-0.0223579 0.0395 0.0722965 
-0.0693822 -0.0237898 0.0747036 
0.000478386 -0.00740107 0.0241942 
0.0129247 0.0385 0.0245112 
0.0107939 0.0335 0.0472621 
0.0266648 0.0505 0.0889857 
0.0568389 0.00923529 0.0401539 
0.0104267 0.0202395 0.00500161 
-0.0492322 0.0200057 0.0966883 
-0.0170659 0.0455 0.0716268 
-0.0151552 0.0599 0.07804319999999999 
-0.0227429 0.0335 0.0496556 
-0.00333395 0.0335 0.0509786 
-0.0300311 0.0151042 0.101855 
0.0142753 -0.0166592 0.008200000000000001 
-0.00578681 -0.0330157 0.0573928 
0.0341258 -0.0342383 0.06968149999999999 
-0.00594279 0.0515 0.0386411 
0.0221954 0.0445 0.0368672 
0.00319537 0.0455 0.0588695 
0.00155443 0.0436689 0.121957 
 0.014 0.0515184 0.09039560000000001 
-0.0634866 0.0295103 0.0685596 
0.0162236 0.0158783 0.00500161 
-0.0659457 -0.0100681 0.0902601 
0.0193102 0.0395 0.0291838 
-0.0153582 -0.00677728 0.139634 
0.0265564 -0.0271844 0.1232 
0.0288802 0.00721321 0.0583927 
0.0177954 -0.0256439 0.096235 
-0.00703223 0.0599 0.06703389999999999 
-0.0531731 -0.0337346 0.0815859 
0.00281872 0.0515 0.0525043 
-0.00737309 0.0385 0.0378354 
0.0136721 0.0385 0.0876657 
0.00179735 0.0292889 0.0813111 
-0.00341691 -0.000328498 0.0262947 
-0.00540291 -0.0154235 0.139634 
-0.0447627 0.00148744 0.10825 
0.0140898 0.0505 0.06507259999999999 
0.0505192 -0.0153311 0.07237250000000001 
0.0523474 -0.0157181 0.0507961 
-0.00846482 0.0394359 0.1035 
0.0547631 -0.0138006 0.0802282 
0.0172355 0.0289557 0.103455 
 0.014 0.0533894 0.05084 
-0.0230291 0.0395 0.0446276 
-0.048662 0.00395705 0.107833 
0.0336475 0.00860845 0.129329 
0.0205695 0.0365524 0.1232 
0.00701656 -0.0185388 0.15309 
-0.0289039 0.0184373 0.107464 
-0.00760791 -0.00322063 0.0162607 
0.00690731 0.0395 0.0284267 
-0.00484866 0.0365 0.07202219999999999 
-0.00816473 0.0091495 0.009161320000000001 
0.0263185  0.032 0.064829 
0.04885 -0.0125256 0.09174640000000001 
-0.0205844 0.0365887 0.110051 
0.0160508 0.00946144 0.008200000000000001 
-0.0163657 0.0103041 0.000465408 
-0.007987330000000001 0.0335 0.0897043 
-0.0390569 0.0048164 0.1232 
0.013629 0.0455 0.086438 
-0.0112345 0.0189826 0.0322287 
0.04885 -0.0108549 0.0395625 
-0.0206148 0.000707442 0.008200000000000001 
-0.0171644 0.00873665 -0.00275424 
-0.0565112 -0.0346773 0.06654889999999999 
-0.0395477 0.0180742 0.101924 
-0.0640579 0.0277824 0.0554224 
-0.0469871 -0.0211439 0.102729 
0.00211694 -0.0318117 0.0761595 
0.0203866 -0.00118212 0.153088 
-0.00932267 0.0515 0.0637711 
-0.0176597 0.0599 0.057705 
-0.00600898 0.0505 0.0298982 
0.00489093 0.0505 0.0735189 
-0.0693822 0.0120946 0.0481635 
0.00889505 0.0515 0.0380008 
0.00500551 0.031054 0.1035 
-0.028801 -0.0258758 0.1232 
0.0383763 -0.0304957 0.0790226 
-0.0198928 -0.00500509 0.008200000000000001 
-0.009236879999999999 -0.0323814 0.103544 
0.00141493 0.0609 0.100863 
0.0211877 0.0445 0.0549909 
-0.01575 0.0379587 0.09378019999999999 
0.0241441 0.0385 0.075528 
-0.06779789999999999 0.0061942 0.0388368 
0.0271686 0.0199269 0.102244 
0.00198118 0.0335 0.0429982 
-0.0663884 -0.027241 0.0673971 
-0.00766247 0.0365 0.0713061 
0.00229134 0.0335 0.06330180000000001 
-0.00460043 0.0365 0.0950975 
-0.0102072 -0.0270936 0.0938983 
0.0159782 0.0315844 0.0767868 
-0.000540535 0.0445 0.09579219999999999 
-0.0275 0.0355947 0.027937 
-0.0294514 0.011746 0.0966225 
0.00294377 0.0230144 0.00500161 
0.0166004 -0.00153038 0.0164341 
-0.0155638 0.0139091 0.139634 
0.008625900000000001 0.0029319 0.00500161 
-0.0184601 0.0335 0.0579699 
0.0530829 0.0169351 0.0769412 
-0.0356643 0.0334496 0.08927359999999999 
0.0517095 -0.0244072 0.0457842 
-0.0159376 0.0374302 0.107464 
-0.023431 0.0365 0.0706658 
-0.0252771 -0.0231718 0.0398214 
-0.0292808 0.0320511 0.1232 
0.05485 0.0101137 0.093335 
-0.0636322 -0.007939119999999999 0.0708087 
0.0167174 0.0162554 0.00593179 
-0.0294199 -0.0249025 0.1232 
-0.0115231 0.0385 0.0308257 
-0.00495282 -0.00385514 -0.00499839 
0.0406988 -0.0283649 0.0662869 
0.0205282 0.0572 0.0710123 
0.00951226 -0.0247291 0.0914457 
0.022844 -5.60172e-06 0.0295136 
0.0373487 -0.0313451 0.078953 
-0.016622 0.0490973 0.0350138 
-0.0139516 0.00603839 0.0143985 
-0.00285658 -0.0417862 0.110437 
0.0097453 -0.0314607 0.133054 
0.0323917 0.00458812 0.0600267 
0.009898540000000001 0.0425083 0.115004 
0.0234775 0.0505 0.0476396 
-0.00597979 0.0385 0.0369928 
-0.007686 -0.0199947 0.153084 
-0.0560681 0.0344476 0.0767163 
0.0116064 0.0445 0.0260056 
0.0110394 0.0365 0.0834463 
-0.0610145 0.00220156 0.032847 
-0.0236885 0.0515 0.05595 
0.008069710000000001 -0.015785 0.139634 
0.00179452 0.018836 0.0159961 
0.00303205 0.0346511 0.127973 
-0.0606915 -0.0111831 0.0345631 
-0.0251137 0.0335 0.08454879999999999 
0.0146254 0.0385 0.0490468 
-0.0232739 0.0340628 0.028759 
-0.00298468 0.0308588 0.07822519999999999 
0.000123179 0.0365 0.0633403 
0.0193193 -0.0139893 0.152331 
0.00961805 0.0365 0.0595145 
-0.00374551 0.0365 0.0990939 
0.0016494 0.0515 0.0414916 
0.0177622 0.0261203 0.0858134 
-0.0120395 0.018462 0.140523 
0.00447923 0.0609 0.0870842 
-0.0385844 0.0360586 0.08532240000000001 
-0.0240427 0.00279807 0.14066 
0.000930645 0.0377431 0.126013 
-0.0185133 0.0386717 0.1232 
0.0202666 0.0515 0.0350332 
-0.00784782 0.0505 0.0437693 
0.0211958 0.00675461 0.0697142 
-0.0335671 0.0018631 0.1035 
-0.0252384 0.0599 0.0636236 
-0.0288602 0.0329939 0.0714916 
0.0206462 -0.0106503 0.00818497 
0.00664537 -0.0335859 0.0600157 
0.0107232 0.0572 0.0272808 
0.0408971 -0.0230407 0.0480343 
-0.0261003 0.034789 0.0235 
-0.0333346 0.016196 0.127184 
0.000395911 0.0505 0.0655134 
0.00758472 -0.00247207 0.153131 
0.0392092 -0.0152826 0.113012 
-0.0257653 0.0307055 0.1232 
0.00356895 0.0363527 0.107464 
-0.0389126 -0.008229729999999999 0.10535 
0.0387216 -0.00315984 0.0357887 
-0.00275464 -0.0140111 -0.00499839 
0.0131136 0.0365 0.088617 
0.000546149 0.0335 0.0707726 
0.0167841 0.0505 0.0275722 
-0.0362297 -0.0198241 0.0279044 
-0.06837749999999999 0.0250326 0.0727172 
-0.0201009 -0.0102244 0.147515 
-0.0516746 -0.0188754 0.0317397 
0.0568369 0.0177454 0.0442366 
-0.0182226 0.0105084 0.139634 
-0.00580988 0.020067 0.008200000000000001 
0.00108686 0.0455 0.103461 
0.016046 0.0335 0.0315031 
-0.0429206 0.0210134 0.10151 
-0.0693822 0.0139337 0.0532542 
-0.00136824 0.0395 0.031802 
-0.0010111 -0.0310732 0.09601419999999999 
-0.0205585 0.0515 0.0448548 
0.0206615 -0.0221686 0.137559 
0.0435195 0.00393958 0.115862 
0.00569648 0.0505 0.0420296 
-0.00160102 0.0307163 0.1035 
-0.0348183 0.0117588 0.0285731 
-0.0219799 0.00695789 0.0666601 
0.0112151 0.0385 0.0552783 
0.0465481 -0.0248612 0.054464 
-0.00490073 0.00560749 0.0184215 
-0.0339448 -0.0237852 0.0884298 
-0.0201016 0.0365 0.0429821 
0.0220245 -0.00778772 0.00640639 
-0.009834229999999999 0.00728557 0.140353 
-0.0146302 0.0301304 0.0493096 
0.00267568 0.0335 0.0519607 
-0.0191989 -0.00133707 0.153092 
-0.0425877 -0.028523 0.09536790000000001 
0.0206986 -0.012263 0.141672 
-0.0659742 0.00877904 0.0521387 
0.0101128 0.0572 0.0261374 
0.0252188 -0.0271181 0.089085 
0.0230867 -0.0227956 0.0377716 
0.009009079999999999 -0.015938 -0.00497948 
0.048755 -0.0230859 0.0517023 
-0.0144374 0.0009975120000000001 0.01529 
-0.048662 0.010342 0.0276776 
0.0178603 0.0505 0.0569345 
-0.009299780000000001 0.0455 0.0939386 
-0.00340879 -0.0435557 0.12292 
0.0112322 -0.00623783 0.00748825 
0.0275 0.051134 0.0649318 
-0.00735895 0.0395 0.0405962 
-0.0221439 0.00184912 0.0649565 
0.0118967 0.0505 0.032629 
0.0407584 -0.00139441 0.1232 
0.0383763 -0.0274277 0.0749619 
-0.00631392 -0.0398464 0.107464 
0.0307742 -0.0134199 0.105665 
0.020114 0.0385 0.08321580000000001 
-0.00646329 0.0515 0.0827248 
0.022292 0.0335 0.0955593 
-0.0315264 -0.0133958 0.130942 
-0.0348183 -0.0155441 0.0313758 
-0.022768 0.0375462 0.11573 
-0.00784348 0.010485 0.140523 
0.00816623 0.017455 0.000533733 
0.0264271 0.0293906 0.0423265 
-0.00137985 0.0365 0.0356029 
-0.00307812 -0.0308691 0.0782201 
-0.0209244 0.0445 0.0596886 
-0.0571784 -0.0201653 0.09271699999999999 
-0.00575331 0.0385 0.103482 
-0.000241924  0.032 0.06397029999999999 
0.0230889 -0.00312415 0.00608333 
-0.0394061 0.0142646 0.1232 
-0.0111167 0.0118647 -0.00499839 
0.00651669 0.0165474 0.008465429999999999 
-0.0255961 0.0515 0.0759417 
0.0176076 -0.0104053 0.0159961 
-0.0267181 0.0515 0.08939370000000001 
-0.0219765 -0.00346182 0.06922929999999999 
-0.06562 -0.00158053 0.09235640000000001 
0.0289398 0.0185498 0.0352441 
0.0250389 -0.0252367 0.0381241 
-0.0144716 -0.018228 0.00776447 
0.022979 0.0290972 0.0842137 
0.0337371 0.0235077 0.107464 
0.0221884 -0.00161125 0.0170385 
0.0220602 -0.00707896 0.0731868 
0.00265919 0.0365 0.0504727 
0.0339155 -0.0282534 0.044365 
0.018989 0.0335 0.0456871 
0.0329238 -0.0289159 0.045436 
-0.0210977 0.0335 0.0794633 
0.0505192 0.009544209999999999 0.0484441 
0.0506246 0.0186403 0.07365720000000001 
-0.0126327 0.012753 0.0131285 
0.0197561 -0.0122997 0.142004 
-0.007954579999999999  0.032 0.0598175 
-0.00948616 0.0445 0.0725032 
-0.0268765 0.0395 0.0597183 
-0.0230468 -0.00530104 0.140523 
-0.0267861 0.0445 0.046638 
-0.0240193 0.0609 0.0615024 
-0.0138454 0.0505 0.0236291 
0.0140964 0.0448992 0.0235 
0.00566043 0.0505 0.0351228 
0.0124691 -0.0408687 0.113816 
0.0109874 0.0335 0.063599 
0.0363576 0.0194527 0.107464 
-0.0360039 -0.00772939 0.107464 
-0.0348183 -0.0267057 0.0416854 
0.00414624 0.0365 0.0730307 
0.0452475 -0.0271208 0.0665253 
0.000136421 0.0012323 -0.00499839 
0.00379894 0.0272142 0.139625 
-0.0258585 0.0507929 0.03074 
0.0337634 0.0188269 0.09350700000000001 
0.00353415 0.0395 0.0613393 
-0.0160598 0.0372825 0.1232 
-0.037865 -0.00658669 0.1232 
-0.0427246 0.00756537 0.0229587 
-0.0560681 0.0296598 0.0864948 
-0.0168296 0.0609 0.076117 
0.0119319 -0.0290788 0.0470907 
0.00898114 0.0445 0.0276816 
-0.0222369 0.0445 0.0967681 
-0.0196855 0.0297043 0.127184 
0.0215705 -0.021307 0.0379141 
-0.0124888 -0.0197416 0.00530995 
0.0505192 0.0119165 0.0486279 
-0.00436935 0.018808 0.00284772 
-0.0125898 0.0395 0.08155469999999999 
0.008593659999999999 0.0505 0.07733089999999999 
0.00310554 -0.000634649 -0.00499839 
-0.0245613 0.0455 0.0375051 
-0.008032320000000001 -0.033249 0.131218 
0.0261831 0.0335 0.0286566 
0.00509553 -0.026062 0.08598020000000001 
-0.0194314 0.0455 0.0737825 
0.0139568 0.0229744 0.0395703 
-0.0554663 -0.0245361 0.0931818 
0.00151173 0.0515 0.0860398 
0.0135327 0.0395 0.0420364 
0.0157323 0.0365 0.0576002 
-0.021866 0.0445 0.0631858 
0.0319367 -0.0277394 0.0437319 
-0.0365805 0.00843584 0.0236104 
-0.0251967 0.0335 0.0588382 
-0.0124328 -0.0308255 0.0782793 
-0.0636322 -0.00786653 0.071323 
-0.0138388 0.0176565 0.147322 
0.0105235 0.0552038 0.0365 
0.00545751 0.0515 0.0483108 
-0.0364889 -0.0249672 0.0310279 
-0.0244025 0.0395 0.09497170000000001 
-0.0254073 -0.0273531 0.0844379 
0.0381442 0.000712129 0.09912509999999999 
0.0287733 -0.0171435 0.09507889999999999 
-0.0275 0.0513905 0.060686 
-0.03337 -0.0285406 0.118205 
0.00444398 0.0306333 0.0786722 
-0.0520732 0.009210879999999999 0.0276872 
-0.0148576 0.0505 0.0678874 
-0.0236134 -0.0176817 0.137935 
-0.00930953 0.0304004 0.134961 
-0.00743094 -0.00470999 -0.00499839 
0.0104003 0.0163167 -0.00227002 
-0.0419203 -0.0144015 0.103667 
-0.0119378  0.032 0.0719564 
0.00330157 -0.0435673 0.117369 
-0.00974385 0.0616603 0.0935 
-0.048662 0.0312212 0.0388929 
-0.0265646 0.0395 0.07466349999999999 
-0.0366737 0.0387125 0.0492926 
-0.0512338 0.000382661 0.0697144 
-0.0184945 0.0609 0.08755209999999999 
0.0176551 0.0395 0.0568507 
-0.0348183 0.0361733 0.08185489999999999 
0.0455718 -0.00308911 0.0913943 
-0.0422925 -0.0118339 0.122289 
-0.0235846 0.0515 0.07439510000000001 
0.04885 0.0221283 0.0444164 
-0.00822897  0.032 0.0745555 
-0.0119458 0.0445 0.0758156 
-0.00996827 -0.0168126 0.00500161 
-0.00473052 0.009118569999999999 0.153123 
-0.0107867 0.0385 0.029294 
-0.00754476 -0.00273209 0.0165677 
-0.0693822 0.0184816 0.07121429999999999 
0.0379587 0.008734469999999999 0.1232 
-0.0195713 0.0515 0.063235 
0.0108236 0.0395 0.0290518 
0.0568398 -0.00431011 0.0392523 
0.0458724 0.0219315 0.0802509 
0.02726 0.0335 0.0281624 
-0.0179937 0.0125444 0.140523 
-0.0390525 0.0399826 0.0759027 
0.0155989 -0.028758 0.08217000000000001 
0.00326423 -0.0219252 0.031325 
-0.0494335 -0.00532465 0.0271224 
0.0564509 -0.009244209999999999 0.0391022 
-0.0348183 0.0334265 0.07948529999999999 
-0.0176217 -0.00783912 -0.00045024 
-0.0693822 -0.0131495 0.07966239999999999 
-0.0076501 0.0505 0.0273853 
-0.0245887 0.0208627 0.0378614 
-0.00504624  0.032 0.0547755 
0.00734896 0.0455 0.0255174 
-0.00460965 0.0381606 0.107464 
0.00175582 0.0385 0.0313562 
0.0248411 0.0515 0.0428539 
-0.0335362 0.00275576 0.102909 
-0.0281825 0.0195209 0.13111 
-0.0180319 -0.0121102 0.008200000000000001 
0.0239615 0.0335 0.0357341 
-0.00631354 0.0385 0.0401557 
0.0164248 0.0515 0.0578234 
-0.0020674 0.0609 0.0952949 
0.0116114 -0.011708 0.0134959 
0.0476668 0.0257632 0.0574143 
-0.0674897 0.00417526 0.0906207 
0.0505192 0.00711639 0.0495787 
-0.0158737 0.0387681 0.11027 
0.014473 0.0385 0.0695432 
0.0446054 -0.0172908 0.085672 
-0.00832391 0.009867020000000001 0.0172664 
0.0186981 0.0445 0.0740499 
0.007967729999999999 -0.0210497 0.145281 
-0.00104397  0.032 0.055448 
0.0150686 0.016569 0.144682 
-0.0121455 0.0301772 0.133635 
0.009175350000000001 0.0385 0.0658009 
0.0214618 -0.00585158 0.0633827 
-0.0127121 0.0515 0.0521335 
-0.00474629 0.0455 0.0674704 
0.0212138 0.0362975 0.110166 
-0.009729959999999999 0.0515 0.0673455 
-0.067898 -0.00290523 0.09068089999999999 
0.0249564 -0.0347356 0.0531346 
-0.00335118 0.0385 0.06373479999999999 
0.0121738 0.0515 0.0235901 
-0.0266212 -0.0292092 0.0476349 
0.0518728 0.0206839 0.0621348 
0.0205432 0.0280734 0.127578 
0.0128764 0.0445 0.0310853 
-0.008022369999999999  0.032 0.0660319 
-0.0162209 0.0335 0.0980654 
0.0205892 -0.00833832 0.0284929 
-0.0606005 -0.0282329 0.0492342 
0.0276832 -0.00198335 0.13886 
0.0505192 -0.0125302 0.0738442 
0.0172915 -0.0144826 0.142431 
-0.0636322 -0.00579986 0.064308 
-0.0219028 0.0505 0.0434576 
0.019381 -0.00116225 0.139634 
0.0217456 0.0365 0.089487 
-0.0134832 0.0505 0.0678211 
0.00263825 0.009481989999999999 -0.00499839 
-0.0168594 -0.0392662 0.113667 
0.0287903 0.00349856 0.0298429 
-0.0325101 -0.00697742 0.06269039999999999 
-0.0336835 0.0249894 0.110997 
-0.0190141 0.0515 0.0793605 
-0.0443636 -0.0393288 0.0835548 
-0.00596446 0.0385 0.102878 
0.0257008 -0.0335084 0.112911 
-0.0213623 0.0609 0.0540946 
0.008379360000000001 0.0385 0.08553040000000001 
0.00496509 0.0411633 0.107464 
-0.0361797 -0.00869698 0.0236688 
0.0264824 0.0335 0.0643005 
0.00419908 0.00761045 -0.00499839 
0.0275652 0.0282268 0.1232 
-0.0228423 -0.0301512 0.126183 
-0.013075 0.0515 0.0520617 
-0.00469701 0.0455 0.0443045 
0.0383763 0.00607916 0.0947262 
0.00551938 0.0335 0.0575013 
0.0260775 0.0395 0.0590216 
0.0505442 -0.0123888 0.0814739 
-0.00557591 -0.0373483 0.126887 
-0.0205283 -0.0268027 0.0850919 
-0.0193724 0.0365 0.08662839999999999 
0.032465 0.0195964 0.123941 
-0.0207225 0.0365 0.0505867 
-0.0604863 -0.0260183 0.0454185 
0.017658 0.0445 0.0413183 
0.0505192 0.00415201 0.0480071 
-0.0137485 0.0395 0.09518119999999999 
-0.00504392 -0.0220362 0.139634 
-0.0431006 0.00542594 0.0219785 
-0.0206541 0.0445 0.0406001 
0.025806 0.00856113 0.0606416 
-0.0348183 0.0347917 0.06322899999999999 
-0.0282277 -0.00626276 0.137935 
0.0208459 0.0395 0.08748069999999999 
-0.0331855 -0.00551501 0.104038 
0.036386 0.0207142 0.108379 
0.0147573 0.0515 0.098949 
-0.0435595 0.0370485 0.08748889999999999 
0.0448228 -0.0269291 0.0688414 
-0.000184473 0.0445 0.0405292 
-0.0471325 0.0249343 0.028649 
0.0165173 0.0385 0.0976561 
0.00584958 -0.0432902 0.1207 
-0.00488526 0.0505 0.09893010000000001 
-0.0348183 -0.0377707 0.0764925 
-0.0213978 -0.00592725 0.0669338 
0.020646 0.0385 0.0454084 
-0.0220617 0.0395 0.07432 
-0.06388539999999999 -0.028695 0.0580574 
-0.0348183 -0.0118509 0.102517 
-0.016619 0.0445 0.0651745 
0.014158 0.0358632 0.0235 
-0.0221913 0.0365 0.0924912 
0.0217802 0.008590739999999999 0.0567277 
0.04885 0.0232641 0.0481877 
0.00955894 0.0421503 0.114465 
0.0426843 -0.009561800000000001 0.116872 
-0.00217498 0.0420374 0.112957 
-0.0121682 0.0365 0.07517219999999999 
-0.0693822 0.0234754 0.06356000000000001 
-0.0217435 0.00608791 0.142038 
-0.0104671 0.0515 0.0366511 
0.000955482 0.0385 0.0706876 
-0.0388534 -0.0155517 0.108592 
-0.0147584 0.0505 0.02837 
-0.00193602 -0.0290652 0.0471712 
-0.02927 0.0326036 0.11924 
0.0153711 0.00692583 0.140523 
0.0220329  0.032 0.0630045 
-0.0289731 0.0326515 0.072958 
-0.0050285 0.0395 0.0647263 
0.022341 -0.0264293 0.0421633 
-0.0209356 0.0453642 0.100067 
-0.0184745 0.0515 0.0527501 
-0.0141315 0.01741 0.142504 
-0.0173725 -0.00832808 0.0046112 
0.0204374 0.00693544 0.140523 
-0.0632258 0.029842 0.0638357 
-0.0275 0.0507159 0.0355193 
-0.0414222 0.000227318 0.057244 
0.0265845 0.0455 0.0696674 
-0.00708732  0.029 0.0992952 
0.00103963 -0.00871128 0.00500161 
-0.0141151 0.0609 0.094209 
0.0275019 0.0211726 0.0947113 
0.0169802 -0.008726380000000001 0.139634 
-0.0220908 -0.00230373 0.0270581 
-0.0328191 -0.0261698 0.10763 
0.0163768 0.0405393 0.120065 
-0.0151197 0.00421475 0.0179951 
0.017739 0.0455 0.0793305 
-0.0369353 -0.0291831 0.0348427 
0.05485 -0.0276483 0.0537025 
0.0135396 0.0445 0.07832699999999999 
0.017746 0.0494224 0.0353787 
0.009059620000000001 0.0395 0.074307 
-0.06620620000000001 0.0205878 0.0462501 
-0.00473622 0.0335 0.0818209 
-0.0637388 0.0126461 0.0723143 
-0.048662 0.0405505 0.0577692 
-0.0693822 -0.0249363 0.0600327 
-0.0168764 0.0104948 0.00500161 
-0.025969 0.0445 0.094185 
0.024666 0.0361034 0.122914 
-0.00634072 0.0335 0.0271241 
-0.0539441 0.0262448 0.0373182 
0.0243391 -0.0157446 0.0321771 
-0.031344 -0.00645321 0.134543 
0.0505192 0.0114484 0.0639779 
-0.0496628 0.0142624 0.0295258 
-0.0267733 0.0599 0.0955178 
-0.00160238 -0.00717749 0.0197377 
0.021476 -0.0239629 0.0971095 
-0.0348183 -0.00529163 0.0307414 
0.029785 0.0136832 0.0963547 
0.04885 -0.00843058 0.08941200000000001 
0.0137882 0.0416793 0.121107 
-0.0458407 -0.0344912 0.09120159999999999 
-0.00182882 -0.0248024 0.0415234 
-0.009673319999999999 0.0365 0.0475071 
-0.0146824 0.0505 0.08001270000000001 
-0.0095 0.0654492 0.0752514 
-0.0348183 -0.0147457 0.101307 
0.0183073 -0.0230154 0.137935 
-0.0088977 0.0119889 0.0179951 
-0.0232606 -0.014934 0.138457 
-0.0376956 0.00307964 0.0579365 
0.000134074 0.0210388 0.0235 
0.0148937 0.0395 0.0903624 
-0.0240661 -0.036484 0.119675 
-0.00896951 -0.0210364 0.008200000000000001 
-0.0216996 0.00459504 0.06295340000000001 
0.00582552 0.0515 0.0644619 
0.0245401 0.0385 0.0895393 
0.0437426 -0.0250342 0.07605629999999999 
-0.00740801 0.0351759 0.0235 
-0.048662 0.0311062 0.0371201 
0.0160362 0.0153549 0.0289542 
0.0323907 -0.00583398 0.0608336 
0.032387 0.00568253 0.0710054 
-0.0344473 -0.0147755 0.094926 
0.0383763 -0.0250447 0.0820038 
-0.0362268 0.0112639 0.127184 
-0.0560681 0.024066 0.09089179999999999 
0.00678413 0.0599 0.0680418 
-0.0361045 -0.0391432 0.0789176 
-0.0142729 0.0314859 0.0520018 
-0.0505891 -0.0341702 0.0805761 
0.040987 0.0175177 0.0422965 
-0.00164902 -0.0220532 0.020676 
0.0137194 0.011579 0.00959201 
-0.0088634 -0.0296377 0.0483151 
0.0353919 -0.0125245 0.107464 
-0.0173466 0.0018201 0.0159961 
-0.0366039 0.0205828 0.112885 
-0.0218571 -0.0299524 0.0490143 
0.0223751 0.0445 0.0588969 
-0.0013301 0.0449773 0.0235 
-0.0166379 -0.00748014 0.0159961 
0.00237375 0.0385 0.091763 
-0.0254511 0.0515 0.04381 
-0.0248692 0.0351643 0.098547 
-0.00651634 0.0430936 0.1232 
0.0529722 -0.0204166 0.0602522 
0.0274303  0.032 0.0796217 
-0.0231749 -0.0329524 0.0573411 
0.0160834 0.0505 0.0590878 
0.053239 -0.0147683 0.0792428 
-0.0566325 -0.0346356 0.06887989999999999 
-0.000370209 -0.0290851 0.137935 
0.0143817 0.0365 0.0851 
0.000408589 0.0515 0.101628 
0.000716128 0.0515 0.0326433 
-0.0347925 -0.0152238 0.123466 
-0.00310147 0.0445 0.0886598 
-0.00644887 -0.0275407 0.0931998 
0.0146593 -0.0316219 0.127919 
-0.0168033 0.0515 0.08290889999999999 
-0.0220672 0.00175478 0.00500161 
-0.0693822 -0.0176721 0.0649034 
0.000794721 0.0280741 0.0454779 
-0.0615095 0.0264825 0.0813387 
0.00210674 0.0609 0.0815126 
-0.01191 0.0455 0.0314476 
-0.00186759 -0.017453 0.139634 
-0.0236359 -0.0238509 0.105576 
0.0401877 -0.00139245 0.107464 
-0.0198981 -0.009815249999999999 0.0260438 
0.0224261 0.00252073 0.146064 
0.0254401 0.0267311 0.0390553 
0.025608 0.0455 0.0905731 
0.00826343 0.0164689 0.0159961 
0.0381249 -0.0305591 0.048594 
-0.0267221 0.0505 0.0780777 
-0.0160559 -0.0113614 0.0159961 
-0.00785169 0.0365 0.0789012 
-0.0250466 -0.0279997 0.127184 
-0.0427731 -0.0015549 0.0222241 
0.0190376 0.0505 0.0883868 
0.05485 0.0267637 0.0541316 
0.00681032 0.0455 0.0461614 
0.00410996 -0.02343 0.152422 
0.0015013 0.0385 0.051793 
-0.0161526 0.0335 0.083759 
0.0182558 0.0123277 0.008200000000000001 
-0.0321418 0.0232851 0.0399907 
0.0227496 0.0365 0.0808149 
0.0497073 -0.0211976 0.08675769999999999 
0.00384075 0.0365 0.0710874 
-0.025218 0.0609 0.0944039 
0.0330598 -0.024555 0.1232 
-0.0687604 0.0262834 0.0651037 
0.0188447 -0.0327805 0.124385 
-0.0504918 0.0216468 0.0335624 
-0.0340849 0.0162739 0.125436 
 0.026 0.0565184 0.06710000000000001 
0.0459817 -0.0105825 0.0892969 
-0.0348183 -0.0310658 0.042697 
0.0484634 0.0258311 0.06980939999999999 
-0.009651389999999999 0.0609 0.07023459999999999 
-0.0273132 0.023012 0.0893026 
0.0182616 -0.0326143 0.07310129999999999 
0.0364449 -0.018869 0.0933928 
0.0193412 0.0103545 0.153083 
0.0236585 0.0515 0.0421991 
0.009909080000000001 -0.0255537 0.0923588 
-0.0411417 1.60618e-06 0.107464 
0.0236193 0.0505 0.0723476 
0.0144209 0.0349931 0.125745 
0.00220791 0.0418501 0.109366 
-0.0104916 0.0505 0.0773344 
0.00461376 0.0115463 0.140078 
0.0168379 -0.00747417 0.153095 
0.00672372 -0.0215185 0.14936 
-0.0152966 -0.00742181 0.0159961 
-0.0228955 0.0385 0.0453436 
-0.0210663 0.00654553 0.0197823 
-0.009851449999999999 0.0445 0.0484169 
0.0167347 0.0365 0.0649154 
-0.0055 0.0634412 0.0638792 
-0.0376816 0.0360484 0.0434985 
-0.0275 0.0343494 0.0590035 
-0.0154453 0.0365 0.0437269 
-0.020682 0.0609 0.0599355 
-0.0330573 0.025158 0.107464 
0.0105388 0.0455 0.09793250000000001 
0.0207562 0.0445 0.0716663 
0.0568389 0.0246245 0.073105 
0.00302655 0.0563102 0.0279803 
-0.018033 0.0385 0.101648 
-0.00157625 -0.0339708 0.131321 
-0.00718771 0.0365 0.0621419 
0.0240148 -0.0322051 0.0489199 
-0.0416691 0.0221559 0.0291218 
-0.0344454 -0.000346806 0.130435 
-0.00121003  0.032 0.0600009 
-0.0179253 -0.000653921 0.0159961 
-0.0264223 0.0365 0.0269142 
0.0177805 0.0335 0.032972 
-0.009117139999999999 0.0455 0.0324518 
-0.0116537 0.0645613 0.08649999999999999 
0.0286552 -0.0229701 0.0912694 
0.0227317 0.0365 0.0982857 
-0.000468633 0.0335 0.06722549999999999 
-0.0280077 0.0244151 0.127184 
0.0547819 -0.0200744 0.0706835 
-0.000629907 0.0445 0.0578809 
-0.048662 0.023263 0.094912 
-0.00424352 0.0445 0.0569443 
0.0216992 -0.000727275 0.0159961 
-0.0200104 0.0119155 0.153078 
0.0210387 0.0107903 0.141985 
0.0383763 -0.0314993 0.0528052 
-0.0606677 0.0137813 0.0355056 
-0.0260403 0.0515 0.0778209 
-0.0245428 0.0395 0.0895022 
-0.0101892 -0.012172 0.0179951 
-0.0275 0.0361419 0.0342589 
0.0145413 0.0365 0.08784740000000001 
-0.048662 -0.0370153 0.0500948 
0.0218882 0.0335 0.0690532 
0.0146531 0.0515 0.0440207 
0.0505192 0.00328171 0.0594534 
0.05485 0.0271267 0.0504316 
0.0225863 0.0505 0.0536342 
0.009926330000000001 0.0445 0.0822705 
0.0271993 0.0506379 0.0960476 
-0.0541678 0.0319185 0.0442984 
-0.00530676 0.0395 0.0343826 
0.0145284  0.032 0.064266 
0.0294546 -0.0172591 0.107464 
-0.000841791 -0.0276764 0.0840653 
-0.0455679 -0.0101456 0.0219374 
-0.0477095 0.0407383 0.0806634 
-0.0218465 0.00326951 0.0182126 
0.00980638 0.0335 0.08150250000000001 
0.0207785 0.0264475 0.102523 
-0.0447405 -0.0296476 0.09669750000000001 
0.00439171 -0.0216897 0.0253171 
0.0505192 -0.0106972 0.0494017 
-0.0414783 0.0134719 0.1232 
0.00910322 0.0395 0.0405934 
-0.0277351 -0.0132092 0.136675 
-0.012613 0.0609 0.0619419 
-0.0186413 -0.0265792 0.0853574 
-0.0428138 -0.0417981 0.0716837 
0.0374082 0.0316891 0.0782945 
-0.0206182 0.0177847 0.139634 
-0.0348183 -0.0345402 0.0588237 
0.00371583 0.0455 0.0611121 
-0.0674077 -0.0198717 0.0818343 
 0.026 0.0548559 0.0509699 
-0.00510352 -0.0175116 -0.00499839 
-0.0424086 0.010489 0.119181 
0.0276696 -0.0259443 0.0906764 
0.00131307 0.0283745 0.08305120000000001 
-0.010932 -0.0360473 0.127184 
-0.036366 0.0346895 0.0416556 
0.0306523 0.0220312 0.126804 
0.0224431 0.0023579 0.146428 
0.0234364 0.0395 0.0719987 
-0.0237301 0.000241206 0.152529 
-0.0181805 0.00556993 0.0159961 
0.0208112 -0.00649067 0.00500161 
-0.0348183 -0.0350105 0.0764358 
-0.053881 0.0360934 0.07611759999999999 
0.0178918 0.0445 0.0882603 
0.0129539 -0.0180364 0.0265514 
-0.048662 0.0403544 0.0800299 
0.00725037 0.0395 0.0551226 
-0.0306971 -0.022097 0.0387921 
0.0166054 -0.0404861 0.115775 
-0.0189976 0.0492038 0.09465610000000001 
0.0189353 -0.0128498 0.139634 
0.0175394 0.0385 0.102419 
0.0532212 0.0128833 0.0924917 
0.0219316 0.0523299 0.0753848 
0.0460078 -0.0168139 0.0855707 
-0.0284151 0.0292752 0.0812045 
-0.00049114 0.0515 0.0447469 
-0.0146489 0.0012108 0.139634 
0.037484 0.00477119 0.125861 
-0.0271297 0.00751694 0.137935 
0.0099287 0.0455 0.0872942 
-0.0284685 0.026068 0.0431114 
0.0139053 0.0176058 0.144442 
-0.0197422 -0.0099927 0.00500161 
-0.00327511 0.0455 0.09327000000000001 
-0.0175947  0.032 0.0645046 
0.0212057 0.0572 0.0713381 
-0.0172922 0.0385 0.0858556 
-0.0125579 0.0335 0.102436 
0.00729358 -0.000767571 0.00500161 
-0.048662 -0.0277786 0.09809950000000001 
-0.0546953 -0.0337421 0.0474569 
-0.0636322 -0.00795423 0.0719409 
-0.00696278 0.0395 0.0695339 
0.0566864 0.0233601 0.0781028 
-0.0636322 -0.00152673 0.0549391 
-0.0566365 0.0224693 0.0378733 
-0.0693822 -0.00434746 0.0894134 
0.0191441 0.0515 0.0611249 
-0.0178672 -0.0131823 0.0244231 
-0.0223813 0.0515 0.0853703 
0.00567043 0.0609 0.0752309 
0.0523258 0.0203017 0.0694655 
-0.0203144 -0.0250339 0.0972078 
-0.0220932 -0.0295254 0.0482026 
-0.009427629999999999 0.0242142 0.139634 
0.01699 0.00437535 0.153098 
-0.0177383 0.052618 0.0916168 
-0.0636322 -0.00713378 0.0719694 
-0.00400909 0.0445 0.0879234 
-0.022017 -0.009674469999999999 0.15225 
-0.00496485 0.0515 0.0379518 
-0.0636322 0.00349408 0.0556046 
-0.0292849 -0.00651013 0.06773999999999999 
0.0117432 0.0385 0.0665946 
-0.0244935 0.0351529 0.101314 
0.00435525 -0.0434528 0.118707 
-0.048662 -0.0280751 0.0956132 
0.00505216 0.0365 0.0381075 
-0.0676517 -0.00421824 0.0905623 
0.008598639999999999 -0.009383610000000001 0.008373530000000001 
0.0275 0.0351623 0.0531906 
0.0505192 -0.009131439999999999 0.07502780000000001 
-0.0264829 0.0225327 0.127943 
-0.0186008 0.0395 0.10336 
0.00979646 -0.0309262 0.0781438 
0.0111289 0.0385 0.0346985 
-0.00289182 0.0505 0.0297326 
0.0033891 0.0505 0.0391626 
-0.0393038 0.00289804 0.0228928 
0.008606580000000001 0.0385 0.0795812 
0.0159952 -0.00240447 0.140523 
0.0125145 0.0455 0.0785843 
0.0251943 0.0505 0.0336132 
-0.0144615 0.0455 0.0457224 
-0.0185154 0.0365 0.08349520000000001 
-0.0491385 -0.0328907 0.0835245 
-0.048662 0.0160898 0.0280829 
-0.038245 -0.0229241 0.0296938 
-0.00199846 -0.0130659 0.139634 
-0.0100868 0.0385 0.0257049 
-0.00571488 0.0505 0.0577235 
-0.049857 -0.0268476 0.0912423 
-0.0146676 0.0599 0.062419 
-0.0510335 0.00295641 0.102243 
2.88589e-05  0.032 0.06548610000000001 
0.0259301 0.0572 0.0694308 
-0.0102029 -0.0251549 0.0920991 
0.0108853 -0.0424134 0.115375 
0.00173566 0.0515 0.061407 
-0.000903576 0.0224513 0.145629 
0.00465198 0.0515 0.0438512 
-0.0319233 -0.029911 0.118702 
0.0230256  0.032 0.07700170000000001 
-0.0162074 -0.0272329 0.0845841 
0.025775 0.009692070000000001 0.138223 
-0.00584796 0.0599 0.0968914 
-0.0104054 0.0505 0.07962909999999999 
-0.0196973 0.0335568 0.1035 
-0.014804 0.022178 0.139634 
0.0125559 0.0385 0.07251059999999999 
0.0215192 0.00945901 0.139634 
0.0505192 -0.00635234 0.06278690000000001 
0.0146065 0.0385 0.0705085 
0.01935 -0.0108313 0.06726840000000001 
-0.0693822 0.0193229 0.07551629999999999 
-0.0130553 0.0599 0.0554001 
-0.0533393 0.0316898 0.08513759999999999 
-0.0302897 0.0229718 0.107464 
-0.0674526 -0.0261709 0.0604321 
0.00197091 -0.0224216 0.151031 
-0.00306814 0.00682725 0.0191524 
-0.00760158 0.0147797 0.0171417 
0.0174483 -0.0323363 0.0741608 
-0.0302571 0.00621879 0.0312533 
-0.0658169 -0.00747624 0.0514177 
0.0383763 0.0200567 0.0421936 
-0.0157029 0.0385 0.0453854 
0.0548073 0.0135442 0.0485405 
0.023517 0.0335 0.0946456 
-0.0109907 0.0455 0.0870986 
0.0106363 0.0320949 0.131541 
-0.0046834 0.0171704 0.00833415 
-0.00860557 0.0599 0.0767177 
0.0158174 -0.0180951 0.141958 
-0.0115985 0.0192871 0.142736 
0.0274027 0.0385 0.044719 
0.014133 0.0455 0.0941911 
-0.0151862 0.0248309 0.0873756 
0.0380112 -0.0326861 0.0531463 
-0.0348183 0.0302664 0.0469374 
0.025924 0.0275173 0.126291 
0.0520222 -0.0212612 0.0419814 
-0.0305664 -0.0242855 0.1232 
-0.0104792 0.0445 0.0321829 
0.0159785 -0.00940676 -0.00476016 
0.0124464 0.0385 0.0930758 
-0.0158444 -0.008019999999999999 0.139634 
0.00554665 -0.0186215 -0.00182995 
0.039643 -0.00503063 0.1232 
0.0533654 -0.0166125 0.0904416 
-0.0387688 -0.00853693 0.105278 
0.0226051 0.0260746 0.0874814 
3 891 781 464 
3 185 634 237 
3 139 891 464 
3 663 907 228 
3 102 992 464 
3 781 102 464 
3 510 986 995 
3 986 626 995 
3 313 846 995 
3 626 313 995 
3 846 813 995 
3 813 510 995 
3 208 644 804 
3 457 757 267 
3 757 457 804 
3 947 757 804 
3 637 757 650 
3 139 209 891 
3 209 139 997 
3 943 181 655 
3 181 637 650 
3 817 781 943 
3 185 807 72 
3 630 185 72 
3 185 630 89 
3 907 306 228 
3 457 306 804 
3 228 306 267 
3 306 457 267 
3 319 663 228 
3 319 441 839 
3 945 510 441 
3 626 0 997 
3 243 0 59 
3 139 799 997 
3 799 626 997 
3 799 139 464 
3 626 799 464 
3 313 989 992 
3 313 273 846 
3 273 313 405 
3 19 813 839 
3 813 19 510 
3 441 19 839 
3 510 19 441 
3 813 164 839 
3 35 813 846 
3 35 826 237 
3 474 35 846 
3 826 35 474 
3 393 644 208 
3 644 393 278 
3 745 644 278 
3 962 745 278 
3 644 745 374 
3 84 745 89 
3 745 84 374 
3 630 84 89 
3 757 386 650 
3 947 386 757 
3 644 253 804 
3 637 88 757 
3 88 637 891 
3 209 88 891 
3 735 243 59 
3 319 735 59 
3 735 319 228 
3 181 794 655 
3 820 181 943 
3 181 820 637 
3 637 820 891 
3 820 781 891 
3 781 820 943 
3 20 943 655 
3 438 310 346 
3 102 438 992 
3 185 174 634 
3 174 185 89 
3 593 174 89 
3 745 593 89 
3 593 745 962 
3 37 962 278 
3 306 855 804 
3 855 306 907 
3 855 37 804 
3 37 855 894 
3 855 907 894 
3 319 68 663 
3 68 535 663 
3 535 319 839 
3 535 68 319 
3 844 97 894 
3 907 844 894 
3 945 576 59 
3 576 319 59 
3 319 576 441 
3 74 626 986 
3 510 74 986 
3 945 74 510 
3 74 945 59 
3 0 865 59 
3 865 74 59 
3 74 865 626 
3 0 744 997 
3 744 0 243 
3 472 626 464 
3 472 989 626 
3 992 472 464 
3 989 472 992 
3 204 313 626 
3 989 204 626 
3 204 989 313 
3 163 826 474 
3 163 807 185 
3 163 846 346 
3 163 474 846 
3 807 163 72 
3 574 163 346 
3 163 574 72 
3 164 582 634 
3 639 630 72 
3 639 84 630 
3 116 386 947 
3 116 181 650 
3 386 116 650 
3 766 169 243 
3 169 766 267 
3 590 209 997 
3 744 590 997 
3 590 744 243 
3 735 146 243 
3 146 766 243 
3 146 735 228 
3 146 228 267 
3 766 146 267 
3 743 181 644 
3 743 794 181 
3 794 743 655 
3 743 374 655 
3 743 644 374 
3 310 262 655 
3 262 20 655 
3 20 262 310 
3 845 817 943 
3 20 845 943 
3 91 20 310 
3 845 91 817 
3 91 845 20 
3 387 574 346 
3 639 387 84 
3 574 387 72 
3 387 639 72 
3 529 438 346 
3 37 834 804 
3 834 37 278 
3 834 208 804 
3 834 393 208 
3 393 834 278 
3 663 949 907 
3 97 949 663 
3 913 945 441 
3 576 913 441 
3 913 576 945 
3 64 0 626 
3 865 64 626 
3 64 865 0 
3 232 163 185 
3 163 232 826 
3 232 185 237 
3 826 232 237 
3 35 888 813 
3 888 164 813 
3 888 582 164 
3 582 888 634 
3 97 24 634 
3 188 24 97 
3 696 116 947 
3 696 947 804 
3 253 696 804 
3 696 253 644 
3 181 696 644 
3 116 696 181 
3 757 903 267 
3 903 169 267 
3 169 903 757 
3 325 88 209 
3 590 325 209 
3 88 325 757 
3 325 169 757 
3 169 325 243 
3 325 590 243 
3 281 438 102 
3 91 281 817 
3 281 102 781 
3 817 281 781 
3 538 310 655 
3 374 538 655 
3 84 538 374 
3 387 538 84 
3 310 375 346 
3 375 387 346 
3 387 375 310 
3 438 543 992 
3 529 543 438 
3 543 313 992 
3 313 543 405 
3 535 651 663 
3 127 651 535 
3 651 97 663 
3 651 127 97 
3 702 127 535 
3 164 702 839 
3 702 535 839 
3 127 702 97 
3 702 188 97 
3 702 24 188 
3 702 164 634 
3 24 702 634 
3 412 844 907 
3 844 412 97 
3 412 949 97 
3 557 888 35 
3 634 557 237 
3 557 35 237 
3 438 512 310 
3 512 28 310 
3 28 512 438 
3 930 28 438 
3 281 930 438 
3 930 281 91 
3 930 91 310 
3 28 930 310 
3 782 387 310 
3 538 782 310 
3 782 538 387 
3 949 431 907 
3 431 412 907 
3 412 431 949 
3 888 520 634 
3 520 557 634 
3 557 520 888 
3 593 37 174 
3 37 97 634 
3 174 37 634 
3 37 593 962 
3 97 37 894 
3 543 273 405 
3 846 543 346 
3 273 543 846 
3 543 529 346 
Vertices and facets:
- p781(v31): 0.057 0.025 0.073
  neighbors: f132 f161 f267 f386 f387 f584 f585
- p891(v8): 0.057 0.023 0.078
  neighbors: f132 f144 f233 f367 f368 f385 f386
- p464(v1): 0.057 -0.0043 0.039
  neighbors: f132 f144 f159 f161 f304 f305 f452 f454
- p185(v33): -0.068 0.0062 0.039
  neighbors: f142 f273 f274 f275 f404 f405 f461 f550 f552
- p634(v29): -0.069 -0.025  0.06
  neighbors: f142 f404 f467 f558 f559 f609 f610 f617 f633 f634 f637 f638
- p237(v11): -0.061 -0.011 0.035
  neighbors: f142 f328 f552 f553 f617 f618
- p139(v34): 0.055 -0.014  0.08
  neighbors: f144 f233 f234 f302 f304
- p663(v36): -0.024 -0.036  0.12
  neighbors: f155 f284 f425 f427 f540 f542 f599 f601
- p907(v35): -0.022 -0.0097  0.15
  neighbors: f155 f279 f419 f422 f433 f540 f611 f630 f631
- p228(v19): -0.0077 -0.02  0.15
  neighbors: f155 f279 f281 f284 f374 f498 f499
- p102(v37): 0.057 0.0092  0.04
  neighbors: f159 f161 f400 f581 f584
- p992(v20): 0.016 -0.0094 -0.0048
  neighbors: f159 f308 f400 f454 f455 f594 f596
- p510(v40): 0.025 -0.035 0.053
  neighbors: f173 f197 f297 f318 f320 f441 f442
- p986(v22): 0.038 -0.033 0.053
  neighbors: f173 f182 f440 f441
- p995(v12): 0.0055 -0.019 -0.0018
  neighbors: f173 f182 f190 f191 f195 f197
- p626(v41): 0.055 -0.028 0.054
  neighbors: f182 f191 f299 f303 f305 f440 f448 f452 f453 f456 f457 f547 f548
- p313(v44): 0.009 -0.016 -0.005
  neighbors: f190 f191 f308 f315 f316 f456 f458 f596 f598
- p846(v23): -0.0051 -0.018 -0.005
  neighbors: f190 f195 f315 f327 f329 f462 f463 f644 f645
- p813(v45): -0.049 -0.037  0.05
  neighbors: f195 f197 f317 f318 f321 f327 f554 f555
- p644(v48): -0.027  0.06 0.096
  neighbors: f209 f332 f333 f334 f338 f361 f501 f505 f566 f567
- p208(v24): -0.029 0.032  0.12
  neighbors: f209 f332 f533 f534
- p804(v7): -0.02 0.012  0.15
  neighbors: f209 f221 f224 f280 f361 f418 f420 f531 f533 f564 f565
- p457(v50): -0.0047 0.0091  0.15
  neighbors: f220 f221 f280 f282
- p757(v27): 0.019  0.01  0.15
  neighbors: f220 f221 f224 f229 f357 f358 f365 f569 f571 f574 f575
- p267(v3): 0.0076 -0.0025  0.15
  neighbors: f220 f281 f282 f489 f499 f500 f569 f570
- p947(v51): -0.0009 0.022  0.15
  neighbors: f224 f358 f479 f563 f564
- p637(v52): 0.025 0.036  0.12
  neighbors: f229 f245 f365 f367 f384 f385
- p650(v14): 0.014 0.042  0.12
  neighbors: f229 f245 f357 f481 f482
- p209(v53): 0.055  0.01 0.093
  neighbors: f233 f234 f368 f490 f572 f573
- p997(v18): 0.053 -0.017  0.09
  neighbors: f234 f299 f302 f303 f450 f490 f492
- p181(v55): 0.0014 0.061   0.1
  neighbors: f243 f245 f381 f383 f384 f481 f501 f502 f567 f568
- p943(v28): 0.026 0.057 0.069
  neighbors: f243 f267 f383 f387 f388 f509 f510
- p655(v2): -0.0095 0.065 0.075
  neighbors: f243 f381 f388 f503 f504 f506 f507 f587 f588
- p817(v59): 0.055 0.027  0.05
  neighbors: f267 f509 f514 f583 f585
- p807(v60): -0.061 0.014 0.036
  neighbors: f273 f461 f464
- p72(v17): -0.055 0.021 0.033
  neighbors: f273 f274 f464 f466 f476 f524 f525
- p630(v61): -0.066 0.021 0.046
  neighbors: f274 f275 f351 f476 f478
- p89(v25): -0.069 0.024 0.054
  neighbors: f275 f349 f351 f405 f410 f411
- p306(v62): -0.019 -0.0013  0.15
  neighbors: f279 f280 f281 f282 f418 f419
- p319(v63): -0.0034 -0.044  0.12
  neighbors: f284 f287 f373 f374 f425 f430 f431 f438 f439
- p441(v39): 0.0033 -0.044  0.12
  neighbors: f287 f297 f319 f320 f439 f544 f545
- p839(v6): -0.043 -0.042 0.072
  neighbors: f287 f317 f319 f321 f430 f604 f605
- p945(v65): 0.011 -0.042  0.12
  neighbors: f297 f436 f442 f444 f544 f546
- p0(v66): 0.028 -0.033  0.12
  neighbors: f299 f300 f445 f450 f451 f547 f549
- p243(v54): 0.019 -0.014  0.15
  neighbors: f300 f371 f451 f487 f493 f496 f497 f576 f577
- p59(v10): 0.011 -0.042  0.12
  neighbors: f300 f371 f373 f436 f438 f444 f445 f447
- p799(v67): 0.055 -0.02 0.071
  neighbors: f302 f303 f304 f305
- p989(v68): 0.052 -0.021 0.042
  neighbors: f308 f453 f455 f457 f458
- p273(v70): -0.0028 -0.014 -0.005
  neighbors: f315 f316 f643 f645
- p405(v43): 0.0031 -0.00063 -0.005
  neighbors: f316 f598 f643
- p19(v71): -0.041 -0.042 0.068
  neighbors: f317 f318 f319 f320
- p164(v72): -0.057 -0.035 0.067
  neighbors: f321 f467 f555 f556 f604 f609
- p35(v73): -0.048 -0.029 0.032
  neighbors: f327 f328 f329 f330 f554 f616 f618
- p826(v69): -0.046 -0.01 0.022
  neighbors: f328 f330 f460 f551 f553
- p474(v42): -0.018 -0.0078 -0.00045
  neighbors: f329 f330 f460 f463
- p393(v74): -0.056  0.03 0.086
  neighbors: f332 f333 f534 f535
- p278(v30): -0.068 0.025 0.073
  neighbors: f333 f334 f336 f417 f532 f535
- p745(v75): -0.069 0.026 0.065
  neighbors: f334 f336 f338 f349 f350 f411 f412
- p962(v58): -0.069 0.019 0.076
  neighbors: f336 f412 f417 f639
- p374(v26): -0.024 0.061 0.062
  neighbors: f338 f350 f504 f505 f588 f589
- p84(v78): -0.056 0.035 0.049
  neighbors: f349 f350 f351 f478 f523 f589 f590
- p386(v79): 0.0038 0.027  0.14
  neighbors: f357 f358 f479 f482
- p253(v80): -0.019 0.039  0.12
  neighbors: f361 f565 f566
- p88(v81): 0.041 0.015  0.12
  neighbors: f365 f367 f368 f572 f574
- p735(v82): 0.0041 -0.023  0.15
  neighbors: f371 f373 f374 f496 f498
- p794(v84): -0.012 0.065 0.086
  neighbors: f381 f502 f503
- p820(v85): 0.027 0.051 0.096
  neighbors: f383 f384 f385 f386 f387
- p20(v86): 0.023 0.056 0.043
  neighbors: f388 f507 f508 f510 f512 f515
- p438(v88):  0.01 0.016 -0.0023
  neighbors: f399 f400 f526 f581 f594 f595 f619 f621 f622 f623
- p310(v56):  0.01 0.057 0.026
  neighbors: f399 f506 f508 f512 f587 f591 f593 f619 f620 f625 f626 f627 f628
- p346(v5): -0.011 0.012 -0.005
  neighbors: f399 f462 f465 f520 f526 f591 f592 f644 f646
- p174(v89): -0.069 0.012 0.048
  neighbors: f404 f405 f410 f636 f638
- p593(v90): -0.069 0.023 0.064
  neighbors: f412 f410 f411 f636 f639
- p37(v91): -0.069 0.0013  0.09
  neighbors: f417 f420 f421 f531 f532 f636 f637 f638 f639 f640
- p855(v92): -0.024 0.00024  0.15
  neighbors: f418 f419 f420 f421 f422
- p894(v15): -0.069 -0.0043 0.089
  neighbors: f421 f422 f432 f433 f640
- p68(v93): -0.018 -0.04  0.12
  neighbors: f425 f427 f431
- p535(v94): -0.044 -0.039 0.084
  neighbors: f427 f430 f431 f599 f600 f603 f605
- p844(v95): -0.067 -0.02 0.082
  neighbors: f432 f433 f611 f613
- p97(v64): -0.069 -0.024 0.075
  neighbors: f432 f542 f559 f560 f601 f602 f606 f607 f613 f614 f637 f640
- p576(v96): 0.0058 -0.043  0.12
  neighbors: f436 f438 f439 f545 f546
- p74(v97): 0.035 -0.035 0.068
  neighbors: f440 f441 f442 f444 f447 f448
- p865(v98): 0.017 -0.04  0.12
  neighbors: f445 f447 f448 f548 f549
- p744(v99): 0.033 -0.025  0.12
  neighbors: f450 f451 f492 f493
- p472(v100): 0.056 -0.0092 0.039
  neighbors: f452 f453 f454 f455
- p204(v101): 0.052 -0.024 0.046
  neighbors: f456 f457 f458
- p163(v102): -0.017 0.0087 -0.0028
  neighbors: f460 f461 f462 f463 f464 f465 f466 f550 f551
- p574(v76): -0.047 0.025 0.029
  neighbors: f465 f466 f520 f524
- p582(v103): -0.064 -0.029 0.058
  neighbors: f467 f556 f558
- p639(v105): -0.054 0.026 0.037
  neighbors: f476 f478 f523 f525
- p116(v106): 0.0016 0.044  0.12
  neighbors: f479 f481 f482 f563 f568
- p169(v107):  0.02 -0.0012  0.15
  neighbors: f487 f489 f570 f571 f575 f576
- p766(v83): 0.017 -0.0075  0.15
  neighbors: f487 f489 f497 f500
- p590(v108): 0.043 -0.0096  0.12
  neighbors: f490 f492 f493 f573 f577
- p146(v109): 0.007 -0.019  0.15
  neighbors: f496 f497 f498 f499 f500
- p743(v110): -0.025 0.061 0.094
  neighbors: f501 f502 f503 f504 f505
- p262(v111): 0.011 0.057 0.027
  neighbors: f506 f507 f508
- p845(v112): 0.026 0.055 0.051
  neighbors: f509 f510 f514 f515
- p91(v113): 0.028 0.051 0.036
  neighbors: f512 f514 f515 f583 f624 f625
- p387(v114): -0.026 0.051 0.031
  neighbors: f520 f523 f524 f525 f590 f592 f593 f627 f629
- p529(v115): 0.0026 0.0095 -0.005
  neighbors: f526 f595 f646
- p834(v116): -0.041 0.013  0.12
  neighbors: f531 f532 f533 f534 f535
- p949(v118): -0.032 -0.03  0.12
  neighbors: f540 f542 f614 f630 f632
- p913(v119): 0.0044 -0.043  0.12
  neighbors: f544 f545 f546
- p64(v120): 0.049 -0.03 0.066
  neighbors: f547 f548 f549
- p232(v121): -0.061 0.0022 0.033
  neighbors: f550 f551 f552 f553
- p888(v122): -0.055 -0.034 0.047
  neighbors: f554 f555 f556 f558 f616 f633 f635
- p24(v123): -0.067 -0.027 0.066
  neighbors: f559 f560 f608 f610
- p188(v104): -0.066 -0.027 0.067
  neighbors: f560 f607 f608
- p696(v124): -0.0065 0.043  0.12
  neighbors: f563 f564 f565 f566 f567 f568
- p903(v125): 0.017 0.0044  0.15
  neighbors: f569 f570 f571
- p325(v126): 0.041 -0.0014  0.12
  neighbors: f572 f573 f574 f575 f576 f577
- p281(v128): 0.057 0.018 0.044
  neighbors: f581 f583 f584 f585 f623 f624
- p538(v129): -0.021 0.061 0.054
  neighbors: f587 f588 f589 f590 f628 f629
- p375(v130): -0.014 0.051 0.024
  neighbors: f591 f592 f593
- p543(v131): 0.0042 0.0076 -0.005
  neighbors: f594 f595 f596 f598 f643 f644 f645 f646
- p651(v132): -0.046 -0.034 0.091
  neighbors: f599 f600 f601 f602
- p127(v117): -0.053 -0.034 0.082
  neighbors: f600 f602 f603 f606
- p702(v133): -0.057 -0.035 0.069
  neighbors: f603 f604 f605 f606 f607 f608 f609 f610
- p412(v134): -0.055 -0.025 0.093
  neighbors: f611 f613 f614 f631 f632
- p557(v135): -0.06 -0.026 0.045
  neighbors: f616 f617 f618 f634 f635
- p512(v136): 0.012 0.051 0.024
  neighbors: f619 f620 f621
- p28(v127): 0.019 0.044 0.024
  neighbors: f620 f621 f622 f626
- p930(v137): 0.025 0.051 0.034
  neighbors: f622 f623 f624 f625 f626
- p782(v138): 0.003 0.056 0.028
  neighbors: f627 f628 f629
- p431(v139): -0.033 -0.029  0.12
  neighbors: f630 f631 f632
- p520(v140): -0.061 -0.028 0.049
  neighbors: f633 f634 f635
- f132
    - flags: bottom simplicial
    - normal:    0.9993  -0.0275  0.02354
    - offset: -0.0578449
    - vertices: p781(v31) p891(v8) p464(v1)
    - neighboring facets: f144 f161 f386
- f142
    - flags: top simplicial
    - normal:   -0.8676  -0.2489  -0.4305
    - offset: -0.04056174
    - center: -0.06595720000000001 -0.009975066666666666 0.04447753333333334 
    - vertices: p185(v33) p634(v29) p237(v11)
    - neighboring facets: f617 f552 f404
- f144
    - flags: top simplicial
    - normal:     0.998 -0.04942  0.03914
    - offset: -0.05847589
    - vertices: p139(v34) p891(v8) p464(v1)
    - neighboring facets: f132 f304 f233
- f155
    - flags: top simplicial
    - normal:   -0.5024  -0.6518   0.5681
    - offset: -0.1038546
    - center: -0.01792303333333333 -0.02205105666666667 0.1416696666666667 
    - vertices: p663(v36) p907(v35) p228(v19)
    - neighboring facets: f279 f284 f540
- f159
    - flags: top simplicial
    - normal:    0.7295  0.04548  -0.6825
    - offset: -0.0144768
    - vertices: p102(v37) p992(v20) p464(v1)
    - neighboring facets: f454 f161 f400
- f161
    - flags: bottom simplicial
    - normal:         1 6.857e-05 -3.203e-05
    - offset: -0.05683825
    - vertices: p102(v37) p781(v31) p464(v1)
    - neighboring facets: f132 f159 f584
- f173
    - flags: top simplicial
    - normal:    0.1469   -0.934  -0.3257
    - offset: -0.01880318
    - vertices: p510(v40) p986(v22) p995(v12)
    - neighboring facets: f182 f197 f441
- f182
    - flags: bottom simplicial
    - normal:    0.2759  -0.8794  -0.3879
    - offset: -0.01861651
    - vertices: p626(v41) p986(v22) p995(v12)
    - neighboring facets: f173 f191 f440
- f190
    - flags: top simplicial
    - normal:   0.09054   -0.805  -0.5863
    - offset: -0.01656532
    - center: 0.003150736666666667 -0.01735703333333333 -0.003935940000000001 
    - vertices: p313(v44) p846(v23) p995(v12)
    - neighboring facets: f195 f191 f315
- f191
    - flags: bottom simplicial
    - normal:    0.2995  -0.8633  -0.4063
    - offset: -0.01848025
    - vertices: p313(v44) p626(v41) p995(v12)
    - neighboring facets: f182 f190 f456
- f195
    - flags: bottom simplicial
    - normal:  0.0008435  -0.9429  -0.3331
    - offset: -0.01817216
    - vertices: p813(v45) p846(v23) p995(v12)
    - neighboring facets: f190 f197 f327
- f197
    - flags: top simplicial
    - normal:   0.04173  -0.9547  -0.2946
    - offset: -0.01854857
    - vertices: p813(v45) p510(v40) p995(v12)
    - neighboring facets: f173 f195 f318
- f209
    - flags: bottom simplicial
    - normal:   -0.5185   0.6258   0.5827
    - offset: -0.1070235
    - vertices: p644(v48) p208(v24) p804(v7)
    - neighboring facets: f533 f361 f332
- f220
    - flags: top simplicial
    - normal:  0.001542 0.002329        1
    - offset: -0.1531363
    - vertices: p457(v50) p757(v27) p267(v3)
    - neighboring facets: f569 f282 f221
- f221
    - flags: bottom simplicial
    - normal:  0.0006525  0.01965   0.9998
    - offset: -0.1532695
    - vertices: p457(v50) p757(v27) p804(v7)
    - neighboring facets: f224 f280 f220
- f224
    - flags: top simplicial
    - normal:   0.02173   0.5506   0.8345
    - offset: -0.1338684
    - vertices: p947(v51) p757(v27) p804(v7)
    - neighboring facets: f221 f564 f358
- f229
    - flags: top simplicial
    - normal:    0.2566   0.7123   0.6533
    - offset: -0.1123411
    - vertices: p637(v52) p757(v27) p650(v14)
    - neighboring facets: f357 f245 f365
- f233
    - flags: bottom simplicial
    - normal:    0.9958 -0.04701  0.07917
    - offset: -0.06153075
    - vertices: p209(v53) p139(v34) p891(v8)
    - neighboring facets: f144 f368 f234
- f234
    - flags: top simplicial
    - normal:    0.9908  -0.0677    0.117
    - offset: -0.06457818
    - vertices: p209(v53) p139(v34) p997(v18)
    - neighboring facets: f302 f490 f233
- f243
    - flags: bottom simplicial
    - normal:    0.2372   0.9689  0.07099
    - offset: -0.06649869
    - vertices: p181(v55) p943(v28) p655(v2)
    - neighboring facets: f388 f381 f383
- f245
    - flags: top simplicial
    - normal:    0.3068   0.7768     0.55
    - offset: -0.1032133
    - vertices: p181(v55) p637(v52) p650(v14)
    - neighboring facets: f229 f481 f384
- f267
    - flags: top simplicial
    - normal:    0.7247    0.689  0.01247
    - offset: -0.05906661
    - vertices: p817(v59) p781(v31) p943(v28)
    - neighboring facets: f387 f509 f585
- f273
    - flags: bottom simplicial
    - normal:   -0.6622   0.3261  -0.6746
    - offset: -0.02071688
    - center: -0.06107623333333333 0.0137776 0.03590483333333334 
    - vertices: p807(v60) p185(v33) p72(v17)
    - neighboring facets: f274 f464 f461
- f274
    - flags: top simplicial
    - normal:   -0.7008   0.3863  -0.5997
    - offset: -0.02661899
    - vertices: p630(v61) p185(v33) p72(v17)
    - neighboring facets: f273 f476 f275
- f275
    - flags: bottom simplicial
    - normal:   -0.8364   0.3213  -0.4442
    - offset: -0.04144445
    - center: -0.06768523333333333 0.01696343333333333 0.04641376666666666 
    - vertices: p630(v61) p185(v33) p89(v25)
    - neighboring facets: f405 f351 f274
- f279
    - flags: bottom simplicial
    - normal:   -0.1045  -0.0649   0.9924
    - offset: -0.1540223
    - center: -0.01630063333333333 -0.01033541333333333 0.1528086666666667 
    - vertices: p306(v62) p907(v35) p228(v19)
    - neighboring facets: f155 f281 f419
- f280
    - flags: bottom simplicial
    - normal:  -0.002783 0.000886        1
    - offset: -0.1531436
    - center: -0.01464660666666667 0.006565666666666667 0.1530976666666667 
    - vertices: p306(v62) p457(v50) p804(v7)
    - neighboring facets: f221 f418 f282
- f281
    - flags: bottom simplicial
    - normal:  -0.001514 -0.001363        1
    - offset: -0.1531226
    - vertices: p306(v62) p228(v19) p267(v3)
    - neighboring facets: f499 f282 f279
- f282
    - flags: top simplicial
    - normal:  -0.001494 -0.0008973        1
    - offset: -0.1531217
    - vertices: p306(v62) p457(v50) p267(v3)
    - neighboring facets: f220 f281 f280
- f284
    - flags: top simplicial
    - normal:   -0.3468  -0.7624   0.5463
    - offset: -0.1015434
    - vertices: p319(v63) p663(v36) p228(v19)
    - neighboring facets: f155 f374 f425
- f287
    - flags: top simplicial
    - normal:  -0.01839  -0.9996 -0.02015
    - offset: -0.04112592
    - vertices: p319(v63) p441(v39) p839(v6)
    - neighboring facets: f319 f430 f439
- f297
    - flags: top simplicial
    - normal:    0.1257  -0.9877 -0.09341
    - offset: -0.03248084
    - vertices: p945(v65) p510(v40) p441(v39)
    - neighboring facets: f320 f544 f442
- f299
    - flags: bottom simplicial
    - normal:    0.6946  -0.6808   0.2326
    - offset: -0.06940922
    - vertices: p0(v66) p626(v41) p997(v18)
    - neighboring facets: f303 f450 f547
- f300
    - flags: bottom simplicial
    - normal:    0.5318  -0.6832   0.5004
    - offset: -0.09606213
    - vertices: p0(v66) p243(v54) p59(v10)
    - neighboring facets: f371 f445 f451
- f302
    - flags: bottom simplicial
    - normal:    0.9852  -0.1425  0.09559
    - offset: -0.0635866
    - vertices: p799(v67) p139(v34) p997(v18)
    - neighboring facets: f234 f303 f304
- f303
    - flags: top simplicial
    - normal:    0.9641   -0.241   0.1113
    - offset: -0.06552376
    - vertices: p799(v67) p626(v41) p997(v18)
    - neighboring facets: f299 f302 f305
- f304
    - flags: top simplicial
    - normal:    0.9978 -0.05468   0.0379
    - offset: -0.05843738
    - vertices: p799(v67) p139(v34) p464(v1)
    - neighboring facets: f144 f305 f302
- f305
    - flags: bottom simplicial
    - normal:    0.9974 -0.06469  0.03285
    - offset: -0.05825842
    - vertices: p799(v67) p626(v41) p464(v1)
    - neighboring facets: f452 f304 f303
- f308
    - flags: bottom simplicial
    - normal:     0.565  -0.5833  -0.5836
    - offset: -0.01729226
    - center: 0.02566992666666667 -0.01553532 0.01074725333333333 
    - vertices: p989(v68) p313(v44) p992(v20)
    - neighboring facets: f596 f455 f458
- f315
    - flags: bottom simplicial tested seen
    - normal:  0.001448 -0.0009718       -1
    - offset: -0.005008009
    - center: 0.0003836399999999996 -0.01582023333333333 -0.004992086666666667 
    - vertices: p273(v70) p313(v44) p846(v23)
    - neighboring facets: f190 f645 f316
    - ridges:
- f316
    - flags: top simplicial tested seen
    - normal:    0.0015 -0.0006571       -1
    - offset: -0.005003458
    - center: 0.003119993333333333 -0.010194583 -0.004992086666666666 
    - vertices: p273(v70) p313(v44) p405(v43)
    - neighboring facets: f598 f643 f315
    - ridges:
- f317
    - flags: top simplicial
    - normal:   -0.1789  -0.9697  -0.1664
    - offset: -0.03626784
    - center: -0.04405276666666667 -0.0401287 0.06328523333333334 
    - vertices: p19(v71) p813(v45) p839(v6)
    - neighboring facets: f321 f319 f318
- f318
    - flags: bottom simplicial
    - normal:   0.04069  -0.9641  -0.2624
    - offset: -0.02056191
    - vertices: p19(v71) p813(v45) p510(v40)
    - neighboring facets: f197 f320 f317
- f319
    - flags: bottom simplicial
    - normal:   0.01483  -0.9985 -0.05364
    - offset: -0.03725347
    - vertices: p19(v71) p441(v39) p839(v6)
    - neighboring facets: f287 f317 f320
- f320
    - flags: bottom simplicial
    - normal:    0.0782  -0.9909  -0.1099
    - offset: -0.03053175
    - vertices: p19(v71) p510(v40) p441(v39)
    - neighboring facets: f297 f319 f318
- f321
    - flags: bottom simplicial tested
    - normal:   -0.4358  -0.8964 -0.08053
    - offset: -0.05035531
    - center: -0.04932899999999999 -0.03783023333333334 0.06277579999999999 
    - vertices: p164(v72) p813(v45) p839(v6)
    - neighboring facets: f317 f604 f555
- f327
    - flags: top simplicial
    - normal:  -0.08466  -0.9163  -0.3913
    - offset: -0.0184348
    - vertices: p35(v73) p813(v45) p846(v23)
    - neighboring facets: f195 f329 f554
- f328
    - flags: top simplicial
    - normal:   -0.5964  -0.3112  -0.7399
    - offset: -0.01410046
    - vertices: p35(v73) p826(v69) p237(v11)
    - neighboring facets: f553 f618 f330
- f329
    - flags: bottom simplicial
    - normal:   -0.5509  -0.3587  -0.7535
    - offset: -0.01285986
    - center: -0.02373027333333333 -0.01827627333333333 0.008984890000000004 
    - vertices: p35(v73) p474(v42) p846(v23)
    - neighboring facets: f463 f327 f330
- f330
    - flags: bottom simplicial
    - normal:   -0.5759  -0.3208   -0.752
    - offset: -0.01300164
    - center: -0.0372184 -0.01582094 0.01796348666666667 
    - vertices: p35(v73) p826(v69) p474(v42)
    - neighboring facets: f460 f329 f328
- f332
    - flags: top simplicial
    - normal:   -0.6986   0.5351    0.475
    - offset: -0.09612571
    - vertices: p393(v74) p644(v48) p208(v24)
    - neighboring facets: f209 f534 f333
- f333
    - flags: bottom simplicial
    - normal:   -0.7058   0.5508   0.4456
    - offset: -0.09444814
    - vertices: p393(v74) p644(v48) p278(v30)
    - neighboring facets: f334 f535 f332
- f334
    - flags: top simplicial
    - normal:   -0.6824    0.715   0.1518
    - offset: -0.07559913
    - vertices: p745(v75) p644(v48) p278(v30)
    - neighboring facets: f333 f336 f338
- f336
    - flags: bottom simplicial
    - normal:   -0.9736   0.2124  0.08386
    - offset: -0.07798619
    - center: -0.06884003333333333 0.0235463 0.07111240000000001 
    - vertices: p745(v75) p962(v58) p278(v30)
    - neighboring facets: f417 f334 f412
- f338
    - flags: bottom simplicial
    - normal:    -0.613   0.7896 -0.02642
    - offset: -0.06118684
    - vertices: p745(v75) p644(v48) p374(v26)
    - neighboring facets: f505 f350 f334
- f349
    - flags: top simplicial
    - normal:   -0.6494    0.749  -0.1315
    - offset: -0.0557751
    - center: -0.06449326666666667 0.02842473333333333 0.05623006666666666 
    - vertices: p84(v78) p745(v75) p89(v25)
    - neighboring facets: f411 f351 f350
- f350
    - flags: bottom simplicial
    - normal:    -0.614    0.785 -0.08221
    - offset: -0.05749941
    - vertices: p84(v78) p745(v75) p374(v26)
    - neighboring facets: f338 f589 f349
- f351
    - flags: bottom simplicial
    - normal:   -0.6446   0.5848  -0.4925
    - offset: -0.03193533
    - vertices: p84(v78) p630(v61) p89(v25)
    - neighboring facets: f275 f349 f478
- f357
    - flags: bottom simplicial
    - normal:    0.1996   0.7171   0.6678
    - offset: -0.1135152
    - vertices: p386(v79) p757(v27) p650(v14)
    - neighboring facets: f229 f482 f358
- f358
    - flags: bottom simplicial
    - normal:     0.167   0.7045   0.6897
    - offset: -0.1161111
    - vertices: p386(v79) p947(v51) p757(v27)
    - neighboring facets: f224 f357 f479
- f361
    - flags: bottom simplicial
    - normal:   -0.2674   0.7244   0.6353
    - offset: -0.1112409
    - vertices: p253(v80) p644(v48) p804(v7)
    - neighboring facets: f209 f565 f566
- f365
    - flags: bottom simplicial
    - normal:     0.704   0.4741   0.5288
    - offset: -0.09948237
    - vertices: p88(v81) p637(v52) p757(v27)
    - neighboring facets: f229 f574 f367
- f367
    - flags: top simplicial
    - normal:    0.7533   0.5317   0.3871
    - offset: -0.08535605
    - vertices: p88(v81) p637(v52) p891(v8)
    - neighboring facets: f385 f368 f365
- f368
    - flags: bottom simplicial
    - normal:    0.8643   0.3233   0.3853
    - offset: -0.0866405
    - vertices: p88(v81) p209(v53) p891(v8)
    - neighboring facets: f233 f367 f572
- f371
    - flags: top simplicial
    - normal:    0.4431  -0.7085   0.5493
    - offset: -0.1021436
    - vertices: p735(v82) p243(v54) p59(v10)
    - neighboring facets: f300 f373 f496
- f373
    - flags: bottom simplicial
    - normal:   0.08611  -0.8331   0.5464
    - offset: -0.1031536
    - vertices: p735(v82) p319(v63) p59(v10)
    - neighboring facets: f438 f371 f374
- f374
    - flags: top simplicial
    - normal:    -0.196  -0.7861   0.5862
    - offset: -0.1069638
    - vertices: p735(v82) p319(v63) p228(v19)
    - neighboring facets: f284 f498 f373
- f381
    - flags: bottom simplicial
    - normal:    0.1569   0.9817   0.1075
    - offset: -0.07085605
    - vertices: p794(v84) p181(v55) p655(v2)
    - neighboring facets: f243 f503 f502
- f383
    - flags: top simplicial
    - normal:    0.3945   0.8964   0.2022
    - offset: -0.07553973
    - vertices: p820(v85) p181(v55) p943(v28)
    - neighboring facets: f243 f387 f384
- f384
    - flags: bottom simplicial
    - normal:     0.401   0.7894   0.4649
    - offset: -0.09552741
    - vertices: p820(v85) p181(v55) p637(v52)
    - neighboring facets: f245 f385 f383
- f385
    - flags: bottom simplicial
    - normal:    0.7421   0.5577   0.3717
    - offset: -0.08412912
    - vertices: p820(v85) p637(v52) p891(v8)
    - neighboring facets: f367 f386 f384
- f386
    - flags: top simplicial
    - normal:    0.7264   0.6607   0.1893
    - offset: -0.07139642
    - vertices: p820(v85) p781(v31) p891(v8)
    - neighboring facets: f132 f385 f387
- f387
    - flags: bottom simplicial
    - normal:    0.7109   0.6899   0.1362
    - offset: -0.06735516
    - vertices: p820(v85) p781(v31) p943(v28)
    - neighboring facets: f267 f383 f386
- f388
    - flags: top simplicial
    - normal:    0.2146   0.9739 -0.07421
    - offset: -0.05611762
    - vertices: p20(v86) p943(v28) p655(v2)
    - neighboring facets: f243 f507 f510
- f399
    - flags: top simplicial
    - normal:  -0.01391   0.5705  -0.8212
    - offset:  -0.011028
    - center: 0.003132133333333333 0.02846046666666667 0.006289663333333336 
    - vertices: p438(v88) p310(v56) p346(v5)
    - neighboring facets: f591 f526 f619
- f400
    - flags: bottom simplicial
    - normal:    0.6764   0.2149  -0.7045
    - offset: -0.01213982
    - center: 0.02773923333333334 0.005381743333333334 0.01104124 
    - vertices: p438(v88) p102(v37) p992(v20)
    - neighboring facets: f159 f594 f581
- f404
    - flags: bottom simplicial tested seen
    - normal:   -0.9892 -0.04478  -0.1397
    - offset: -0.06136145
    - center: -0.0688541 -0.002215833333333334 0.049011 
    - vertices: p174(v89) p185(v33) p634(v29)
    - neighboring facets: f142 f638 f405
    - ridges:
- f405
    - flags: top simplicial tested
    - normal:   -0.9527   0.1562  -0.2607
    - offset: -0.05543671
    - center: -0.0687439 0.01413236666666666 0.04705156666666667 
    - vertices: p174(v89) p185(v33) p89(v25)
    - neighboring facets: f275 f410 f404
- f410
    - flags: top simplicial tested seen
    - normal:   -0.9985  0.04352 -0.03217
    - offset: -0.06825749
    - center: -0.069272 0.01989276666666667 0.05529263333333333 
    - vertices: p593(v90) p174(v89) p89(v25)
    - neighboring facets: f405 f411 f636
    - ridges:
- f411
    - flags: bottom simplicial tested
    - normal:   -0.9739   0.2261 -0.01902
    - offset: -0.07167179
    - center: -0.06906473333333334 0.02462236666666666 0.06093936666666666 
    - vertices: p593(v90) p745(v75) p89(v25)
    - neighboring facets: f349 f410 f412
- f412
    - flags: top simplicial tested seen
    - normal:   -0.9812   0.1824  0.06336
    - offset: -0.07638604
    - center: -0.06917493333333334 0.02302723333333333 0.06806 
    - vertices: p593(v90) p745(v75) p962(v58)
    - neighboring facets: f336 f639 f411
    - ridges:
- f417
    - flags: top simplicial tested seen
    - normal:   -0.8116    0.366   0.4554
    - offset: -0.09776891
    - center: -0.06904729999999999 0.01523223666666667 0.07940153333333333 
    - vertices: p37(v91) p962(v58) p278(v30)
    - neighboring facets: f336 f532 f639
    - ridges:
- f418
    - flags: bottom simplicial tested
    - normal:   -0.1256 -0.006641   0.9921
    - offset: -0.1542965
    - center: -0.0209798 0.003606545333333334 0.1528996666666667 
    - vertices: p855(v92) p306(v62) p804(v7)
    - neighboring facets: f280 f420 f419
- f419
    - flags: top simplicial tested
    - normal:    -0.141 -0.05218   0.9886
    - offset: -0.1541287
    - center: -0.02164866666666666 -0.003590111333333332 0.1526236666666667 
    - vertices: p855(v92) p306(v62) p907(v35)
    - neighboring facets: f279 f422 f418
- f420
    - flags: top simplicial tested
    - normal:   -0.7855   0.2231   0.5772
    - offset:  -0.106731
    - center: -0.03770756666666666 0.00449930533333333 0.1318593666666667 
    - vertices: p855(v92) p37(v91) p804(v7)
    - neighboring facets: f531 f418 f421
- f421
    - flags: bottom simplicial tested seen
    - normal:   -0.8069 -0.05763   0.5878
    - offset: -0.1087974
    - center: -0.05416483333333335 -0.0009216813333333341 0.1106378333333333 
    - vertices: p855(v92) p37(v91) p894(v15)
    - neighboring facets: f640 f422 f420
    - ridges:
- f422
    - flags: top simplicial tested
    - normal:   -0.7953  -0.1539   0.5864
    - offset: -0.1082789
    - center: -0.03837643333333333 -0.004593574666666666 0.1313974666666667 
    - vertices: p855(v92) p907(v35) p894(v15)
    - neighboring facets: f433 f421 f419
- f425
    - flags: bottom simplicial
    - normal:   -0.3501  -0.8933   0.2817
    - offset: -0.07473412
    - vertices: p68(v93) p319(v63) p663(v36)
    - neighboring facets: f284 f427 f431
- f427
    - flags: bottom simplicial
    - normal:   -0.3567  -0.8941   0.2709
    - offset: -0.07361935
    - vertices: p535(v94) p68(v93) p663(v36)
    - neighboring facets: f425 f599 f431
- f430
    - flags: top simplicial
    - normal:   -0.2565  -0.9524   0.1646
    - offset: -0.0625927
    - vertices: p535(v94) p319(v63) p839(v6)
    - neighboring facets: f287 f605 f431
- f431
    - flags: top simplicial
    - normal:   -0.3412  -0.9039   0.2579
    - offset: -0.07223843
    - vertices: p535(v94) p68(v93) p319(v63)
    - neighboring facets: f425 f430 f427
- f432
    - flags: top simplicial tested seen
    - normal:   -0.8597  -0.3082   0.4074
    - offset: -0.09741255
    - center: -0.06872403333333334 -0.01600298666666667 0.08198376666666667 
    - vertices: p844(v95) p97(v64) p894(v15)
    - neighboring facets: f640 f433 f613
    - ridges:
- f433
    - flags: bottom simplicial tested
    - normal:   -0.7592   -0.361   0.5416
    - offset: -0.1026708
    - center: -0.05293563333333333 -0.01129787666666666 0.1078325666666667 
    - vertices: p844(v95) p907(v35) p894(v15)
    - neighboring facets: f422 f432 f611
- f436
    - flags: bottom simplicial
    - normal:    0.1735  -0.9848 0.001889
    - offset: -0.04387656
    - vertices: p576(v96) p945(v65) p59(v10)
    - neighboring facets: f444 f438 f546
- f438
    - flags: top simplicial
    - normal:   0.08684  -0.9652   0.2467
    - offset: -0.07207135
    - vertices: p576(v96) p319(v63) p59(v10)
    - neighboring facets: f373 f436 f439
- f439
    - flags: bottom simplicial
    - normal:     0.041  -0.9978  0.05165
    - offset: -0.04966949
    - vertices: p576(v96) p319(v63) p441(v39)
    - neighboring facets: f287 f545 f438
- f440
    - flags: top simplicial
    - normal:     0.288  -0.9555 -0.06376
    - offset: -0.03878984
    - vertices: p74(v97) p626(v41) p986(v22)
    - neighboring facets: f182 f441 f448
- f441
    - flags: bottom simplicial
    - normal:    0.1545  -0.9836 -0.09351
    - offset: -0.03305149
    - vertices: p74(v97) p510(v40) p986(v22)
    - neighboring facets: f173 f440 f442
- f442
    - flags: bottom simplicial
    - normal:    0.1471  -0.9852 -0.08828
    - offset: -0.03320076
    - vertices: p74(v97) p945(v65) p510(v40)
    - neighboring facets: f297 f441 f444
- f444
    - flags: top simplicial
    - normal:    0.3097  -0.9508 0.0001271
    - offset: -0.04371402
    - vertices: p74(v97) p945(v65) p59(v10)
    - neighboring facets: f436 f447 f442
- f445
    - flags: bottom simplicial
    - normal:    0.5038  -0.8436   0.1857
    - offset: -0.06401525
    - vertices: p865(v98) p0(v66) p59(v10)
    - neighboring facets: f300 f447 f549
- f447
    - flags: top simplicial
    - normal:      0.33  -0.9439  0.01007
    - offset: -0.04486197
    - vertices: p865(v98) p74(v97) p59(v10)
    - neighboring facets: f444 f445 f448
- f448
    - flags: bottom simplicial
    - normal:    0.3377  -0.9412  0.01339
    - offset: -0.04526106
    - vertices: p865(v98) p74(v97) p626(v41)
    - neighboring facets: f440 f548 f447
- f450
    - flags: bottom simplicial
    - normal:    0.7227  -0.6243   0.2966
    - offset: -0.07576053
    - vertices: p744(v99) p0(v66) p997(v18)
    - neighboring facets: f299 f492 f451
- f451
    - flags: top simplicial
    - normal:     0.537  -0.6796   0.4998
    - offset: -0.09601248
    - vertices: p744(v99) p0(v66) p243(v54)
    - neighboring facets: f300 f493 f450
- f452
    - flags: top simplicial
    - normal:    0.9968 -0.07887 0.009883
    - offset: -0.05738784
    - vertices: p472(v100) p626(v41) p464(v1)
    - neighboring facets: f305 f454 f453
- f453
    - flags: top simplicial
    - normal:    0.8168  -0.4005  -0.4153
    - offset: -0.03357069
    - vertices: p472(v100) p989(v68) p626(v41)
    - neighboring facets: f457 f452 f455
- f454
    - flags: bottom simplicial
    - normal:    0.7345 -0.03728  -0.6776
    - offset: -0.01531223
    - vertices: p472(v100) p992(v20) p464(v1)
    - neighboring facets: f159 f452 f455
- f455
    - flags: bottom simplicial
    - normal:    0.6751  -0.3977  -0.6214
    - offset: -0.01748525
    - vertices: p472(v100) p989(v68) p992(v20)
    - neighboring facets: f308 f454 f453
- f456
    - flags: top simplicial
    - normal:    0.4197  -0.7695  -0.4814
    - offset: -0.01844218
    - vertices: p204(v101) p313(v44) p626(v41)
    - neighboring facets: f191 f457 f458
- f457
    - flags: bottom simplicial
    - normal:    0.5715  -0.6547  -0.4947
    - offset: -0.02288492
    - vertices: p204(v101) p989(v68) p626(v41)
    - neighboring facets: f453 f456 f458
- f458
    - flags: top simplicial
    - normal:    0.4933  -0.6897    -0.53
    - offset: -0.0180763
    - vertices: p204(v101) p989(v68) p313(v44)
    - neighboring facets: f308 f456 f457
- f460
    - flags: top simplicial tested
    - normal:    -0.618 -0.09149  -0.7808
    - offset: -0.0119587
    - center: -0.02678466666666667 -0.003082689999999999 0.006244306666666667 
    - vertices: p163(v102) p826(v69) p474(v42)
    - neighboring facets: f330 f463 f551
- f461
    - flags: top simplicial tested
    - normal:   -0.6209   0.2586    -0.74
    - offset:  -0.014954
    - center: -0.04854333333333333 0.009570716666666668 0.02386272 
    - vertices: p163(v102) p807(v60) p185(v33)
    - neighboring facets: f273 f550 f464
- f462
    - flags: top simplicial tested seen
    - normal:   -0.3174 -0.06498   -0.946
    - offset: -0.007486698
    - center: -0.01112820666666667 0.001029916666666667 -0.00425034 
    - vertices: p163(v102) p846(v23) p346(v5)
    - neighboring facets: f644 f465 f463
    - ridges:
- f463
    - flags: top simplicial tested
    - normal:   -0.4159  -0.1139  -0.9023
    - offset: -0.008627472
    - center: -0.01329654 -0.005538023333333333 -0.002734289999999999 
    - vertices: p163(v102) p474(v42) p846(v23)
    - neighboring facets: f329 f462 f460
- f464
    - flags: bottom simplicial tested
    - normal:   -0.6172   0.2733  -0.7378
    - offset: -0.01501351
    - center: -0.04419839999999999 0.01462508333333333 0.02204115333333333 
    - vertices: p163(v102) p807(v60) p72(v17)
    - neighboring facets: f273 f466 f461
- f465
    - flags: bottom simplicial tested
    - normal:    -0.509   0.4639   -0.725
    - offset: -0.01478691
    - center: -0.02513786666666667 0.01517855 0.006965456666666665 
    - vertices: p163(v102) p574(v76) p346(v5)
    - neighboring facets: f520 f462 f466
- f466
    - flags: top simplicial tested
    - normal:   -0.6015   0.3124  -0.7352
    - offset: -0.01507972
    - center: -0.03968666666666667 0.01834275 0.01975562 
    - vertices: p163(v102) p574(v76) p72(v17)
    - neighboring facets: f524 f464 f465
- f467
    - flags: bottom simplicial
    - normal:   -0.5798  -0.8119 -0.06849
    - offset: -0.05636045
    - center: -0.0632596 -0.0294362 0.06154633333333333 
    - vertices: p582(v103) p164(v72) p634(v29)
    - neighboring facets: f609 f558 f556
- f476
    - flags: top simplicial
    - normal:   -0.6435   0.5432  -0.5393
    - offset: -0.02884241
    - vertices: p639(v105) p630(v61) p72(v17)
    - neighboring facets: f274 f525 f478
- f478
    - flags: top simplicial
    - normal:   -0.6368    0.582  -0.5056
    - offset: -0.03075959
    - vertices: p639(v105) p84(v78) p630(v61)
    - neighboring facets: f351 f476 f523
- f479
    - flags: top simplicial
    - normal:    0.1113   0.7343   0.6697
    - offset: -0.1139097
    - vertices: p116(v106) p386(v79) p947(v51)
    - neighboring facets: f358 f563 f482
- f481
    - flags: top simplicial
    - normal:    0.1675    0.764    0.623
    - offset: -0.1096076
    - vertices: p116(v106) p181(v55) p650(v14)
    - neighboring facets: f245 f482 f568
- f482
    - flags: bottom simplicial
    - normal:     0.165   0.7321   0.6609
    - offset: -0.1128275
    - vertices: p116(v106) p386(v79) p650(v14)
    - neighboring facets: f357 f481 f479
- f487
    - flags: bottom simplicial
    - normal:     0.124 -0.06885   0.9899
    - offset: -0.1541498
    - vertices: p169(v107) p766(v83) p243(v54)
    - neighboring facets: f497 f576 f489
- f489
    - flags: top simplicial
    - normal:  0.003442 -0.000829        1
    - offset: -0.1531582
    - vertices: p169(v107) p766(v83) p267(v3)
    - neighboring facets: f500 f570 f487
- f490
    - flags: top simplicial
    - normal:    0.9142 -0.09348   0.3944
    - offset: -0.08600668
    - vertices: p590(v108) p209(v53) p997(v18)
    - neighboring facets: f234 f492 f573
- f492
    - flags: bottom simplicial
    - normal:    0.8313  -0.3522   0.4299
    - offset: -0.08909811
    - vertices: p590(v108) p744(v99) p997(v18)
    - neighboring facets: f450 f490 f493
- f493
    - flags: top simplicial
    - normal:    0.8109  -0.3114   0.4954
    - offset: -0.09549317
    - vertices: p590(v108) p744(v99) p243(v54)
    - neighboring facets: f451 f577 f492
- f496
    - flags: bottom simplicial
    - normal:     0.139  -0.2146   0.9667
    - offset: -0.1529542
    - vertices: p146(v109) p735(v82) p243(v54)
    - neighboring facets: f371 f497 f498
- f497
    - flags: top simplicial
    - normal:   0.09139 -0.08157   0.9925
    - offset: -0.1540905
    - vertices: p146(v109) p766(v83) p243(v54)
    - neighboring facets: f487 f496 f500
- f498
    - flags: top simplicial
    - normal:   0.01379  -0.1433   0.9896
    - offset: -0.1542485
    - vertices: p146(v109) p735(v82) p228(v19)
    - neighboring facets: f374 f499 f496
- f499
    - flags: top simplicial
    - normal:  -0.0001559 -0.002546        1
    - offset: -0.1531356
    - vertices: p146(v109) p228(v19) p267(v3)
    - neighboring facets: f281 f500 f498
- f500
    - flags: bottom simplicial
    - normal:  0.002464 -0.002639        1
    - offset: -0.1531552
    - vertices: p146(v109) p766(v83) p267(v3)
    - neighboring facets: f489 f499 f497
- f501
    - flags: top simplicial
    - normal:   -0.1339    0.823    0.552
    - offset: -0.1056078
    - vertices: p743(v110) p181(v55) p644(v48)
    - neighboring facets: f567 f505 f502
- f502
    - flags: top simplicial
    - normal:  -0.07518   0.9478     0.31
    - offset: -0.08887988
    - vertices: p743(v110) p794(v84) p181(v55)
    - neighboring facets: f381 f501 f503
- f503
    - flags: bottom simplicial
    - normal:   -0.2443   0.9692  0.02973
    - offset: -0.06799456
    - vertices: p743(v110) p794(v84) p655(v2)
    - neighboring facets: f381 f504 f502
- f504
    - flags: top simplicial
    - normal:   -0.2899    0.957 -0.01056
    - offset: -0.06459467
    - vertices: p743(v110) p374(v26) p655(v2)
    - neighboring facets: f588 f503 f505
- f505
    - flags: top simplicial
    - normal:   -0.5508   0.8344 -0.02007
    - offset: -0.0628096
    - vertices: p743(v110) p644(v48) p374(v26)
    - neighboring facets: f338 f504 f501
- f506
    - flags: bottom simplicial
    - normal:    0.1764   0.9798 -0.09415
    - offset: -0.05536807
    - vertices: p262(v111) p310(v56) p655(v2)
    - neighboring facets: f587 f507 f508
- f507
    - flags: top simplicial
    - normal:    0.2099   0.9745 -0.07908
    - offset: -0.05583588
    - vertices: p262(v111) p20(v86) p655(v2)
    - neighboring facets: f388 f506 f508
- f508
    - flags: bottom simplicial
    - normal:    0.3388   0.9233  -0.1809
    - offset: -0.05151075
    - vertices: p262(v111) p20(v86) p310(v56)
    - neighboring facets: f512 f506 f507
- f509
    - flags: top simplicial
    - normal:    0.6894    0.719 -0.08868
    - offset: -0.05284276
    - vertices: p845(v112) p817(v59) p943(v28)
    - neighboring facets: f267 f510 f514
- f510
    - flags: bottom simplicial
    - normal:    0.5299   0.8415  -0.1048
    - offset: -0.05459714
    - vertices: p845(v112) p20(v86) p943(v28)
    - neighboring facets: f388 f509 f515
- f512
    - flags: top simplicial
    - normal:    0.4589   0.8445   -0.276
    - offset: -0.04573307
    - vertices: p91(v113) p20(v86) p310(v56)
    - neighboring facets: f508 f625 f515
- f514
    - flags: bottom simplicial
    - normal:    0.6873   0.7173  -0.1145
    - offset: -0.05138084
    - vertices: p91(v113) p845(v112) p817(v59)
    - neighboring facets: f509 f583 f515
- f515
    - flags: top simplicial
    - normal:    0.6007   0.7869  -0.1413
    - offset: -0.05158088
    - vertices: p91(v113) p845(v112) p20(v86)
    - neighboring facets: f510 f512 f514
- f520
    - flags: top simplicial
    - normal:   -0.5038   0.4729  -0.7229
    - offset: -0.01482432
    - vertices: p387(v114) p574(v76) p346(v5)
    - neighboring facets: f465 f592 f524
- f523
    - flags: bottom simplicial
    - normal:   -0.6313   0.5862  -0.5078
    - offset: -0.03048844
    - vertices: p387(v114) p639(v105) p84(v78)
    - neighboring facets: f478 f590 f525
- f524
    - flags: bottom simplicial
    - normal:   -0.6107   0.5486  -0.5711
    - offset: -0.02609809
    - vertices: p387(v114) p574(v76) p72(v17)
    - neighboring facets: f466 f525 f520
- f525
    - flags: top simplicial
    - normal:   -0.6159   0.5548  -0.5593
    - offset: -0.02691311
    - vertices: p387(v114) p639(v105) p72(v17)
    - neighboring facets: f476 f524 f523
- f526
    - flags: top simplicial tested seen
    - normal:   0.05473    0.316  -0.9472
    - offset: -0.00787473
    - center: 0.0006406166666666664 0.01255446333333333 -0.004088933333333333 
    - vertices: p529(v115) p438(v88) p346(v5)
    - neighboring facets: f399 f646 f595
    - ridges:
- f531
    - flags: bottom simplicial
    - normal:    -0.785   0.2281   0.5759
    - offset: -0.1065898
    - vertices: p834(v116) p37(v91) p804(v7)
    - neighboring facets: f420 f533 f532
- f532
    - flags: top simplicial
    - normal:    -0.769   0.3973   0.5008
    - offset: -0.09894275
    - vertices: p834(v116) p37(v91) p278(v30)
    - neighboring facets: f417 f535 f531
- f533
    - flags: top simplicial
    - normal:   -0.7075   0.4645   0.5326
    - offset: -0.1012179
    - vertices: p834(v116) p208(v24) p804(v7)
    - neighboring facets: f209 f531 f534
- f534
    - flags: top simplicial
    - normal:   -0.7249   0.4759    0.498
    - offset: -0.09783579
    - vertices: p834(v116) p393(v74) p208(v24)
    - neighboring facets: f332 f533 f535
- f535
    - flags: bottom simplicial
    - normal:   -0.7315    0.467   0.4967
    - offset: -0.09783291
    - vertices: p834(v116) p393(v74) p278(v30)
    - neighboring facets: f333 f532 f534
- f540
    - flags: bottom simplicial
    - normal:   -0.5785  -0.6116   0.5397
    - offset: -0.1008283
    - vertices: p949(v118) p663(v36) p907(v35)
    - neighboring facets: f155 f630 f542
- f542
    - flags: bottom simplicial
    - normal:   -0.6107  -0.6668   0.4272
    - offset: -0.09014411
    - vertices: p949(v118) p97(v64) p663(v36)
    - neighboring facets: f601 f540 f614
- f544
    - flags: top simplicial
    - normal:    0.1431  -0.9893 -0.02807
    - offset: -0.04027949
    - vertices: p913(v119) p945(v65) p441(v39)
    - neighboring facets: f297 f545 f546
- f545
    - flags: bottom simplicial
    - normal:    0.1052  -0.9944  0.00225
    - offset: -0.04393688
    - vertices: p913(v119) p576(v96) p441(v39)
    - neighboring facets: f439 f544 f546
- f546
    - flags: top simplicial
    - normal:    0.1437  -0.9893 -0.02702
    - offset: -0.04040451
    - vertices: p913(v119) p576(v96) p945(v65)
    - neighboring facets: f436 f544 f545
- f547
    - flags: top simplicial
    - normal:     0.628  -0.7528   0.1976
    - offset: -0.06586648
    - vertices: p64(v120) p0(v66) p626(v41)
    - neighboring facets: f299 f548 f549
- f548
    - flags: bottom simplicial
    - normal:    0.4059  -0.9119  0.06148
    - offset: -0.05077486
    - vertices: p64(v120) p865(v98) p626(v41)
    - neighboring facets: f448 f547 f549
- f549
    - flags: top simplicial
    - normal:    0.5091  -0.8489   0.1417
    - offset: -0.05923208
    - vertices: p64(v120) p865(v98) p0(v66)
    - neighboring facets: f445 f547 f548
- f550
    - flags: top simplicial
    - normal:   -0.6352  0.07413  -0.7688
    - offset: -0.01366795
    - vertices: p232(v121) p163(v102) p185(v33)
    - neighboring facets: f461 f552 f551
- f551
    - flags: bottom simplicial
    - normal:   -0.6201 -0.08682  -0.7797
    - offset: -0.01203249
    - vertices: p232(v121) p163(v102) p826(v69)
    - neighboring facets: f460 f553 f550
- f552
    - flags: top simplicial
    - normal:    -0.693  -0.1081  -0.7128
    - offset: -0.01863361
    - vertices: p232(v121) p185(v33) p237(v11)
    - neighboring facets: f142 f553 f550
- f553
    - flags: bottom simplicial
    - normal:   -0.6321  -0.1135  -0.7665
    - offset: -0.01314099
    - vertices: p232(v121) p826(v69) p237(v11)
    - neighboring facets: f328 f552 f551
- f554
    - flags: bottom simplicial
    - normal:   -0.3097  -0.8735  -0.3756
    - offset: -0.02858849
    - vertices: p888(v122) p35(v73) p813(v45)
    - neighboring facets: f327 f555 f616
- f555
    - flags: top simplicial
    - normal:   -0.4458   -0.891 -0.08604
    - offset: -0.05036244
    - vertices: p888(v122) p164(v72) p813(v45)
    - neighboring facets: f321 f554 f556
- f556
    - flags: top simplicial
    - normal:     -0.56  -0.8232 -0.09359
    - offset: -0.05396499
    - vertices: p888(v122) p582(v103) p164(v72)
    - neighboring facets: f467 f555 f558
- f558
    - flags: bottom simplicial
    - normal:   -0.5918  -0.7947  -0.1347
    - offset: -0.05279328
    - vertices: p888(v122) p582(v103) p634(v29)
    - neighboring facets: f467 f633 f556
- f559
    - flags: bottom simplicial tested seen
    - normal:   -0.6974  -0.7145  0.05584
    - offset: -0.06955631
    - center: -0.0685357 -0.02522376666666666 0.06692696666666666 
    - vertices: p24(v123) p97(v64) p634(v29)
    - neighboring facets: f637 f610 f560
    - ridges:
- f560
    - flags: bottom simplicial tested
    - normal:   -0.6782  -0.7318  0.06776
    - offset: -0.06952443
    - center: -0.06753776666666667 -0.025992 0.06938176666666666 
    - vertices: p24(v123) p188(v104) p97(v64)
    - neighboring facets: f607 f559 f608
- f563
    - flags: top simplicial
    - normal:   0.05028   0.7411   0.6695
    - offset: -0.1140912
    - vertices: p696(v124) p116(v106) p947(v51)
    - neighboring facets: f479 f564 f568
- f564
    - flags: top simplicial
    - normal:   -0.1253   0.7142   0.6887
    - offset: -0.1164351
    - vertices: p696(v124) p947(v51) p804(v7)
    - neighboring facets: f224 f565 f563
- f565
    - flags: bottom simplicial
    - normal:    -0.267   0.7245   0.6354
    - offset: -0.1112469
    - vertices: p696(v124) p253(v80) p804(v7)
    - neighboring facets: f361 f564 f566
- f566
    - flags: top simplicial
    - normal:   -0.2671   0.7246   0.6353
    - offset:  -0.111239
    - vertices: p696(v124) p253(v80) p644(v48)
    - neighboring facets: f361 f567 f565
- f567
    - flags: bottom simplicial
    - normal:   -0.1395   0.7979   0.5865
    - offset: -0.1075466
    - vertices: p696(v124) p181(v55) p644(v48)
    - neighboring facets: f501 f566 f568
- f568
    - flags: bottom simplicial
    - normal:   0.04216   0.7739   0.6319
    - offset: -0.1109257
    - vertices: p696(v124) p116(v106) p181(v55)
    - neighboring facets: f481 f567 f563
- f569
    - flags: bottom simplicial
    - normal:  0.002357 0.001582        1
    - offset: -0.1531443
    - vertices: p903(v125) p757(v27) p267(v3)
    - neighboring facets: f220 f570 f571
- f570
    - flags: top simplicial
    - normal:  0.003335 0.0002388        1
    - offset: -0.1531548
    - vertices: p903(v125) p169(v107) p267(v3)
    - neighboring facets: f489 f569 f571
- f571
    - flags: bottom simplicial
    - normal:  0.004289 0.0008221        1
    - offset:  -0.153173
    - vertices: p903(v125) p169(v107) p757(v27)
    - neighboring facets: f575 f569 f570
- f572
    - flags: top simplicial
    - normal:    0.8931  0.06256   0.4455
    - offset: -0.09119996
    - vertices: p325(v126) p88(v81) p209(v53)
    - neighboring facets: f368 f573 f574
- f573
    - flags: bottom simplicial
    - normal:    0.9137 -0.09132   0.3959
    - offset: -0.08614976
    - vertices: p325(v126) p590(v108) p209(v53)
    - neighboring facets: f490 f572 f577
- f574
    - flags: bottom simplicial
    - normal:    0.8256  0.08667   0.5576
    - offset: -0.1022254
    - vertices: p325(v126) p88(v81) p757(v27)
    - neighboring facets: f365 f575 f572
- f575
    - flags: top simplicial
    - normal:    0.8242  0.07493   0.5613
    - offset: -0.1026384
    - vertices: p325(v126) p169(v107) p757(v27)
    - neighboring facets: f571 f574 f576
- f576
    - flags: bottom simplicial
    - normal:    0.8217  -0.1016   0.5608
    - offset: -0.1027224
    - vertices: p325(v126) p169(v107) p243(v54)
    - neighboring facets: f487 f577 f575
- f577
    - flags: top simplicial
    - normal:    0.8285  -0.2075     0.52
    - offset: -0.09812821
    - vertices: p325(v126) p590(v108) p243(v54)
    - neighboring facets: f493 f576 f573
- f581
    - flags: top simplicial
    - normal:    0.6647   0.3233  -0.6736
    - offset: -0.01371689
    - vertices: p281(v128) p438(v88) p102(v37)
    - neighboring facets: f400 f584 f623
- f583
    - flags: bottom simplicial
    - normal:    0.6987   0.4914    -0.52
    - offset: -0.02542734
    - vertices: p281(v128) p91(v113) p817(v59)
    - neighboring facets: f514 f585 f624
- f584
    - flags: top simplicial
    - normal:         1 0.0003029 -0.0001415
    - offset: -0.05683601
    - vertices: p281(v128) p102(v37) p781(v31)
    - neighboring facets: f161 f585 f581
- f585
    - flags: bottom simplicial
    - normal:    0.9682   0.2434 -0.05807
    - offset: -0.05677923
    - vertices: p281(v128) p817(v59) p781(v31)
    - neighboring facets: f267 f584 f583
- f587
    - flags: top simplicial
    - normal:  -0.04813   0.9817  -0.1841
    - offset: -0.05085592
    - vertices: p538(v129) p310(v56) p655(v2)
    - neighboring facets: f506 f588 f628
- f588
    - flags: bottom simplicial
    - normal:    -0.227   0.9705 -0.08141
    - offset: -0.05954771
    - vertices: p538(v129) p374(v26) p655(v2)
    - neighboring facets: f504 f587 f589
- f589
    - flags: bottom simplicial
    - normal:   -0.5735    0.793  -0.2057
    - offset: -0.04941727
    - vertices: p538(v129) p84(v78) p374(v26)
    - neighboring facets: f350 f588 f590
- f590
    - flags: bottom simplicial
    - normal:   -0.5674   0.7899  -0.2326
    - offset: -0.04764365
    - vertices: p538(v129) p387(v114) p84(v78)
    - neighboring facets: f523 f589 f629
- f591
    - flags: bottom simplicial
    - normal:  -0.08079   0.5897  -0.8036
    - offset: -0.01191132
    - vertices: p375(v130) p310(v56) p346(v5)
    - neighboring facets: f399 f592 f593
- f592
    - flags: top simplicial
    - normal:    -0.426    0.519  -0.7411
    - offset: -0.01459761
    - vertices: p375(v130) p387(v114) p346(v5)
    - neighboring facets: f520 f591 f593
- f593
    - flags: bottom simplicial
    - normal:   -0.2097   0.8961  -0.3911
    - offset: -0.03891639
    - vertices: p375(v130) p387(v114) p310(v56)
    - neighboring facets: f627 f591 f592
- f594
    - flags: bottom simplicial tested
    - normal:    0.2247    0.142   -0.964
    - offset: -0.006843165
    - center: 0.01019262666666667 0.004840130000000001 -0.004009523333333334 
    - vertices: p543(v131) p438(v88) p992(v20)
    - neighboring facets: f400 f596 f595
- f595
    - flags: bottom simplicial tested seen
    - normal:     0.196   0.1634  -0.9669
    - offset: -0.006899554
    - center: 0.005745876666666667 0.01113638 -0.004088933333333333 
    - vertices: p543(v131) p529(v115) p438(v88)
    - neighboring facets: f526 f594 f646
    - ridges:
- f596
    - flags: top simplicial tested
    - normal:   0.02703 0.004719  -0.9996
    - offset: -0.005145943
    - center: 0.009728886666666667 -0.005911436666666666 -0.004912676666666667 
    - vertices: p543(v131) p313(v44) p992(v20)
    - neighboring facets: f308 f594 f598
- f598
    - flags: bottom simplicial tested seen
    - normal:  0.002384 -0.0003161       -1
    - offset: -0.005005979
    - center: 0.0054379 -0.002987399666666666 -0.004992086666666666 
    - vertices: p543(v131) p313(v44) p405(v43)
    - neighboring facets: f316 f643 f596
    - ridges:
- f599
    - flags: bottom simplicial
    - normal:   -0.5499  -0.7497   0.3681
    - offset: -0.08463743
    - vertices: p651(v132) p535(v94) p663(v36)
    - neighboring facets: f427 f601 f600
- f600
    - flags: bottom simplicial
    - normal:   -0.5558  -0.7468   0.3651
    - offset: -0.08453617
    - vertices: p651(v132) p127(v117) p535(v94)
    - neighboring facets: f603 f599 f602
- f601
    - flags: top simplicial
    - normal:   -0.5999  -0.6866   0.4107
    - offset: -0.08864269
    - vertices: p651(v132) p97(v64) p663(v36)
    - neighboring facets: f542 f599 f602
- f602
    - flags: top simplicial
    - normal:   -0.5967  -0.6955   0.4003
    - offset: -0.08784692
    - vertices: p651(v132) p127(v117) p97(v64)
    - neighboring facets: f606 f601 f600
- f603
    - flags: top simplicial
    - normal:   -0.5571  -0.8038   0.2087
    - offset: -0.07376265
    - vertices: p702(v133) p127(v117) p535(v94)
    - neighboring facets: f600 f605 f606
- f604
    - flags: bottom simplicial
    - normal:   -0.4589  -0.8885 -0.007985
    - offset: -0.05621013
    - vertices: p702(v133) p164(v72) p839(v6)
    - neighboring facets: f321 f605 f609
- f605
    - flags: top simplicial
    - normal:   -0.4758  -0.8714   0.1191
    - offset: -0.06533703
    - vertices: p702(v133) p535(v94) p839(v6)
    - neighboring facets: f430 f604 f603
- f606
    - flags: bottom simplicial
    - normal:    -0.575  -0.7901   0.2126
    - offset: -0.07456938
    - vertices: p702(v133) p127(v117) p97(v64)
    - neighboring facets: f602 f607 f603
- f607
    - flags: top simplicial
    - normal:   -0.6112  -0.7825   0.1192
    - offset: -0.06992212
    - vertices: p702(v133) p188(v104) p97(v64)
    - neighboring facets: f560 f606 f608
- f608
    - flags: top simplicial
    - normal:   -0.6067  -0.7944  0.03004
    - offset: -0.06394095
    - vertices: p702(v133) p24(v123) p188(v104)
    - neighboring facets: f560 f607 f610
- f609
    - flags: top simplicial
    - normal:    -0.598  -0.8013 -0.01678
    - offset: -0.06046369
    - vertices: p702(v133) p164(v72) p634(v29)
    - neighboring facets: f467 f610 f604
- f610
    - flags: bottom simplicial
    - normal:    -0.599  -0.8006  -0.0145
    - offset: -0.06065386
    - vertices: p702(v133) p24(v123) p634(v29)
    - neighboring facets: f559 f609 f608
- f611
    - flags: top simplicial
    - normal:   -0.6898  -0.5059   0.5179
    - offset: -0.09893262
    - vertices: p412(v134) p844(v95) p907(v35)
    - neighboring facets: f433 f631 f613
- f613
    - flags: bottom simplicial
    - normal:   -0.6787  -0.5479    0.489
    - offset: -0.09665601
    - vertices: p412(v134) p844(v95) p97(v64)
    - neighboring facets: f432 f614 f611
- f614
    - flags: top simplicial
    - normal:   -0.6326  -0.6296    0.451
    - offset: -0.09255986
    - vertices: p412(v134) p949(v118) p97(v64)
    - neighboring facets: f542 f613 f632
- f616
    - flags: top simplicial
    - normal:   -0.6565  -0.6095  -0.4443
    - offset: -0.03538869
    - vertices: p557(v135) p888(v122) p35(v73)
    - neighboring facets: f554 f618 f635
- f617
    - flags: bottom simplicial
    - normal:   -0.8105  -0.3531  -0.4673
    - offset: -0.03699267
    - vertices: p557(v135) p634(v29) p237(v11)
    - neighboring facets: f142 f618 f634
- f618
    - flags: top simplicial
    - normal:   -0.7205   -0.416  -0.5549
    - offset: -0.0292017
    - vertices: p557(v135) p35(v73) p237(v11)
    - neighboring facets: f328 f617 f616
- f619
    - flags: bottom simplicial
    - normal:    0.4972   0.4975  -0.7109
    - offset: -0.01490116
    - vertices: p512(v136) p438(v88) p310(v56)
    - neighboring facets: f399 f620 f621
- f620
    - flags: top simplicial
    - normal:    0.5494   0.4984  -0.6707
    - offset: -0.01653321
    - vertices: p512(v136) p28(v127) p310(v56)
    - neighboring facets: f626 f619 f621
- f621
    - flags: bottom simplicial
    - normal:    0.5349   0.4827  -0.6935
    - offset: -0.01501361
    - vertices: p512(v136) p28(v127) p438(v88)
    - neighboring facets: f622 f619 f620
- f622
    - flags: top simplicial
    - normal:    0.6144   0.4291  -0.6621
    - offset: -0.01489459
    - vertices: p930(v137) p28(v127) p438(v88)
    - neighboring facets: f621 f623 f626
- f623
    - flags: bottom simplicial
    - normal:    0.6401    0.407  -0.6516
    - offset: -0.01477749
    - vertices: p930(v137) p281(v128) p438(v88)
    - neighboring facets: f581 f622 f624
- f624
    - flags: top simplicial
    - normal:    0.6458   0.4164  -0.6399
    - offset: -0.01578825
    - vertices: p930(v137) p281(v128) p91(v113)
    - neighboring facets: f583 f625 f623
- f625
    - flags: top simplicial
    - normal:    0.5538   0.5808  -0.5967
    - offset: -0.02322675
    - vertices: p930(v137) p91(v113) p310(v56)
    - neighboring facets: f512 f626 f624
- f626
    - flags: bottom simplicial
    - normal:    0.5526      0.5  -0.6668
    - offset: -0.01676063
    - vertices: p930(v137) p28(v127) p310(v56)
    - neighboring facets: f620 f625 f622
- f627
    - flags: top simplicial
    - normal:   -0.2081   0.9088  -0.3615
    - offset: -0.04043236
    - vertices: p782(v138) p387(v114) p310(v56)
    - neighboring facets: f593 f628 f629
- f628
    - flags: bottom simplicial
    - normal:   -0.2064   0.9125  -0.3532
    - offset: -0.04087667
    - vertices: p782(v138) p538(v129) p310(v56)
    - neighboring facets: f587 f627 f629
- f629
    - flags: top simplicial
    - normal:    -0.208   0.9116  -0.3545
    - offset: -0.04078634
    - vertices: p782(v138) p538(v129) p387(v114)
    - neighboring facets: f590 f627 f628
- f630
    - flags: bottom simplicial
    - normal:   -0.6756  -0.5259   0.5167
    - offset: -0.09863202
    - vertices: p431(v139) p949(v118) p907(v35)
    - neighboring facets: f540 f631 f632
- f631
    - flags: top simplicial
    - normal:   -0.6789  -0.5224   0.5159
    - offset: -0.09854742
    - vertices: p431(v139) p412(v134) p907(v35)
    - neighboring facets: f611 f630 f632
- f632
    - flags: bottom simplicial
    - normal:   -0.6766  -0.5283   0.5129
    - offset: -0.09828843
    - vertices: p431(v139) p412(v134) p949(v118)
    - neighboring facets: f614 f630 f631
- f633
    - flags: bottom simplicial
    - normal:   -0.6906  -0.6201  -0.3723
    - offset: -0.04102673
    - vertices: p520(v140) p888(v122) p634(v29)
    - neighboring facets: f558 f634 f635
- f634
    - flags: top simplicial
    - normal:   -0.6938  -0.6136  -0.3769
    - offset: -0.04081386
    - vertices: p520(v140) p557(v135) p634(v29)
    - neighboring facets: f617 f633 f635
- f635
    - flags: bottom simplicial
    - normal:   -0.6897  -0.6171  -0.3788
    - offset: -0.04056972
    - vertices: p520(v140) p557(v135) p888(v122)
    - neighboring facets: f616 f633 f634
- f636
    - flags: bottom simplicial tricoplanar keepcentrum
    - owner of normal & centrum is facet f636
    - normal:        -1       -0       -0
    - offset: -0.0693822
    - center: -0.0693822 0.0004515071428571432 0.07162294285714285 
    - vertices: p37(v91) p593(v90) p174(v89)
    - neighboring facets: f410 f638 f639
- f637
    - flags: top simplicial tricoplanar
    - owner of normal & centrum is facet f636
    - normal:        -1       -0       -0
    - offset: -0.0693822
    - center: -0.0693822 0.0004515071428571432 0.07162294285714285 
    - vertices: p37(v91) p97(v64) p634(v29)
    - neighboring facets: f559 f638 f640
- f638
    - flags: bottom simplicial tricoplanar
    - owner of normal & centrum is facet f636
    - normal:        -1       -0       -0
    - offset: -0.0693822
    - center: -0.0693822 0.0004515071428571432 0.07162294285714285 
    - vertices: p37(v91) p174(v89) p634(v29)
    - neighboring facets: f404 f637 f636
- f639
    - flags: top simplicial tricoplanar
    - owner of normal & centrum is facet f636
    - normal:        -1       -0       -0
    - offset: -0.0693822
    - center: -0.0693822 0.0004515071428571432 0.07162294285714285 
    - vertices: p37(v91) p593(v90) p962(v58)
    - neighboring facets: f412 f417 f636
- f640
    - flags: bottom simplicial tricoplanar
    - owner of normal & centrum is facet f636
    - normal:        -1       -0       -0
    - offset: -0.0693822
    - center: -0.0693822 0.0004515071428571432 0.07162294285714285 
    - vertices: p37(v91) p97(v64) p894(v15)
    - neighboring facets: f432 f421 f637
- f643
    - flags: top simplicial tricoplanar keepcentrum
    - owner of normal & centrum is facet f643
    - normal:        -0       -0       -1
    - offset: -0.00499839
    - center: -0.001505331666666667 -0.0005333681666666662 -0.00499839 
    - vertices: p543(v131) p273(v70) p405(v43)
    - neighboring facets: f316 f598 f645
- f644
    - flags: bottom simplicial tricoplanar
    - owner of normal & centrum is facet f643
    - normal:        -0       -0       -1
    - offset: -0.00499839
    - center: -0.001505331666666667 -0.0005333681666666662 -0.00499839 
    - vertices: p543(v131) p846(v23) p346(v5)
    - neighboring facets: f462 f646 f645
- f645
    - flags: bottom simplicial tricoplanar
    - owner of normal & centrum is facet f643
    - normal:        -0       -0       -1
    - offset: -0.00499839
    - center: -0.001505331666666667 -0.0005333681666666662 -0.00499839 
    - vertices: p543(v131) p273(v70) p846(v23)
    - neighboring facets: f315 f644 f643
- f646
    - flags: top simplicial tricoplanar
    - owner of normal & centrum is facet f643
    - normal:        -0       -0       -1
    - offset: -0.00499839
    - center: -0.001505331666666667 -0.0005333681666666662 -0.00499839 
    - vertices: p543(v131) p529(v115) p346(v5)
    - neighboring facets: f526 f644 f595
