3
1000 250 375
-0.009219349999999999 0.0922 0.0981996 
-0.0262216 0.0805208 0.103889 
0.0355111 0.050951 0.145285 
0.0529952 0.0178651 0.0402583 
0.0182853 -0.0581522 0.0359455 
0.0283884 0.0197202 0.0424688 
-0.00277288 0.0672 0.0547201 
0.0424373 0.0528588 0.0553221 
0.0169493 0.0672 0.0862233 
-0.0299828 0.07702580000000001 0.120378 
-0.0395228 0.0554216 0.0915227 
-0.0156751 -0.0519685 0.0851143 
0.0369493 0.0553707 0.030884 
-0.0234104 0.0600811 0.0178843 
0.0461416 0.0557113 0.123819 
-0.0313229 0.0398439 0.0145025 
0.0339662 0.0672 0.0204704 
0.0297576 0.0667 0.0667068 
0.0371886 0.0131136 0.00774272 
0.0271627 0.0682 0.0592768 
0.00186708 -0.0155227 -0.00249427 
0.0349021 -0.0031437 0.00650573 
-0.0146471 0.0833885 0.145573 
0.019497 -0.0508991 0.06400500000000001 
0.0113392 0.0603278 0.156213 
0.034939 -0.00180278 0.0206233 
0.0161979 0.0922 0.0388388 
0.0135476 0.0587 0.150027 
-0.0176211 -0.0400903 0.0448663 
0.0352068 0.0906226 0.0727047 
0.008304209999999999 -0.00608287 0.0354879 
0.0115199 0.0667 0.0697121 
0.0136765 0.0470667 0.015732 
-0.00284836 0.07058639999999999 0.0428567 
-0.0120368 0.0793866 0.14691 
-0.0256373 0.09159349999999999 0.105812 
0.0243067 -0.0651236 0.110766 
-0.0222502 0.083465 0.0935189 
0.0323786 0.0677707 0.09862600000000001 
0.0381866 -0.0113154 0.0143942 
-0.0197769 0.0922 0.12564 
-0.0322107 0.0361099 0.036916 
-0.024273 0.0587 0.0679596 
0.0349969 0.0490085 0.0107057 
0.0179092 -0.0540073 0.0596901 
-0.00506233 0.0922 0.145506 
0.0210841 0.0413265 0.043839 
0.00329484 -0.0404386 0.0207057 
-0.0210534 -0.00965878 0.0207057 
0.00624161 0.0597 0.157691 
-0.00932937 0.0847643 0.0597799 
-0.0269287 0.0587 0.151501 
-0.0260805 0.0687 0.0900812 
-0.00427097 0.0672 0.0538023 
0.00748505 0.01292 0.0231634 
-0.0418225 0.0628416 0.0962785 
0.00413969 -0.0645305 0.0650657 
-0.00467979 -0.0266232 0.0207057 
-0.0427384 0.0549298 0.130217 
-0.0206699 0.0922 0.118764 
0.0254258 0.0922 0.100393 
0.0329327 0.0597 0.1414 
0.00825416 -0.0339031 -0.00334179 
-0.0252433 0.0502 0.103027 
0.000661711 0.0681095 0.0359818 
0.0223768 0.0245395 -0.00349427 
0.0543029 0.0178651 0.0331231 
-0.029359 0.0714002 0.113465 
-0.0192388 0.0922 0.0990303 
-0.0111644 -0.0344952 0.0207057 
0.0265355 -0.0452597 0.0476414 
-0.00171514 0.0922 0.110177 
0.0424566 0.0525064 0.0515361 
-0.0437605 0.0549132 0.122219 
0.0182213 -0.00583909 0.0137419 
0.00659843 -0.0687989 0.0772702 
0.0178489 0.0587 0.0839476 
-0.0226636 0.0587 0.0602556 
0.00605379 0.0301417 -0.00349428 
-0.0367151 0.0175057 0.0221616 
0.0365309 0.0349856 0.0240239 
0.0338681 0.0587 0.0953904 
0.0197754 -0.0495742 0.046326 
-0.0235471 0.0922 0.0994505 
0.0442902 0.06655369999999999 0.0318014 
-0.0153128 -0.0443577 0.0541507 
0.0325186 0.0587 0.144037 
0.0272132 0.0682 0.06297999999999999 
0.00307216 0.0922 0.100857 
0.0378027 0.0855037 0.048912 
0.0327141 0.077874 0.0955506 
-0.00152514 -0.0560344 0.0126802 
-0.0142317 0.0560428 0.161066 
-0.00505678 -0.0526935 0.0109581 
0.0073107 -0.0525395 0.0946727 
0.00912966 0.000940159 0.0367232 
-0.00614802 -0.0525 0.139343 
-0.00295387 0.0690409 0.0431322 
0.00501395 0.0545633 0.0729882 
-0.0189887 -0.06781040000000001 0.124263 
-0.0152414 0.0312786 -0.00328862 
0.0292346 -0.037861 0.03706 
0.00874288 0.0922 0.0704499 
0.0169991 0.0548204 0.0430264 
0.034349 0.0597 0.137976 
-0.0136851 -0.06950000000000001 0.104238 
-0.00212311 0.0434836 0.0104182 
0.0263363 0.0225786 -0.000325602 
-0.0323473 -0.0127711 -0.000206503 
-0.00392236 0.0672 0.08688460000000001 
0.0363903 0.0408605 0.0336946 
-0.0288804 0.0794329 0.111741 
0.0208912 0.0329311 0.0132108 
0.0537799 0.0178651 0.0140127 
0.0166918 -0.06542539999999999 0.139125 
-0.00600941 -0.0611562 0.0676461 
0.00458832 0.0922 0.0538061 
-0.0037501 0.0126043 -0.00249427 
0.0362579 0.07544380000000001 0.0630708 
0.0223206 0.0495412 0.0439265 
0.037797 0.0657793 0.124456 
0.009641830000000001 -0.0487245 0.0107057 
-0.0431261 0.0571483 0.110988 
0.0268577 0.0922 0.124536 
0.058734 0.0225373 0.010755 
0.00775324 0.0672 0.121947 
-0.012475 0.0403414 0.0100089 
-0.0359271 0.0597 0.140256 
0.048151 0.0178651 0.0309622 
0.0271944 -0.0200392 0.0395202 
0.0192027 -0.06634760000000001 0.122169 
0.0259894 0.0835283 0.134244 
-0.0224944 0.0587 0.0608067 
-0.0366794 0.0564858 0.143803 
-0.0296946 0.0826086 0.122862 
0.0160574 -0.0632373 0.0564889 
0.0233588 0.0922 0.0429708 
0.018995 0.0922 0.0931985 
0.008280310000000001 -0.00467358 0.0393124 
-0.00183141 0.0922 0.09754500000000001 
0.0296599 0.0672 0.121597 
0.0248994 -0.00211727 -0.00249427 
-0.0203714 -0.0525 0.106222 
0.0144519 0.06990250000000001 0.145667 
-0.0207863 0.0587 0.130638 
0.0375013 0.0922 0.0270455 
0.00352417 0.0502 0.135951 
0.0396428 0.0901068 0.0255816 
-0.013705 0.0537 0.161682 
0.0101345 -0.0595 0.131088 
0.0341615 0.00765678 0.00650573 
0.00319002 0.0537206 0.07477689999999999 
0.0565173 0.0532051 0.0417407 
0.0113219 0.0667 0.0571279 
0.0260641 0.0922 0.0399627 
0.0366114 0.00310487 0.0325831 
0.0424667 0.0271017 0.0415726 
-0.0185591 0.0295578 -0.00169006 
0.0118342 0.0587 0.118564 
0.00180709 -0.0548775 0.08950669999999999 
0.0265309 0.0580455 0.0848315 
0.0310353 0.0908379 0.106256 
0.0428666 0.0557754 0.0727844 
0.0433506 0.0369121 0.0415107 
-0.0364901 0.0603129 0.107732 
0.0199432 0.0682 0.0390314 
0.0395934 0.0716266 0.0325001 
-0.0296198 0.0786176 0.11493 
0.0119018 0.08234180000000001 0.146973 
-0.00441911 0.0502 0.136107 
0.0242786 0.0272624 0.0508687 
0.0135028 0.0425121 0.0106565 
-0.0154793 -0.0568612 0.0542391 
0.0261277 -0.0447032 0.0593045 
0.0036514 0.08022609999999999 0.0258845 
-0.0181011 0.0562079 0.0407545 
0.06542240000000001 0.0424852 0.0181365 
0.00864243 0.0922 0.0714808 
-0.00639555 0.0682 0.0876079 
0.0338047 0.00739219 0.0380858 
0.00525808 0.0672 0.115301 
0.0355361 0.0538026 0.146971 
0.000913619 -0.0662399 0.145159 
-0.019409 -0.0493932 0.0370827 
-0.0349185 0.00352257 0.0207057 
-0.00276905 0.06812169999999999 0.0310786 
0.035312 0.0672 0.068798 
-0.0272867 -0.0215424 -0.00132709 
0.016986 0.060732 0.15369 
-0.00263481 0.0375458 0.00650573 
0.0011654 0.0614844 0.16596 
0.0270996 -0.0265963 0.00650573 
0.00551048 0.0672 0.08703760000000001 
0.0178142 0.089852 0.143488 
-0.0137181 -0.0488561 0.0480373 
-0.0353187 0.0459021 0.06300559999999999 
0.0227241 0.0672 0.115454 
0.0323549 -0.00426662 0.0398185 
0.0608206 0.0603521 0.0216566 
-0.00793232 0.0528174 0.162731 
-0.000132066 0.0316506 0.035811 
-0.00389461 -0.0344975 0.00180472 
0.0177011 0.0922 0.0859568 
0.00743582 0.0682 0.0405392 
0.018394 0.0921685 0.13926 
0.0361714 0.0803437 0.0178008 
0.0298113 0.00183336 0.0453175 
0.0314594 0.0687866 0.107051 
0.0407821 0.0587 0.120203 
-0.0221189 0.0922 0.12126 
0.0352588 0.008724559999999999 0.0211019 
0.0293164 0.0541211 0.0418487 
0.00687119 0.0922 0.0563325 
-0.0206921 -0.0375122 0.0266307 
-0.0235209 0.0682 0.0294555 
0.038701 0.0682 0.0538311 
0.0162477 0.008978369999999999 -0.00249427 
-0.0106308 0.0672 0.114444 
-0.0026624 0.0672 0.142334 
0.0199923 0.0589152 0.0133897 
-0.00710184 -0.051 0.128067 
0.0238428 0.0587 0.0722544 
0.0279499 0.0922 0.0574936 
-0.0234344 0.0587 0.095176 
0.0620185 0.0311393 0.010755 
-0.0114383 0.0922 0.129273 
0.0329436 -0.0248498 0.0291485 
0.00377294 -0.0352306 0.0207057 
0.0288852 0.0502 0.147006 
0.0456243 0.0614993 0.110385 
-0.0184693 -0.0385033 0.0435483 
-0.0260975 0.0303766 0.00821032 
0.0332737 0.0890769 0.0904219 
-0.0145733 0.0542693 0.0396658 
-0.0292388 0.0534432 0.08670410000000001 
0.0348891 0.0554071 0.010909 
-0.0363519 0.0587 0.137118 
-0.038432 0.06259969999999999 0.12182 
-0.0391957 0.0598136 0.0842458 
0.0253587 -0.0176238 0.0408404 
-0.0161045 -0.0523741 0.0773083 
0.0229743 0.0746925 0.138497 
0.0379264 -0.0127761 0.0174019 
-0.0216234 0.0502 0.14106 
0.0392274 -0.00547121 0.017128 
-0.0366144 0.0297091 0.0317489 
0.0560801 0.0178651 0.0236365 
-0.0154196 0.0672 0.078996 
0.0400621 0.0502 0.11216 
0.0295493 0.012218 -0.00349427 
0.0299972 0.0682 0.0434875 
0.00537882 0.0502 0.0801473 
0.0128787 0.0587 0.156779 
0.0378972 0.0587 0.1227 
-0.00889303 0.058265 0.0534569 
0.0157519 -0.06559470000000001 0.0905411 
0.0607681 0.0143304 0.0161021 
0.00433957 0.0672 0.112167 
-0.0297792 0.0503602 0.0237102 
0.0338291 0.0774159 0.08533109999999999 
0.0311351 -0.00794514 0.0406335 
-0.0285185 0.0688037 0.110377 
-0.0012095 -0.0604235 0.0219785 
0.00886122 0.066736 0.0106719 
-0.0307369 0.034432 0.0390768 
0.00475392 0.0587 0.151519 
0.0226671 -0.0552428 0.0829776 
-0.0167153 0.0502 0.150228 
-0.0241425 0.0922 0.133515 
0.0178505 0.0587 0.122244 
0.0297899 0.0772775 0.0124688 
0.0138032 0.0682 0.0303755 
0.00766444 0.0667 0.058911 
-0.0278006 0.0682 0.0644469 
0.036589 0.0166046 0.00853949 
0.0423429 0.061057 0.138397 
-0.0254125 -0.0402671 0.0224498 
0.0102426 0.0682 0.0692169 
0.0327105 0.0779685 0.095584 
-0.0260081 0.0502 0.0923566 
0.00827087 0.0597 0.0780001 
-0.000554388 0.0922 0.0478476 
0.00220995 0.05711 0.163306 
0.0367696 0.0356925 0.0317874 
0.0328854 -0.0568092 0.124464 
0.0242455 -0.0250754 0.00576313 
0.0122833 0.0816561 0.013433 
-0.0261724 0.0800211 0.103761 
0.00257684 -0.0595 0.131584 
0.00069953 0.0672 0.09671540000000001 
-0.0217426 0.0491331 0.0299185 
-0.00254072 0.0587 0.115961 
0.013784 0.0922 0.109341 
-0.00614989 -0.0686807 0.07947890000000001 
0.06542240000000001 0.0474652 0.0255523 
-0.0123014 0.0682 0.144503 
0.0158263 0.058466 0.0427159 
0.00592372 -0.06259820000000001 0.0813231 
0.0172269 0.0669661 0.00700031 
-0.0236484 0.0586689 0.0724991 
0.0223609 0.0672 0.0488221 
0.0407255 0.00294042 0.0241465 
0.0284334 0.0253392 0.0424387 
0.0435679 0.0570763 0.123897 
-0.00684487 0.0712483 0.0532924 
-0.0318906 -0.0138736 -3.30724e-05 
0.0185302 0.0502 0.148735 
0.0323101 0.0863741 0.0138455 
0.00183681 0.0502 0.0920864 
-0.0111803 0.0808289 0.0646132 
6.01598e-05 -0.0608859 0.0234495 
0.0163549 0.0672 0.0303623 
-0.00687876 0.0672 0.0725642 
0.0116367 0.0579305 0.06458800000000001 
0.00143612 0.0665473 0.0196726 
0.0360585 0.0529319 0.0586796 
0.0288315 0.0672 0.042993 
-0.0119673 -0.0570192 0.0203943 
-0.0188591 -0.0547182 0.142529 
0.0188684 0.0922 0.0859311 
-0.0347459 0.0683763 0.148175 
0.0229464 -0.0456037 0.0149494 
0.0181737 -0.0525 0.109699 
-0.0403555 0.0687 0.110884 
0.00324141 -0.06726260000000001 0.0578321 
0.0258788 0.0922 0.0216928 
0.00243543 0.0682 0.0934676 
-0.0219813 0.08514289999999999 0.0928165 
0.0243486 0.0672 0.0617846 
0.0372417 -0.0158419 0.0176696 
0.0325428 -0.0111645 0.0318881 
0.0329362 0.0656427 0.152252 
-0.0177718 0.0587 0.08716459999999999 
0.0134402 0.0682 0.1367 
-0.0243483 0.0922 0.10165 
0.0286218 0.0502 0.110449 
0.024332 -0.0083 0.0145912 
-0.00190108 0.0672 0.130108 
-0.0302231 0.0447667 0.015007 
0.00699829 0.0813541 0.148531 
-0.0288823 -0.0595 0.135609 
-0.0338622 0.0619196 0.101673 
-0.023004 -0.0308057 0.0236248 
0.0531278 0.0189769 0.0417407 
0.0285442 0.0416653 0.0423647 
0.0306974 0.0587 0.119312 
-0.00540206 0.0678081 0.0227583 
0.0421002 0.0473678 0.0463164 
-0.0278173 0.0431059 0.0237887 
0.0594224 0.00849511 0.0305816 
0.00869208 0.056219 0.0115285 
-0.0324617 0.0687 0.090421 
0.0297495 0.0851968 0.122722 
0.00684178 -0.00426533 0.0306141 
0.0274685 0.0672 0.0370843 
0.0349647 0.00198087 0.0363498 
-0.00220523 0.0672 0.07610989999999999 
0.0167619 0.0699612 0.0113686 
0.0074362 0.0556176 0.0725079 
0.06542240000000001 0.0287829 0.0272069 
0.0402742 0.00471798 0.0337913 
0.0250284 0.0358362 0.0136236 
0.0192261 0.0654237 0.161685 
0.0244003 0.0314525 0.0134986 
0.009364020000000001 -0.0336488 0.00379971 
0.0174813 0.0922 0.0351402 
0.00327575 0.0922 0.115179 
0.041607 0.0390848 0.0507043 
-0.0173 0.0502 0.0925796 
0.0528619 0.0549971 0.0417407 
-0.0231905 -0.0659513 0.13077 
0.0135404 -0.0668098 0.105542 
0.0176963 0.0502 0.094204 
0.0273968 -0.0280368 0.043477 
0.0026322 0.0333262 -0.00349427 
-0.0158531 -0.0549827 0.0768162 
0.0363015 -0.0164534 0.0299325 
0.025731 -0.0467417 0.0351293 
-0.0189196 0.0922 0.132808 
-0.0133026 0.0320817 -0.0009921699999999999 
0.0162964 0.07934040000000001 0.0114607 
-0.0244345 0.0824853 0.09922250000000001 
0.0149168 0.0682 0.140797 
0.0199266 0.0325264 0.00660598 
0.0368391 0.0682 0.0706664 
-0.0438354 0.0687 0.119468 
0.0367634 0.0587 0.0961234 
-0.0142632 -0.0603281 0.0702474 
0.0143437 0.0288906 0.0152862 
-0.0385675 0.00704883 0.00781147 
0.0288982 0.0587 0.12558 
0.00449033 0.0922 0.0291764 
0.0159327 0.073342 0.011623 
0.0448802 0.0605292 0.101104 
0.000382384 0.030126 -0.00349428 
0.0384815 0.0713524 0.0426909 
-0.0168446 -0.0427354 0.0429898 
0.0172209 -0.0519596 0.040796 
0.00112652 0.0587 0.144854 
0.0197258 0.0672 0.0498794 
0.0332721 0.051167 0.0388828 
0.0103667 0.0922 0.0282734 
0.0411846 0.0323883 0.0513133 
0.0184054 -0.0525 0.121869 
0.0241039 -0.0502645 0.0721064 
-0.0390101 0.0672217 0.0937115 
0.0262043 -0.0366813 0.0551017 
-0.0359052 0.0587 0.09555760000000001 
-0.0313986 0.0360573 0.0211992 
-0.0155829 0.0813401 0.144992 
-0.020228 -0.058635 0.146236 
0.000796876 0.0739383 0.0333383 
-0.0228673 0.0597 0.156273 
0.0298981 -0.0166068 0.0295478 
0.0223452 -0.0525 0.130556 
0.0401281 -0.00041385 0.0166455 
-0.00565952 -0.056336 0.0394401 
0.0222592 0.0152819 0.0130727 
0.0352351 0.0707638 0.0166643 
-0.0347928 0.0527703 0.06456729999999999 
0.007887180000000001 0.0771825 0.148262 
0.0349416 0.00379222 0.0206271 
-0.009116010000000001 0.0502 0.0905382 
0.000190326 -0.0657408 0.046092 
0.0511703 0.0178651 0.0232429 
0.0107315 0.0682 0.0719405 
0.008665910000000001 -0.0595 0.124955 
-0.008460290000000001 0.0694443 0.148189 
0.0280913 0.0624681 0.0143441 
0.00663139 0.0274058 0.0274551 
0.018897 -0.0491072 0.0132265 
-0.0142949 0.0922 0.0753552 
0.0202251 0.08470850000000001 0.141379 
0.0363403 0.0561361 0.0743495 
0.0208861 -0.0557992 0.0388554 
0.0272253 0.0587 0.08962059999999999 
0.00295182 0.0587 0.08498559999999999 
-0.0179416 0.0682 0.0264567 
0.0364961 -0.0083 0.0263258 
0.0277409 0.0682 0.0304511 
0.061881 0.0298436 0.0417407 
0.00161176 0.0922 0.08890439999999999 
-0.0154042 -0.00100138 -0.00249427 
0.0397866 0.0672 0.0260074 
-0.0146014 -0.0525 0.108908 
0.0295989 0.0682 0.0202907 
0.0333662 0.0567054 0.0182694 
0.0285885 -0.0181138 -0.00349427 
-0.0235261 0.0160685 0.0207549 
0.00183721 0.0682 0.06423139999999999 
-0.010287 0.0682 0.114597 
0.00194803 0.0922 0.0318726 
-0.0291466 0.0570791 0.0352869 
0.0295097 0.09206789999999999 0.10408 
0.0568026 0.0285372 0.0417407 
-0.026025 -0.0644308 0.122906 
0.0274764 0.0504739 0.042901 
0.0341632 0.0502 0.135128 
-0.0206689 -0.0373599 0.0257867 
-0.0429625 0.0537 0.130933 
-0.0252801 0.07473349999999999 0.10143 
0.0304914 0.0922 0.0242008 
-0.0222953 0.0545082 0.035178 
0.00776203 -0.0595 0.127918 
-0.00550431 0.0922 0.0932639 
0.0232012 0.0667 0.0550222 
-0.0270829 0.058963 0.0175318 
-0.00229032 0.0502 0.09597169999999999 
0.0201893 0.0682 0.0156205 
-0.0110053 0.0896829 0.147279 
0.0145742 0.0687 0.15566 
0.0298445 0.0597 0.09481249999999999 
-0.00687128 0.0922 0.0905922 
0.00541527 0.0682 0.0566254 
0.0138234 0.0396119 0.0495119 
-0.0020262 0.08094129999999999 0.0407099 
-0.0175372 -0.0502138 0.0528727 
0.0330199 0.08110199999999999 0.0927477 
0.009247760000000001 0.0442227 0.0481972 
0.0271072 -0.0558584 0.13593 
0.0319526 0.077782 0.0137264 
-0.00823696 -0.0462613 0.0212584 
-0.0311768 0.06790069999999999 0.0534386 
0.0218515 0.0672 0.0903795 
0.00159636 0.0587 0.11353 
0.0356224 0.0450656 0.0353655 
-0.0292549 0.06503639999999999 0.0249913 
-0.0132786 -0.0537989 0.08981509999999999 
-0.0321354 0.0599042 0.0553132 
0.0271093 0.0537055 0.154671 
0.0369592 0.0537558 0.06724769999999999 
-0.012741 0.0667 0.0372508 
0.0302727 0.0848476 0.117927 
0.0251753 0.0922 0.0466425 
0.0242207 0.0922 0.0772926 
0.0240886 -0.0276424 0.0289114 
-0.00613245 0.0682 0.120781 
0.0388936 0.0374597 0.0575502 
-0.0164613 -0.0555776 0.0878275 
-0.0285712 0.0502 0.116354 
0.0304088 0.04529 0.0506555 
-0.0295021 0.0502 0.130683 
-0.000849225 0.0587 0.0993339 
0.0274058 -0.0265391 0.0387855 
0.0624224 0.009161300000000001 0.0304709 
0.0238785 -0.0165214 0.0363855 
0.0125456 -0.0585349 0.0852507 
0.0325806 0.0922 0.07743659999999999 
0.0257463 0.0247087 0.0505526 
0.03376 0.0726082 0.0859649 
0.0311365 0.0672 0.0398216 
0.022282 -0.044301 0.0120917 
-0.008770389999999999 0.0563507 0.0467937 
0.0341664 0.0885446 0.0822401 
-0.00169559 0.0922 0.0952983 
-0.0209336 0.0587 0.129468 
-0.0146721 -0.0471458 0.0439783 
0.0164725 0.0543631 0.0580154 
-0.045095 0.056847 0.131141 
-0.0197928 0.0687 0.157831 
-0.0196943 0.0658813 0.152295 
0.0210834 0.0587 0.108304 
0.0287664 0.0922 0.09592349999999999 
-0.0409309 0.0502 0.109093 
0.0363051 0.0656516 0.0228889 
0.0103187 -0.0685356 0.08536580000000001 
0.0185219 0.0551373 0.159357 
0.00430142 0.0148539 0.0396807 
0.0156557 -0.0623221 0.0472414 
-0.0229543 0.0687 0.0805293 
-0.00138247 0.0922 0.131591 
0.00693842 0.00411729 0.0311 
0.00838998 0.00696854 0.0356162 
0.0213232 0.0922 0.0446288 
0.0094629 -0.00862197 0.0256415 
-0.028375 0.0781784 0.109607 
0.0224737 -0.0350745 0.0224978 
-0.0284998 0.0922 0.127471 
-0.0164006 -0.0302431 -0.00349427 
-0.0109669 0.014233 0.0207057 
0.0264947 0.0694414 0.0111471 
0.0125768 0.0682 0.0700312 
-0.0285213 0.0618814 0.0204822 
-0.000636138 0.0384001 0.0386945 
0.0227429 0.0922 0.0163791 
-0.00673148 0.0587 0.153386 
0.0247607 -0.0173866 0.0356722 
-0.00732065 -0.0590085 0.0596797 
0.0032282 0.0682 0.102217 
0.0404768 0.0561441 0.142084 
-0.0119988 -0.0595 0.123337 
0.0264485 0.0922 0.121983 
-0.00580966 0.0587 0.150215 
-0.0136528 0.0855844 0.146191 
-0.0363598 0.0352003 0.0371644 
0.0318687 0.0587 0.135601 
0.0405221 0.0166914 0.0387527 
-0.0253484 0.0659829 0.148393 
0.0252551 -0.0595 0.09785389999999999 
0.0327418 0.0670279 0.06371250000000001 
0.00258767 -0.0595 0.137524 
-0.030225 0.0529566 0.15136 
0.0144347 0.0797022 0.0123129 
0.0283846 -0.0595 0.122701 
0.0629383 0.0460812 0.010755 
0.0243679 0.0682 0.105999 
0.0165193 0.0587 0.102155 
-0.00359937 -0.0595 0.103053 
0.030659 0.0672 0.0905068 
0.0159159 0.0922 0.0411769 
-0.00655627 0.0575256 0.0164089 
0.010757 0.0760145 0.0144945 
0.0384238 0.0682 0.0713102 
0.024422 -0.06571200000000001 0.111632 
-0.00328993 0.08508549999999999 0.149327 
-0.000111227 -0.0497007 0.021621 
0.00347877 0.0922 0.128776 
0.0313793 -0.0307389 0.0244887 
-0.0147015 0.0682 0.127738 
-0.0350867 0.0687 0.0970781 
0.0169113 -0.0358933 0.0207057 
-0.010762 -0.0525 0.140178 
-0.00555722 0.061338 0.157433 
0.0161884 0.0682 0.130591 
-0.0143323 -0.0653234 0.141238 
-0.0324539 0.0445977 0.0576691 
0.0276648 -0.00474878 0.0449345 
0.06542240000000001 0.0240234 0.0413329 
0.0298773 0.09210160000000001 0.0989714 
-0.0115449 0.0922 0.130721 
-0.0071219 0.0922 0.0925648 
0.00640215 0.0922 0.144108 
-0.0359235 0.00507281 0.00650573 
-0.0258451 0.0728729 0.102906 
-0.0128472 0.0502 0.0986938 
-0.00412389 0.0252198 0.0283922 
-0.0384819 0.009922159999999999 0.0122174 
0.0200502 0.0922 0.0460232 
-0.0171843 -0.0501484 0.0581554 
0.036769 0.0775366 0.0583867 
-0.00137128 0.0922 0.103483 
0.0395208 0.0502 0.103709 
0.06510680000000001 0.0334655 0.0417407 
0.035892 0.0719093 0.0664249 
0.0142694 -0.0525 0.134006 
0.00612489 0.0672 0.0567347 
-0.013206 -0.0621889 0.0674825 
0.0286568 -0.009554180000000001 0.0384506 
-0.0272142 0.0502 0.102756 
0.0039652 0.0493866 0.0469455 
0.0116244 0.0502 0.0913407 
0.0325661 0.0702559 0.0969069 
-0.026594 -0.0357485 0.0254241 
0.0205429 0.0139499 0.0437313 
-0.011521 -0.0525049 0.0963513 
0.06542240000000001 0.0402538 0.0361354 
0.0624224 0.002364 0.0269346 
0.025362 0.054887 0.158043 
0.0070163 0.0672 0.137213 
-0.0029154 0.0549337 0.0756709 
0.0313881 0.0551878 0.149995 
0.00978365 0.0922 0.0261917 
0.000811308 0.0922 0.0899277 
0.0458436 0.0603521 0.0187339 
-0.00579836 -0.0596587 0.055148 
0.00357727 0.0682 0.0660457 
-0.0100014 0.0922 0.11622 
0.0238569 -0.059843 0.106048 
-0.0164904 -0.0549317 0.0463588 
-0.00152372 -0.00207405 0.0209028 
0.0330655 0.0716068 0.0923302 
-0.0209751 0.0597955 0.161008 
-0.0256235 0.0888188 0.102327 
0.0259872 0.0799031 0.134358 
-0.0137489 0.0709949 0.0713202 
0.026935 0.06719650000000001 0.0430087 
0.0239351 -0.0387595 0.0565986 
0.0211399 0.0922 0.09537669999999999 
-0.0449449 0.0629054 0.107485 
0.0163595 0.0644179 0.00679547 
0.0065883 0.0672 0.0477323 
-0.0115022 0.0587 0.0916275 
0.018748 0.0922 0.0685272 
0.0430458 0.0577577 0.0620397 
-0.028211 0.0464065 0.0111093 
-0.0193903 0.0545848 0.0769191 
0.0235582 0.0672 0.122761 
0.0129005 0.0682 0.135123 
0.012093 0.00244284 0.01679 
0.0134922 0.0667 0.0522641 
-0.00192289 0.0922 0.0446661 
-0.0292247 0.07735069999999999 0.11267 
0.0356716 0.07250810000000001 0.0684449 
0.00159726 -0.0418316 0.00972783 
0.0125279 -0.06712319999999999 0.0751559 
-0.0256699 -0.0131516 -0.00249427 
-0.0113796 0.0682 0.133393 
0.0147619 0.0587 0.09107030000000001 
0.0480792 0.0603521 0.0178858 
0.0123066 0.0587 0.114165 
0.0215604 0.0203805 0.0439337 
0.06542240000000001 0.0538914 0.0264839 
-0.00564581 0.0081064 0.0209751 
0.00865753 0.0922 0.0638441 
0.0351097 0.0620956 0.0361327 
-0.0318094 0.0687 0.0939106 
0.0505995 0.0178651 0.0416932 
0.00775936 -0.0377534 0.0207057 
-0.0208373 0.0682 0.120948 
-0.0320997 0.0519169 0.0685345 
0.037853 0.0672 0.0248927 
-0.00503011 0.0569842 0.0760176 
0.0532537 0.025824 0.010755 
0.053142 0.0207044 0.010755 
-0.0196237 0.0672 0.0957426 
0.016741 0.0682 0.111243 
0.0117808 0.0587 0.161559 
0.0451342 0.0657814 0.105556 
0.041986 0.0131904 0.0113842 
0.0276337 0.0682 0.0767133 
-0.00423076 0.0693274 0.0464664 
-0.0390314 0.0597 0.12875 
-0.00183807 0.0667 0.0517785 
-0.0382394 0.057581 0.141014 
0.0420606 0.046597 0.0442146 
0.0374488 0.0806258 0.0521559 
0.00732096 0.0770274 0.0181204 
0.0594224 0.0112631 0.0350763 
-0.00139702 0.0922 0.132991 
0.0367118 0.0864201 0.0589105 
-0.00149947 -0.0647683 0.14565 
0.0351045 -0.0190971 0.0286196 
0.0594224 0.00903296 0.0252038 
0.00266666 -0.042001 0.0207057 
-0.000191052 0.046433 0.041413 
-0.0163982 -0.0534701 0.0866219 
0.0361992 0.0587 0.125618 
0.0137515 0.0922 0.0654424 
0.0647015 0.021354 0.0417407 
0.0375468 0.0870078 0.0512574 
0.00610759 -0.0588117 0.0185308 
0.0061179 0.0922 0.07674309999999999 
-0.0372314 0.0634236 0.110619 
0.0142799 0.0587 0.0993426 
0.00735961 -0.0395913 0.008638389999999999 
0.0206506 -0.0194101 0.0221008 
0.025009 -0.0219023 0.0321897 
0.023371 0.0587 0.153196 
-0.0265166 -0.0637477 0.120826 
0.00499533 0.0672 0.110786 
-0.00765586 0.0587 0.128152 
-0.0182645 0.0477074 0.0109197 
0.0247343 0.0482669 0.0434464 
-0.0209818 0.08518489999999999 0.0902066 
-0.0117682 0.08308119999999999 0.0661481 
0.0369892 0.076664 0.0563679 
0.0168886 0.0250461 -0.00349427 
-0.0254571 -0.0278524 0.0270272 
0.0422342 0.0541299 0.10791 
0.0238905 0.0672 0.0604637 
0.008919730000000001 0.0723858 0.0163043 
0.0177687 0.0560217 0.159403 
-0.0344835 0.0502 0.137473 
-0.0143012 0.0672 0.133321 
-0.00773041 -0.0589226 0.0617232 
0.0594224 0.0019638 0.0227552 
0.0247752 0.0651726 0.0135732 
-0.0145745 -0.0639159 0.0946258 
0.0594224 0.00537389 0.0366824 
0.0363943 -0.00255959 0.00650573 
-0.00584056 0.0587 0.127948 
0.0220503 0.08822629999999999 0.0105721 
-0.0130926 -0.054368 0.0149861 
-0.00121658 0.0922 0.127874 
-0.00207249 -0.06367780000000001 0.06784610000000001 
-0.0113461 0.0502 0.132799 
-0.0166707 -0.0143165 0.0207057 
-0.0162953 -0.030842 0.00444451 
0.0363473 0.0425797 0.0339107 
-0.0221775 0.07046040000000001 0.0933288 
0.0168771 0.000107007 0.0459514 
0.0204524 0.0922 0.0206932 
-0.0356159 0.0159719 0.00737019 
-0.000163193 0.0542823 0.16539 
-0.00574634 0.0922 0.121951 
0.0327037 0.08224910000000001 0.0956463 
0.0251587 0.0587 0.141095 
0.00389277 0.064056 0.0152336 
0.0102654 0.0587 0.135763 
0.0198997 -0.015973 -0.00249427 
-0.00183982 0.0682 0.120822 
0.00651383 0.0682 0.0946089 
-0.015437 0.0667 0.0445394 
0.0158956 0.0673052 0.162724 
-0.0111761 0.0672 0.0740862 
0.0143564 0.0785097 0.145612 
0.0135557 0.0150671 0.0158127 
-0.00318198 0.0502 0.160255 
-0.0300853 0.0677874 0.0426245 
-0.0162059 0.0672 0.113766 
-0.0249889 0.07417940000000001 0.10067 
0.0251523 -0.0482799 0.0579075 
0.0089488 0.0587 0.141502 
0.027235 0.0922 0.0617219 
0.00428209 -0.0691142 0.0790443 
0.0436375 0.0547282 0.123035 
-0.00543354 0.0502 0.129196 
-0.0140407 0.0502 0.117628 
0.0594224 0.0124367 0.0209771 
-0.0299797 -0.0352112 0.0142119 
0.0334763 0.0552495 0.09150469999999999 
0.0232789 -0.0417954 0.0411882 
-0.0156879 -0.0371053 0.00851125 
-0.0168198 -0.0186944 -0.00249427 
0.00539289 0.07596260000000001 0.0214374 
-0.0352155 0.00854005 0.0233338 
0.0371065 -0.0156423 0.009098699999999999 
0.0433711 0.0671625 0.135112 
0.0392847 0.0682847 0.024252 
0.0265889 -0.0529734 0.120945 
-0.0278639 -0.0274703 0.0272673 
-0.016312 0.0922 0.110908 
-0.00657587 -0.06722110000000001 0.0643034 
-0.0143863 -0.0395196 0.0210106 
-0.00295025 0.0587 0.07760839999999999 
0.0159393 -0.0381957 0.009415049999999999 
-0.00387784 0.0672 0.0524746 
0.0398232 0.0716639 0.0303395 
0.010744 0.0587 0.09577529999999999 
0.0507735 0.0589879 0.0417407 
0.0594224 0.00970935 0.0280016 
0.0269252 0.0190002 0.0495109 
-0.009943280000000001 -0.0334731 -0.00268632 
0.00922854 -0.0541554 0.0317115 
-0.016986 -0.00473007 -0.00249427 
0.00645662 0.0116964 0.0283336 
-0.0395378 0.0543473 0.07211969999999999 
-0.04611 0.0561279 0.114074 
0.00394923 0.0587 0.151989 
0.0094007 0.0922 0.0677758 
0.028417 -0.0375326 0.0178713 
0.0239807 0.0701176 0.136965 
0.0250292 -0.0365113 0.0451096 
0.0594224 0.009828979999999999 0.0193249 
0.0419132 0.0502 0.130713 
-0.00626726 0.0502 0.107095 
-0.0169795 0.0682 0.112006 
0.031511 0.08447109999999999 0.106578 
-0.0276694 0.047012 0.0252462 
-0.0174638 -0.0525 0.10326 
0.060844 0.0603521 0.0388719 
-0.0347474 0.0506247 0.07140580000000001 
0.0250607 -0.0316336 0.00871239 
0.00570226 0.0672 0.0229086 
-0.0126133 0.0323672 0.00222871 
-0.0229689 0.0435804 0.0264164 
0.0227144 0.0922 0.09413920000000001 
-0.0233403 0.0922 0.127753 
0.0314196 -0.0304612 0.0325092 
0.0258138 -0.0342157 0.0426259 
-0.014034 -0.0609799 0.0703954 
0.0446267 0.06592199999999999 0.0728196 
0.0218906 -0.0257117 0.0278243 
0.0465334 0.0288326 0.0417407 
0.0057549 0.0714608 0.0209204 
-0.0162499 0.0910909 0.144578 
0.00456262 0.09207029999999999 0.0298631 
-0.0266335 0.0854804 0.133324 
0.041958 0.0587881 0.131647 
0.0363643 0.0606384 0.148193 
0.0143868 0.0672 0.0733225 
-0.0293118 0.0713521 0.11309 
0.0405105 0.0687 0.100056 
0.01197 0.0922 0.0273352 
0.0430989 0.0587 0.11752 
0.0160832 -0.0457701 0.0107057 
-0.0120857 0.0587 0.0845649 
-0.0197261 -0.0233354 -0.00349427 
-0.0136645 0.08424520000000001 0.146184 
0.0270172 0.08255029999999999 0.0114039 
0.0114821 0.00940032 0.0171982 
-0.000934445 0.0504093 0.163433 
0.00312654 0.0682 0.0913687 
-0.0135246 -0.0510849 0.078455 
0.0356244 0.06857489999999999 0.133092 
0.0012229 -0.0220917 -0.00249427 
-0.0257582 0.0682 0.0729771 
-0.00784061 0.0922 0.0786607 
0.00671907 0.06697740000000001 0.0270142 
0.0266903 0.0917495 0.132705 
-0.00712916 0.0587 0.131084 
0.0309824 0.0682 0.0225664 
0.0175332 0.0587 0.126095 
-0.0226608 0.0502 0.129363 
-0.00498171 -0.0595 0.105203 
-0.0155022 0.0502 0.137482 
0.0607308 -0.00173372 0.0317707 
0.0245973 0.00378998 0.0434737 
-0.00584406 0.0682 0.126382 
0.0444997 0.0607671 0.0723562 
0.0209974 -0.0598501 0.137185 
0.00673899 0.0687 0.15787 
0.0282905 0.08774369999999999 0.129195 
-0.0338996 -0.0272415 0.0122447 
0.0127425 0.0672 0.0196237 
0.0203099 0.0922 0.133552 
-0.0100989 -0.0632118 0.0442768 
0.00364931 0.0509617 0.075763 
-0.00752309 -0.0443067 0.0207562 
-0.0048012 0.0922 0.143531 
0.0134553 -0.00318897 -0.00249427 
-0.00374487 0.0682 0.120343 
0.0280881 0.08370669999999999 0.129635 
0.0537363 0.0178651 0.029776 
0.0395091 0.0508152 0.100529 
0.0127228 0.0587 0.126522 
0.010255 0.0587 0.109925 
-0.0171334 -0.06950000000000001 0.1016 
-0.00367658 0.08275109999999999 0.0450194 
-0.0312051 0.0502 0.129157 
0.0257933 0.046885 0.0432358 
-0.0243746 -0.0541723 0.13493 
0.0303165 0.043314 0.0500431 
0.00865199 0.0111686 -0.00249427 
-0.00927589 -0.0612634 0.102155 
-0.031362 0.0470492 0.0548021 
-0.0179074 0.0587 0.056621 
0.00823051 0.0682551 0.148057 
-0.0234547 0.0597 0.08537500000000001 
0.0346181 0.000230589 0.020143 
-0.000672007 -0.0525 0.09842339999999999 
-0.0118888 0.0922 0.08608250000000001 
0.0370694 0.00459686 0.0267309 
-0.0216533 0.06409430000000001 0.087823 
-0.0110077 0.0705069 0.06416239999999999 
-0.0345122 0.0667624 0.0721735 
-0.0102046 0.0582497 0.162093 
0.0361128 0.0493083 0.0107541 
0.027142 0.0173845 -0.00349427 
-0.00862808 0.0922 0.0868438 
0.0204805 0.0672 0.0688899 
0.0355518 0.0865254 0.0695429 
-0.0226645 0.053777 0.157206 
-0.00655246 0.0502 0.142273 
0.0120342 -0.051 0.129873 
0.0289421 0.0621354 0.00733612 
-0.0151801 -0.0671123 0.0989507 
-0.00538654 0.0502 0.125431 
-0.00444194 0.0249082 0.0278414 
0.0373069 0.0255517 0.0279251 
0.009923100000000001 0.0492439 0.0379107 
0.00150846 -0.0649738 0.0761744 
0.00245505 -0.0573707 0.0146784 
0.0135095 0.0922 0.0762499 
0.00604811 0.0747399 0.148865 
0.0197904 -0.0231367 0.0332265 
0.0378143 0.08453919999999999 0.048806 
-0.031464 0.0421743 0.0457939 
-0.023312 0.0219646 0.0220193 
0.0209508 0.0922 0.0437853 
-0.0182402 0.0587 0.122016 
0.0192851 -0.0595 0.119387 
0.00577056 0.0870954 0.148903 
-0.0237437 -0.0184334 0.0207057 
-0.0156516 -0.0564513 0.0528954 
-0.00357927 -0.0685674 0.0729501 
0.0365584 0.0805902 0.0184221 
0.0192072 -0.0678306 0.122144 
0.011057 0.0502 0.0893569 
0.0112809 -0.0549505 0.0914992 
0.0305333 -0.0328174 0.0401608 
-0.0271498 -0.0531602 0.120402 
-0.0371938 0.0373231 0.041595 
-0.0357234 0.0597 0.134616 
0.0305513 0.0672 0.0456167 
0.00830387 0.0682 0.06198 
0.0417654 0.0538736 0.106008 
-0.0158876 -0.0621758 0.10799 
-0.0172552 -0.053767 0.0339963 
-0.0247217 0.0597 0.154963 
0.0363689 0.0367985 0.0107057 
0.0193244 0.0597 0.153559 
0.0530222 0.0212506 0.0417407 
0.0246523 0.0158046 -0.00249427 
0.0194408 0.0672 0.0714632 
0.0204315 0.0922 0.138018 
0.0131935 0.0287979 0.0492098 
-0.015835 0.0502 0.090207 
0.0543812 0.0178651 0.0208071 
-0.000139247 0.0922 0.0730095 
0.06538330000000001 0.0563805 0.0417407 
-0.00950607 0.0731718 0.147815 
0.0158324 0.0587 0.109049 
-0.0164155 -0.051 0.123513 
0.0248134 -0.0495672 0.0484685 
-0.00359195 0.0215349 0.0292753 
-0.0148229 0.050725 0.160895 
-0.00333138 -0.0161696 0.0207057 
0.0338378 0.0573181 0.147361 
0.0326921 0.0922 0.0541157 
0.0274781 -0.0229181 0.0396946 
0.0624224 0.00675789 0.0337137 
0.021718 0.0675926 0.0495547 
0.0359739 0.0349159 0.0107057 
0.0275425 0.0578595 0.07802480000000001 
0.0392469 0.0729351 0.0241395 
0.00224862 0.0651154 0.157924 
-0.0182371 0.0502 0.120719 
-0.00773749 0.0574334 0.0709336 
0.0533872 0.0603521 0.0311548 
0.0138826 0.09050759999999999 0.145875 
0.0332449 0.0696587 0.09068610000000001 
-0.0192772 0.0813914 0.08575579999999999 
-0.0251437 0.0682 0.10584 
-0.0389805 0.00358809 0.0157406 
0.00759125 0.0922 0.0536305 
-0.0231305 0.02605 0.006011 
-0.0250777 -0.0557733 0.10018 
-0.014404 0.0587 0.124111 
0.0419511 0.0449806 0.0498603 
0.0336844 0.0471916 0.0107057 
-0.0144419 0.0502 0.101843 
-0.00897801 0.0502 0.07980520000000001 
0.0016147 -0.0599198 0.100056 
-0.0246226 -0.0563682 0.141107 
0.00937875 0.0672 0.0533982 
0.0214062 0.0576858 0.0131084 
0.0210439 0.0682 0.106473 
0.009897950000000001 0.0587 0.124504 
0.028437 0.0907487 0.12644 
0.000798754 0.0922 0.0464204 
0.0230167 -0.0426603 0.0498884 
0.0138932 0.0573386 0.06305379999999999 
0.0139227 -0.053443 0.0301977 
-0.0430782 0.0556864 0.110694 
0.014991 0.0575659 0.00844607 
-0.0119249 0.0922 0.145043 
0.0292782 0.0922 0.0224777 
0.0236336 0.0682 0.025468 
-0.00527707 0.0672 0.0668576 
3 340 561 410 
3 340 974 797 
3 561 631 410 
3 584 340 410 
3 584 370 340 
3 863 974 340 
3 644 100 731 
3 743 631 190 
3 631 743 410 
3 743 690 410 
3 631 519 190 
3 99 370 584 
3 708 863 340 
3 249 78 447 
3 78 538 447 
3 863 187 108 
3 538 187 732 
3 989 950 777 
3 564 249 447 
3 198 661 950 
3 661 564 176 
3 564 661 198 
3 29 147 950 
3 147 198 950 
3 537 35 334 
3 35 537 385 
3 157 100 644 
3 100 157 108 
3 466 644 731 
3 542 466 731 
3 466 542 644 
3 35 486 334 
3 486 35 385 
3 486 389 542 
3 389 863 108 
3 863 389 974 
3 974 389 797 
3 743 182 690 
3 99 182 105 
3 182 99 584 
3 690 182 410 
3 182 584 410 
3 320 519 631 
3 320 631 561 
3 340 320 561 
3 133 320 340 
3 320 537 268 
3 537 320 385 
3 518 133 340 
3 518 340 797 
3 518 320 133 
3 385 518 797 
3 320 518 385 
3 75 654 324 
3 331 753 970 
3 370 455 340 
3 455 708 340 
3 455 877 708 
3 877 99 105 
3 99 877 370 
3 877 455 370 
3 837 187 538 
3 65 564 731 
3 187 769 732 
3 769 187 863 
3 708 769 863 
3 447 62 430 
3 538 62 447 
3 792 62 538 
3 161 29 950 
3 989 161 950 
3 161 507 29 
3 849 989 777 
3 331 849 777 
3 849 161 989 
3 161 849 507 
3 615 587 950 
3 661 615 950 
3 564 307 731 
3 307 564 198 
3 147 307 198 
3 307 544 731 
3 45 591 970 
3 825 320 268 
3 320 825 519 
3 753 922 970 
3 922 45 970 
3 45 922 753 
3 83 486 451 
3 486 83 334 
3 638 385 797 
3 638 486 385 
3 389 638 797 
3 638 389 486 
3 542 742 644 
3 389 742 542 
3 742 157 644 
3 157 742 108 
3 742 389 108 
3 182 362 617 
3 362 182 743 
3 362 331 617 
3 331 362 753 
3 362 743 190 
3 753 362 190 
3 479 114 617 
3 114 182 617 
3 284 114 479 
3 877 782 866 
3 782 877 925 
3 654 528 324 
3 616 359 176 
3 359 616 587 
3 564 224 176 
3 224 616 176 
3 224 564 447 
3 511 447 430 
3 549 284 479 
3 829 479 617 
3 331 829 617 
3 829 549 479 
3 829 331 777 
3 317 262 732 
3 262 317 866 
3 317 877 866 
3 877 317 708 
3 769 317 732 
3 317 769 708 
3 528 423 324 
3 423 528 700 
3 423 925 324 
3 423 782 925 
3 423 262 866 
3 782 423 866 
3 837 394 100 
3 78 394 538 
3 394 837 538 
3 187 655 108 
3 837 655 187 
3 655 100 108 
3 655 837 100 
3 898 78 249 
3 898 65 78 
3 564 898 249 
3 65 898 564 
3 262 91 732 
3 91 62 792 
3 123 849 945 
3 849 123 507 
3 945 193 970 
3 849 193 945 
3 193 331 970 
3 193 849 331 
3 145 147 29 
3 507 145 29 
3 145 307 147 
3 145 544 307 
3 544 391 731 
3 391 542 731 
3 486 391 451 
3 391 486 542 
3 204 591 945 
3 204 945 970 
3 591 204 970 
3 996 825 268 
3 135 528 654 
3 224 256 616 
3 321 511 430 
3 511 321 616 
3 511 725 447 
3 725 511 616 
3 725 256 447 
3 256 725 616 
3 275 829 777 
3 829 275 549 
3 549 275 284 
3 262 310 700 
3 310 423 700 
3 423 310 262 
3 394 374 100 
3 374 394 78 
3 100 374 731 
3 374 65 731 
3 65 374 78 
3 912 262 700 
3 912 91 262 
3 912 700 430 
3 62 912 430 
3 91 912 62 
3 93 538 732 
3 91 93 732 
3 93 792 538 
3 93 91 792 
3 469 996 45 
3 469 753 190 
3 469 45 753 
3 519 469 190 
3 825 469 519 
3 996 469 825 
3 182 927 105 
3 114 927 182 
3 927 114 284 
3 616 856 587 
3 856 284 587 
3 321 856 616 
3 856 321 434 
3 135 573 528 
3 856 573 284 
3 573 856 434 
3 573 927 284 
3 573 135 654 
3 124 224 447 
3 256 124 447 
3 124 256 224 
3 284 14 587 
3 275 14 284 
3 14 275 777 
3 950 14 777 
3 587 14 950 
3 525 654 75 
3 525 573 654 
3 573 525 927 
3 927 764 105 
3 764 877 105 
3 764 525 75 
3 525 764 927 
3 877 764 925 
3 764 75 324 
3 925 764 324 
3 573 4 528 
3 4 573 434 
3 700 4 430 
3 528 4 700 
3 4 321 430 
3 321 4 434 
3 359 661 176 
3 359 615 661 
3 615 359 587 
3 996 537 334 
3 996 591 45 
3 145 996 544 
3 83 996 334 
3 123 996 507 
3 996 391 544 
3 537 996 268 
3 591 996 945 
3 996 83 451 
3 996 123 945 
3 996 145 507 
3 391 996 451 
Vertices and facets:
- p340(v14): -0.029 -0.059  0.14
  neighbors: f43 f73 f108 f130 f133 f255 f363 f364 f370 f371 f409 f410
- p561(v13): -0.03 0.053  0.15
  neighbors: f43 f89 f362 f363
- p410(v7): -0.02 -0.059  0.15
  neighbors: f43 f89 f108 f190 f191 f359 f360
- p974(v20): -0.039 0.0036 0.016
  neighbors: f73 f133 f348 f349
- p797(v0): -0.046 0.056  0.11
  neighbors: f73 f349 f371 f373 f487 f489
- p631(v24): -0.021  0.06  0.16
  neighbors: f89 f189 f190 f195 f361 f362
- p584(v27): -0.014 -0.065  0.14
  neighbors: f108 f130 f251 f358 f360
- p370(v32): -0.023 -0.066  0.13
  neighbors: f130 f251 f409 f422 f423
- p863(v33): -0.034 -0.027 0.012
  neighbors: f133 f255 f266 f347 f348 f434 f436
- p100(v40): -0.015 0.031 -0.0033
  neighbors: f166 f322 f324 f555 f560 f561 f631 f633
- p644(v22): -0.028 0.046 0.011
  neighbors: f166 f322 f330 f332 f491 f493
- p731(v12): 0.022 0.088 0.011
  neighbors: f166 f330 f331 f431 f461 f469 f586 f587 f633 f634
- p743(v45): -0.00016 0.054  0.17
  neighbors: f189 f190 f191 f351 f497 f500
- p190(v3): 0.0012 0.061  0.17
  neighbors: f189 f195 f500 f501 f646 f648
- p690(v15): -0.0015 -0.065  0.15
  neighbors: f191 f351 f359
- p519(v46): -0.02 0.069  0.16
  neighbors: f195 f361 f478 f648 f649
- p99(v57): -0.019 -0.068  0.12
  neighbors: f251 f357 f358 f419 f422
- p708(v58): -0.027 -0.064  0.12
  neighbors: f255 f410 f417 f436 f544 f546
- p78(v59): 0.0061  0.03 -0.0035
  neighbors: f261 f262 f556 f562 f563 f632 f635
- p249(v30):  0.03 0.012 -0.0035
  neighbors: f261 f288 f562 f564
- p447(v16): 0.029 -0.018 -0.0035
  neighbors: f261 f262 f288 f444 f445 f526 f528 f619 f621 f670 f671
- p538(v34): -0.016 -0.03 -0.0035
  neighbors: f262 f270 f426 f445 f446 f556 f557 f641 f643
- p187(v60): -0.027 -0.022 -0.0013
  neighbors: f266 f270 f426 f433 f434 f558 f559
- p108(v5): -0.032 -0.013 -0.00021
  neighbors: f266 f324 f347 f494 f495 f558 f560
- p732(v17): -0.013 -0.054 0.015
  neighbors: f270 f433 f541 f545 f566 f641 f642
- p989(v62): 0.028 0.091  0.13
  neighbors: f276 f448 f451 f456
- p950(v18): 0.065 0.056 0.042
  neighbors: f276 f290 f295 f296 f447 f448 f458 f459 f676 f677
- p777(v10): 0.043 0.067  0.14
  neighbors: f276 f451 f452 f539 f624 f675 f676
- p564(v64): 0.063 0.046 0.011
  neighbors: f288 f293 f294 f431 f461 f463 f524 f526 f564 f565
- p661(v65): 0.065 0.054 0.026
  neighbors: f290 f293 f294 f459 f695 f696
- p198(v36): 0.061  0.06 0.022
  neighbors: f290 f294 f296 f463 f464
- p176(v1): 0.065 0.042 0.018
  neighbors: f293 f522 f524 f525 f695
- p147(v66):  0.04  0.09 0.026
  neighbors: f295 f296 f464 f581 f583
- p29(v35): 0.035 0.091 0.073
  neighbors: f295 f447 f449 f581 f582
- p35(v70): -0.026 0.092  0.11
  neighbors: f320 f321 f335 f336
- p537(v69): -0.028 0.092  0.13
  neighbors: f320 f321 f365 f367 f700 f706
- p334(v39): -0.024 0.092   0.1
  neighbors: f320 f335 f486 f700 f703
- p385(v21): -0.044 0.069  0.12
  neighbors: f321 f336 f367 f373 f374 f487 f488
- p157(v71): -0.019  0.03 -0.0017
  neighbors: f322 f324 f493 f494
- p466(v73): -0.027 0.059 0.018
  neighbors: f330 f331 f332
- p542(v44): -0.029 0.062  0.02
  neighbors: f331 f332 f344 f491 f492 f587 f589
- p486(v74): -0.029 0.065 0.025
  neighbors: f335 f336 f344 f485 f486 f488 f490 f588 f589
- p389(v75): -0.039 0.007 0.0078
  neighbors: f344 f347 f348 f349 f489 f490 f492 f495
- p182(v76): 0.00091 -0.066  0.15
  neighbors: f351 f357 f358 f359 f360 f496 f497 f503 f654 f656
- p105(v2): -0.014 -0.07   0.1
  neighbors: f357 f419 f654 f682 f683
- p320(v77): -0.035 0.068  0.15
  neighbors: f361 f362 f363 f364 f365 f367 f372 f374 f477 f478
- p133(v48): -0.037 0.056  0.14
  neighbors: f364 f370 f372
- p268(v9): -0.024 0.092  0.13
  neighbors: f365 f477 f594 f706
- p518(v78): -0.045 0.057  0.13
  neighbors: f370 f371 f372 f373 f374
- p654(v80): 0.013 -0.067 0.075
  neighbors: f382 f518 f604 f668 f678 f680
- p75(v49): 0.0066 -0.069 0.077
  neighbors: f382 f678 f684 f687
- p324(v31): 0.0032 -0.067 0.058
  neighbors: f382 f518 f548 f550 f687 f688
- p331(v82): 0.033 0.066  0.15
  neighbors: f396 f452 f498 f499 f537 f539 f578 f579
- p753(v51): 0.016 0.067  0.16
  neighbors: f396 f481 f483 f499 f501 f646 f647
- p970(v19): 0.014 0.091  0.15
  neighbors: f396 f475 f481 f482 f576 f578 f591 f592
- p455(v85): -0.026 -0.064  0.12
  neighbors: f409 f410 f417 f423
- p877(v86): -0.017 -0.07   0.1
  neighbors: f417 f419 f422 f423 f513 f514 f543 f544 f683 f686
- p837(v87): -0.02 -0.023 -0.0035
  neighbors: f426 f555 f557 f559 f561
- p65(v88): 0.022 0.025 -0.0035
  neighbors: f431 f563 f565 f634 f635
- p769(v89): -0.03 -0.035 0.014
  neighbors: f433 f434 f436 f545 f546
- p62(v91): 0.0083 -0.034 -0.0033
  neighbors: f444 f445 f446 f568 f639 f640
- p430(v8): 0.019 -0.049 0.013
  neighbors: f444 f528 f615 f638 f639 f691 f693
- p792(v61): -0.0099 -0.033 -0.0027
  neighbors: f446 f568 f643 f644
- p161(v92): 0.031 0.091  0.11
  neighbors: f447 f448 f449 f456 f457
- p507(v68): 0.033 0.092 0.077
  neighbors: f449 f457 f575 f582 f704 f710
- p849(v93): 0.027 0.092  0.13
  neighbors: f451 f452 f456 f457 f574 f575 f577 f579
- p615(v94): 0.065  0.04 0.036
  neighbors: f458 f459 f696 f697
- p587(v50): 0.065 0.024 0.041
  neighbors: f458 f523 f659 f660 f673 f677 f697
- p307(v95): 0.032 0.086 0.014
  neighbors: f461 f463 f464 f469 f583 f584
- p544(v96): 0.023 0.092 0.016
  neighbors: f469 f584 f586 f702 f705
- p591(v97): 0.0064 0.092  0.14
  neighbors: f475 f590 f592 f701 f707
- p45(v67): -0.0051 0.092  0.15
  neighbors: f475 f482 f483 f645 f647 f701
- p825(v98): -0.016 0.091  0.14
  neighbors: f477 f478 f594 f649 f650
- p922(v99): 0.0058 0.087  0.15
  neighbors: f481 f482 f483
- p83(v100): -0.024 0.092 0.099
  neighbors: f485 f486 f703 f708
- p451(v23): 0.0019 0.092 0.032
  neighbors: f485 f588 f708 f711
- p638(v101): -0.045 0.063  0.11
  neighbors: f487 f488 f489 f490
- p742(v102): -0.036 0.016 0.0074
  neighbors: f491 f492 f493 f494 f495
- p362(v103): 0.019 0.065  0.16
  neighbors: f496 f497 f498 f499 f500 f501
- p617(v28): 0.025 0.055  0.16
  neighbors: f496 f498 f502 f503 f536 f537
- p114(v104): 0.017 -0.065  0.14
  neighbors: f502 f503 f504 f656 f657
- p479(v52): 0.027 -0.056  0.14
  neighbors: f502 f504 f533 f536 f538
- p284(v83): 0.033 -0.057  0.12
  neighbors: f504 f533 f627 f657 f660 f665 f667 f673 f674
- p782(v105): -0.0066 -0.067 0.064
  neighbors: f513 f514 f551 f553
- p866(v55): -0.01 -0.063 0.044
  neighbors: f513 f542 f543 f552 f553
- p925(v79): -0.0036 -0.069 0.073
  neighbors: f514 f550 f551 f686 f688
- p528(v106): 0.016 -0.062 0.047
  neighbors: f518 f548 f549 f604 f664 f689 f692
- p359(v107): 0.065 0.029 0.027
  neighbors: f522 f523 f695 f696 f697
- p616(v81): 0.062 0.0024 0.027
  neighbors: f522 f523 f525 f614 f616 f620 f622 f659 f661
- p224(v108): 0.062 0.031 0.011
  neighbors: f524 f525 f526 f614 f670 f672
- p511(v109): 0.022 -0.044 0.012
  neighbors: f528 f615 f616 f619 f620
- p549(v110):  0.04 0.056  0.14
  neighbors: f533 f538 f625 f627
- p829(v111): 0.036 0.061  0.15
  neighbors: f536 f537 f538 f539 f624 f625
- p317(v112): -0.012 -0.057  0.02
  neighbors: f541 f542 f543 f544 f545 f546
- p262(v84): -0.0012 -0.06 0.022
  neighbors: f541 f542 f552 f566 f628 f630 f636 f637
- p423(v113): 0.00019 -0.066 0.046
  neighbors: f548 f549 f550 f551 f552 f553 f629 f630
- p700(v56): 0.0061 -0.059 0.019
  neighbors: f549 f628 f629 f636 f638 f691 f692
- p394(v114): 0.00038  0.03 -0.0035
  neighbors: f555 f556 f557 f631 f632
- p655(v115): -0.026 -0.013 -0.0025
  neighbors: f558 f559 f560 f561
- p898(v116): 0.027 0.017 -0.0035
  neighbors: f562 f563 f564 f565
- p91(v117): -0.0015 -0.056 0.013
  neighbors: f566 f568 f637 f640 f642 f644
- p123(v118): 0.027 0.092  0.12
  neighbors: f574 f575 f704 f709
- p945(v37):  0.02 0.092  0.14
  neighbors: f574 f576 f577 f590 f591 f707 f709
- p193(v119): 0.018  0.09  0.14
  neighbors: f576 f577 f578 f579
- p145(v120): 0.038 0.092 0.027
  neighbors: f581 f582 f583 f584 f702 f710
- p391(v121): 0.0045 0.092 0.029
  neighbors: f586 f587 f588 f589 f705 f711
- p204(v122): 0.018 0.092  0.14
  neighbors: f590 f591 f592
- p996(v123): -0.012 0.092  0.15
  neighbors: f594 f645 f650 f700 f701 f702 f703 f704 f705 f706 f707 f708 f709 f710 f711
- p135(v125): 0.016 -0.063 0.056
  neighbors: f604 f664 f668
- p256(v127): 0.061 0.014 0.016
  neighbors: f614 f621 f622 f671 f672
- p321(v128): 0.023 -0.046 0.015
  neighbors: f615 f616 f661 f662 f693 f694
- p725(v129): 0.059 0.002 0.023
  neighbors: f619 f620 f621 f622
- p275(v130): 0.042 0.061  0.14
  neighbors: f624 f625 f627 f674 f675
- p310(v131): 6e-05 -0.061 0.023
  neighbors: f628 f629 f630
- p374(v132): 0.0026 0.033 -0.0035
  neighbors: f631 f632 f633 f634 f635
- p912(v133): 0.0025 -0.057 0.015
  neighbors: f636 f637 f638 f639 f640
- p93(v134): -0.0051 -0.053 0.011
  neighbors: f641 f642 f643 f644
- p469(v135): -0.011  0.09  0.15
  neighbors: f645 f646 f647 f648 f649 f650
- p927(v136): 0.019 -0.068  0.12
  neighbors: f654 f656 f657 f667 f681 f682 f685
- p856(v137): 0.061 -0.0017 0.032
  neighbors: f659 f660 f661 f662 f665 f666
- p434(v126): 0.021 -0.056 0.039
  neighbors: f662 f666 f690 f694
- p573(v138): 0.024 -0.066  0.11
  neighbors: f664 f665 f666 f667 f668 f680 f681 f689 f690
- p124(v139): 0.059 0.023 0.011
  neighbors: f670 f671 f672
- p14(v140): 0.046 0.056  0.12
  neighbors: f673 f674 f675 f676 f677
- p525(v141):  0.01 -0.069 0.085
  neighbors: f678 f680 f681 f684 f685
- p764(v142): 0.0043 -0.069 0.079
  neighbors: f682 f683 f684 f685 f686 f687 f688
- p4(v143): 0.018 -0.058 0.036
  neighbors: f689 f690 f691 f692 f693 f694
- f43
    - flags: top simplicial
    - normal:   -0.7678 -0.09786   0.6332
    - offset: -0.1138665
    - center: -0.02644510000000001 -0.02172613333333333 0.1444016666666667 
    - vertices: p340(v14) p561(v13) p410(v7)
    - neighboring facets: f89 f108 f363
- f73
    - flags: bottom simplicial
    - normal:   -0.9892  -0.1462 0.006391
    - offset: -0.03813689
    - vertices: p974(v20) p340(v14) p797(v0)
    - neighboring facets: f371 f349 f133
- f89
    - flags: bottom simplicial
    - normal:   -0.6843  -0.0945   0.7231
    - offset: -0.1251194
    - center: -0.02380936666666668 0.01803903333333333 0.152868 
    - vertices: p631(v24) p561(v13) p410(v7)
    - neighboring facets: f43 f190 f362
- f108
    - flags: top simplicial
    - normal:   -0.4763  -0.7557   0.4494
    - offset: -0.1196697
    - vertices: p584(v27) p340(v14) p410(v7)
    - neighboring facets: f43 f360 f130
- f130
    - flags: bottom simplicial
    - normal:   -0.4762  -0.7564   0.4483
    - offset: -0.1195627
    - vertices: p370(v32) p584(v27) p340(v14)
    - neighboring facets: f108 f409 f251
- f133
    - flags: top simplicial
    - normal:   -0.9867  -0.1624 -0.002323
    - offset: -0.0378441
    - vertices: p863(v33) p974(v20) p340(v14)
    - neighboring facets: f73 f255 f348
- f166
    - flags: bottom simplicial
    - normal:   -0.3797   0.4459  -0.8106
    - offset: -0.02240032
    - center: -0.007134033333333335 0.05530379999999999 0.006130926666666664 
    - vertices: p100(v40) p644(v22) p731(v12)
    - neighboring facets: f330 f633 f322
- f189
    - flags: top simplicial
    - normal:   -0.2154  -0.0375   0.9758
    - offset: -0.1593887
    - vertices: p743(v45) p631(v24) p190(v3)
    - neighboring facets: f195 f500 f190
- f190
    - flags: bottom simplicial
    - normal:   -0.2353  -0.1218   0.9643
    - offset: -0.1529096
    - vertices: p743(v45) p631(v24) p410(v7)
    - neighboring facets: f89 f191 f189
- f191
    - flags: top simplicial
    - normal:  -0.02261  -0.1633   0.9863
    - offset: -0.1542673
    - vertices: p743(v45) p690(v15) p410(v7)
    - neighboring facets: f359 f190 f351
- f195
    - flags: bottom simplicial
    - normal:   -0.2298    0.354   0.9066
    - offset:  -0.171954
    - center: -0.01320083333333333 0.06332663333333333 0.1615996666666667 
    - vertices: p519(v46) p631(v24) p190(v3)
    - neighboring facets: f189 f648 f361
- f251
    - flags: top simplicial
    - normal:   -0.1471  -0.9721   0.1828
    - offset: -0.09142167
    - vertices: p99(v57) p370(v32) p584(v27)
    - neighboring facets: f130 f358 f422
- f255
    - flags: top simplicial
    - normal:   -0.9379   -0.343 -0.05154
    - offset: -0.04050766
    - vertices: p708(v58) p863(v33) p340(v14)
    - neighboring facets: f133 f410 f436
- f261
    - flags: bottom simplicial
    - normal:  4.156e-07 -1.316e-08       -1
    - offset: -0.003494282
    - vertices: p78(v59) p249(v30) p447(v16)
    - neighboring facets: f288 f262 f562
- f262
    - flags: top simplicial
    - normal:  4.962e-08 -1.841e-07       -1
    - offset: -0.003494275
    - vertices: p78(v59) p538(v34) p447(v16)
    - neighboring facets: f445 f261 f556
- f266
    - flags: bottom simplicial
    - normal:   -0.7629  -0.3727  -0.5282
    - offset: -0.02954751
    - vertices: p187(v60) p863(v33) p108(v5)
    - neighboring facets: f347 f558 f434
- f270
    - flags: bottom simplicial
    - normal:   -0.5625    -0.55  -0.6173
    - offset: -0.02801646
    - vertices: p187(v60) p538(v34) p732(v17)
    - neighboring facets: f641 f433 f426
- f276
    - flags: top simplicial
    - normal:    0.8162   0.5636   0.1273
    - offset: -0.09045515
    - center: 0.04573046666666666 0.07143056666666667 0.1010975666666667 
    - vertices: p989(v62) p950(v18) p777(v10)
    - neighboring facets: f676 f451 f448
- f288
    - flags: top simplicial
    - normal:    0.4034 -0.01278  -0.9149
    - offset: -0.01496162
    - vertices: p564(v64) p249(v30) p447(v16)
    - neighboring facets: f261 f526 f564
- f290
    - flags: bottom simplicial
    - normal:    0.8405   0.5351 -0.08514
    - offset: -0.0815687
    - center: 0.06387543333333333 0.05687466666666666 0.0299604 
    - vertices: p661(v65) p198(v36) p950(v18)
    - neighboring facets: f296 f459 f294
- f293
    - flags: top simplicial seen
    - normal:    0.9559   0.1735  -0.2371
    - offset: -0.06560626
    - center: 0.06459436666666667 0.04748593333333333 0.01845846666666667 
    - vertices: p661(v65) p564(v64) p176(v1)
    - neighboring facets: f524 f695 f294
    - ridges:
- f294
    - flags: bottom simplicial
    - normal:     0.868   0.3763  -0.3239
    - offset: -0.06848795
    - center: 0.06306043333333335 0.05344156666666667 0.01963183333333333 
    - vertices: p661(v65) p564(v64) p198(v36)
    - neighboring facets: f463 f290 f293
- f295
    - flags: bottom simplicial tested
    - normal:    0.7776   0.6253  0.06636
    - offset: -0.08886363
    - center: 0.0467443 0.07903663333333334 0.04667566666666666 
    - vertices: p147(v66) p29(v35) p950(v18)
    - neighboring facets: f447 f296 f581
- f296
    - flags: top simplicial tested
    - normal:    0.8086   0.5845 -0.06811
    - offset: -0.08297557
    - center: 0.05528223333333334 0.06894646666666666 0.02965963333333333 
    - vertices: p147(v66) p198(v36) p950(v18)
    - neighboring facets: f290 f295 f464
- f320
    - flags: bottom simplicial tested seen
    - normal:    -0.695   0.7103  -0.1117
    - offset: -0.07105095
    - center: -0.0261618 0.09199783333333333 0.1116443333333333 
    - vertices: p35(v70) p537(v69) p334(v39)
    - neighboring facets: f700 f335 f321
    - ridges:
- f321
    - flags: top simplicial tested
    - normal:   -0.8113   0.5714  -0.1232
    - offset: -0.06010092
    - center: -0.0326575 0.08416449999999999 0.1175836666666667 
    - vertices: p35(v70) p537(v69) p385(v21)
    - neighboring facets: f367 f336 f320
- f322
    - flags: top simplicial
    - normal:   -0.5347   0.2952  -0.7918
    - offset: -0.0199875
    - vertices: p157(v71) p100(v40) p644(v22)
    - neighboring facets: f166 f493 f324
- f324
    - flags: bottom simplicial
    - normal:   -0.4833   0.1271  -0.8662
    - offset: -0.01418847
    - vertices: p157(v71) p100(v40) p108(v5)
    - neighboring facets: f560 f494 f322
- f330
    - flags: top simplicial
    - normal:   -0.3813   0.4479  -0.8087
    - offset: -0.02255851
    - vertices: p466(v73) p644(v22) p731(v12)
    - neighboring facets: f166 f331 f332
- f331
    - flags: bottom simplicial
    - normal:   -0.4216   0.5335  -0.7332
    - offset: -0.03001908
    - center: -0.01118463333333333 0.06969023333333334 0.01619536666666667 
    - vertices: p466(v73) p542(v44) p731(v12)
    - neighboring facets: f587 f330 f332
- f332
    - flags: top simplicial
    - normal:   -0.5942   0.4079  -0.6932
    - offset: -0.02799284
    - vertices: p466(v73) p542(v44) p644(v22)
    - neighboring facets: f491 f330 f331
- f335
    - flags: bottom simplicial tested
    - normal:   -0.7909    0.591  -0.1588
    - offset: -0.05760624
    - center: -0.0264135 0.0829433 0.07748443333333334 
    - vertices: p486(v74) p35(v70) p334(v39)
    - neighboring facets: f320 f486 f336
- f336
    - flags: top simplicial tested
    - normal:   -0.8152     0.56  -0.1475
    - offset: -0.05658475
    - center: -0.0329092 0.07510996666666665 0.08342376666666668 
    - vertices: p486(v74) p35(v70) p385(v21)
    - neighboring facets: f321 f488 f335
- f344
    - flags: bottom simplicial
    - normal:   -0.9168   0.2415  -0.3181
    - offset: -0.03457518
    - center: -0.03211456666666667 0.04465554333333333 0.01776165666666667 
    - vertices: p389(v75) p486(v74) p542(v44)
    - neighboring facets: f589 f492 f490
- f347
    - flags: top simplicial
    - normal:   -0.9354  -0.1676  -0.3114
    - offset: -0.03246194
    - vertices: p389(v75) p863(v33) p108(v5)
    - neighboring facets: f266 f495 f348
- f348
    - flags: bottom simplicial
    - normal:   -0.9821  -0.1487   -0.116
    - offset: -0.03592067
    - vertices: p389(v75) p863(v33) p974(v20)
    - neighboring facets: f133 f349 f347
- f349
    - flags: bottom simplicial
    - normal:   -0.9979 -0.02099 -0.06114
    - offset: -0.03786133
    - vertices: p389(v75) p974(v20) p797(v0)
    - neighboring facets: f73 f489 f348
- f351
    - flags: bottom simplicial
    - normal:   0.09977  -0.1639   0.9814
    - offset: -0.1534076
    - vertices: p182(v76) p743(v45) p690(v15)
    - neighboring facets: f191 f359 f497
- f357
    - flags: bottom simplicial
    - normal:  -0.007546  -0.9966  0.08209
    - offset: -0.0779235
    - vertices: p182(v76) p99(v57) p105(v2)
    - neighboring facets: f419 f654 f358
- f358
    - flags: top simplicial
    - normal:   -0.1031  -0.9797   0.1718
    - offset: -0.08974298
    - vertices: p182(v76) p99(v57) p584(v27)
    - neighboring facets: f251 f360 f357
- f359
    - flags: bottom simplicial
    - normal:   -0.1423  -0.5153   0.8451
    - offset: -0.1566777
    - vertices: p182(v76) p690(v15) p410(v7)
    - neighboring facets: f191 f360 f351
- f360
    - flags: top simplicial
    - normal:   -0.2171  -0.6999   0.6805
    - offset: -0.1449399
    - vertices: p182(v76) p584(v27) p410(v7)
    - neighboring facets: f108 f359 f358
- f361
    - flags: top simplicial tested
    - normal:   -0.5139    0.348   0.7841
    - offset: -0.1578354
    - center: -0.02517126666666665 0.06562393333333331 0.1556713333333333 
    - vertices: p320(v77) p519(v46) p631(v24)
    - neighboring facets: f195 f362 f478
- f362
    - flags: top simplicial tested
    - normal:   -0.6997 -0.05808    0.712
    - offset: -0.1258474
    - center: -0.02864866666666668 0.06037613333333333 0.1535143333333333 
    - vertices: p320(v77) p631(v24) p561(v13)
    - neighboring facets: f89 f363 f361
- f363
    - flags: bottom simplicial tested
    - normal:   -0.7729 -0.09706   0.6271
    - offset: -0.1131389
    - center: -0.03128440000000001 0.02061096666666667 0.145048 
    - vertices: p320(v77) p340(v14) p561(v13)
    - neighboring facets: f43 f362 f364
- f364
    - flags: bottom simplicial tested
    - normal:   -0.7872 -0.09596   0.6091
    - offset: -0.1110497
    - center: -0.03343586666666669 0.02178736666666667 0.142529 
    - vertices: p320(v77) p133(v48) p340(v14)
    - neighboring facets: f370 f363 f372
- f365
    - flags: top simplicial tested seen
    - normal:    -0.658   0.5848   0.4744
    - offset: -0.1331407
    - center: -0.0291294 0.08425876666666667 0.136387 
    - vertices: p320(v77) p537(v69) p268(v9)
    - neighboring facets: f706 f477 f367
    - ridges:
- f367
    - flags: bottom simplicial tested
    - normal:   -0.8456   0.4589   0.2729
    - offset: -0.1011923
    - center: -0.03569370000000002 0.07642543333333333 0.1317046666666667 
    - vertices: p320(v77) p537(v69) p385(v21)
    - neighboring facets: f321 f374 f365
- f370
    - flags: top simplicial
    - normal:   -0.8303 -0.09462   0.5492
    - offset: -0.1040842
    - vertices: p518(v78) p133(v48) p340(v14)
    - neighboring facets: f364 f371 f372
- f371
    - flags: top simplicial
    - normal:   -0.9887  -0.1353   0.0645
    - offset:  -0.045353
    - vertices: p518(v78) p340(v14) p797(v0)
    - neighboring facets: f73 f373 f370
- f372
    - flags: top simplicial
    - normal:   -0.8318 -0.06731   0.5509
    - offset: -0.1059355
    - vertices: p518(v78) p320(v77) p133(v48)
    - neighboring facets: f364 f370 f374
- f373
    - flags: bottom simplicial
    - normal:   -0.9864   0.1561  0.05208
    - offset: -0.06018484
    - vertices: p518(v78) p385(v21) p797(v0)
    - neighboring facets: f487 f371 f374
- f374
    - flags: bottom simplicial
    - normal:   -0.8832   0.3734   0.2839
    - offset: -0.09827787
    - vertices: p518(v78) p320(v77) p385(v21)
    - neighboring facets: f367 f373 f372
- f382
    - flags: bottom simplicial
    - normal:    0.2315  -0.9659  -0.1163
    - offset: -0.05898988
    - vertices: p654(v80) p75(v49) p324(v31)
    - neighboring facets: f687 f518 f678
- f396
    - flags: top simplicial
    - normal:    0.4775    0.543   0.6908
    - offset: -0.1565406
    - center: 0.0209048 0.07448516666666667 0.153617 
    - vertices: p331(v82) p753(v51) p970(v19)
    - neighboring facets: f481 f578 f499
- f409
    - flags: bottom simplicial
    - normal:      -0.7  -0.7046   0.1161
    - offset: -0.07788359
    - vertices: p455(v85) p370(v32) p340(v14)
    - neighboring facets: f130 f410 f423
- f410
    - flags: top simplicial
    - normal:   -0.8407  -0.5412  0.02096
    - offset: -0.05932192
    - vertices: p455(v85) p708(v58) p340(v14)
    - neighboring facets: f255 f409 f417
- f417
    - flags: bottom simplicial
    - normal:    -0.652  -0.7525 -0.09304
    - offset: -0.05401682
    - vertices: p877(v86) p455(v85) p708(v58)
    - neighboring facets: f410 f544 f423
- f419
    - flags: top simplicial
    - normal:  -0.05346  -0.9961  0.06989
    - offset: -0.07724699
    - vertices: p877(v86) p99(v57) p105(v2)
    - neighboring facets: f357 f683 f422
- f422
    - flags: bottom simplicial
    - normal:   -0.3504  -0.9357  0.04107
    - offset: -0.07520785
    - vertices: p877(v86) p99(v57) p370(v32)
    - neighboring facets: f251 f423 f419
- f423
    - flags: top simplicial
    - normal:   -0.4849  -0.8745 0.005697
    - offset: -0.0696675
    - vertices: p877(v86) p455(v85) p370(v32)
    - neighboring facets: f409 f422 f417
- f426
    - flags: top simplicial
    - normal:   -0.3045  -0.1466  -0.9411
    - offset: -0.01271728
    - vertices: p837(v87) p187(v60) p538(v34)
    - neighboring facets: f270 f557 f559
- f431
    - flags: top simplicial
    - normal:    0.2221   0.2114  -0.9518
    - offset: -0.01348325
    - vertices: p65(v88) p564(v64) p731(v12)
    - neighboring facets: f461 f634 f565
- f433
    - flags: bottom simplicial
    - normal:   -0.5959   -0.549  -0.5862
    - offset: -0.02886314
    - vertices: p769(v89) p187(v60) p732(v17)
    - neighboring facets: f270 f545 f434
- f434
    - flags: top simplicial
    - normal:   -0.6958  -0.4752  -0.5386
    - offset: -0.02993745
    - vertices: p769(v89) p187(v60) p863(v33)
    - neighboring facets: f266 f436 f433
- f436
    - flags: bottom simplicial
    - normal:    -0.884   -0.458 -0.09387
    - offset: -0.04129358
    - vertices: p769(v89) p708(v58) p863(v33)
    - neighboring facets: f255 f434 f546
- f444
    - flags: bottom simplicial
    - normal:    0.4052   -0.529  -0.7457
    - offset: -0.02377007
    - vertices: p62(v91) p447(v16) p430(v8)
    - neighboring facets: f528 f639 f445
- f445
    - flags: bottom simplicial
    - normal:  0.003988 -0.01479  -0.9999
    - offset: -0.003875811
    - vertices: p62(v91) p538(v34) p447(v16)
    - neighboring facets: f262 f444 f446
- f446
    - flags: bottom simplicial
    - normal:  -0.04165    -0.32  -0.9465
    - offset: -0.01366915
    - vertices: p62(v91) p792(v61) p538(v34)
    - neighboring facets: f643 f445 f568
- f447
    - flags: top simplicial
    - normal:    0.7876    0.609  0.09401
    - offset: -0.0897545
    - vertices: p161(v92) p29(v35) p950(v18)
    - neighboring facets: f295 f448 f449
- f448
    - flags: bottom simplicial
    - normal:    0.7957   0.5965   0.1051
    - offset: -0.09004237
    - center: 0.04161853333333334 0.07932236666666666 0.09147890000000002 
    - vertices: p161(v92) p989(v62) p950(v18)
    - neighboring facets: f276 f447 f456
- f449
    - flags: top simplicial
    - normal:    0.6032   0.7945  0.06989
    - offset:  -0.098321
    - center: 0.03294090000000001 0.09122016666666666 0.08546576666666666 
    - vertices: p161(v92) p507(v68) p29(v35)
    - neighboring facets: f582 f447 f457
- f451
    - flags: top simplicial tested
    - normal:    0.8135   0.5653   0.1365
    - offset: -0.09169354
    - center: 0.03283280000000001 0.08322023333333334 0.131419 
    - vertices: p849(v93) p989(v62) p777(v10)
    - neighboring facets: f276 f452 f456
- f452
    - flags: bottom simplicial tested
    - normal:    0.7054   0.5252    0.476
    - offset: -0.1301823
    - center: 0.03433253333333333 0.07485156666666666 0.140023 
    - vertices: p849(v93) p331(v82) p777(v10)
    - neighboring facets: f539 f451 f579
- f456
    - flags: top simplicial tested
    - normal:    0.7346   0.6715  0.09753
    - offset: -0.09415792
    - center: 0.02872086666666666 0.09111203333333334 0.1218003333333333 
    - vertices: p849(v93) p161(v92) p989(v62)
    - neighboring facets: f448 f451 f457
- f457
    - flags: bottom simplicial tested
    - normal:    0.5927   0.8024   0.0697
    - offset: -0.09869107
    - center: 0.03010206666666666 0.0915958 0.1054658666666666 
    - vertices: p849(v93) p161(v92) p507(v68)
    - neighboring facets: f449 f575 f456
- f458
    - flags: top simplicial tested seen
    - normal:         1 0.001163 0.003631
    - offset: -0.06559992
    - center: 0.06540936666666666 0.04021923333333333 0.03973633333333332 
    - vertices: p615(v94) p587(v50) p950(v18)
    - neighboring facets: f677 f459 f697
    - ridges:
- f459
    - flags: bottom simplicial tested seen
    - normal:         1 0.001626 0.002298
    - offset: -0.06557061
    - center: 0.06540936666666668 0.05017523333333333 0.03478666666666667 
    - vertices: p615(v94) p661(v65) p950(v18)
    - neighboring facets: f290 f458 f696
    - ridges:
- f461
    - flags: bottom simplicial
    - normal:    0.3403   0.3263  -0.8819
    - offset: -0.02696792
    - center: 0.03909956666666667 0.07356053333333333 0.0117242 
    - vertices: p307(v95) p564(v64) p731(v12)
    - neighboring facets: f431 f469 f463
- f463
    - flags: top simplicial
    - normal:    0.6352   0.5262  -0.5654
    - offset: -0.05814208
    - vertices: p307(v95) p564(v64) p198(v36)
    - neighboring facets: f294 f464 f461
- f464
    - flags: bottom simplicial
    - normal:    0.6355   0.5268  -0.5646
    - offset: -0.05821263
    - center: 0.04425783333333334 0.07894433333333332 0.02036123333333333 
    - vertices: p307(v95) p147(v66) p198(v36)
    - neighboring facets: f296 f463 f583
- f469
    - flags: bottom simplicial tested
    - normal:     0.317   0.7647  -0.5611
    - offset: -0.06852173
    - center: 0.0257011 0.08893346666666667 0.0135989 
    - vertices: p544(v96) p307(v95) p731(v12)
    - neighboring facets: f461 f586 f584
- f475
    - flags: bottom simplicial tested seen
    - normal:   0.06499   0.8437   0.5329
    - offset: -0.1550009
    - center: 0.005074139999999999 0.09163586666666665 0.145163 
    - vertices: p591(v97) p45(v67) p970(v19)
    - neighboring facets: f482 f592 f701
    - ridges:
- f477
    - flags: top simplicial tested
    - normal:   -0.6274   0.5911   0.5069
    - offset:  -0.137325
    - center: -0.0250461 0.08388906666666666 0.1420893333333333 
    - vertices: p825(v98) p320(v77) p268(v9)
    - neighboring facets: f365 f594 f478
- f478
    - flags: bottom simplicial tested
    - normal:   -0.4767   0.5024   0.7214
    - offset: -0.1578027
    - center: -0.02359619999999999 0.07605573333333332 0.1501946666666667 
    - vertices: p825(v98) p320(v77) p519(v46)
    - neighboring facets: f361 f649 f477
- f481
    - flags: bottom simplicial
    - normal:   0.05273   0.5898   0.8059
    - offset: -0.1716638
    - vertices: p922(v99) p753(v51) p970(v19)
    - neighboring facets: f396 f482 f483
- f482
    - flags: top simplicial
    - normal:   0.03905   0.6097   0.7917
    - offset: -0.1712094
    - vertices: p922(v99) p45(v67) p970(v19)
    - neighboring facets: f475 f481 f483
- f483
    - flags: bottom simplicial
    - normal:   0.01666   0.5782   0.8157
    - offset: -0.1719185
    - center: 0.00553461 0.08220019999999999 0.1523776666666667 
    - vertices: p922(v99) p45(v67) p753(v51)
    - neighboring facets: f647 f481 f482
- f485
    - flags: top simplicial tested seen
    - normal:   -0.6096   0.7586    -0.23
    - offset: -0.06142182
    - center: -0.01695132333333333 0.08314546666666667 0.0521048 
    - vertices: p83(v100) p486(v74) p451(v23)
    - neighboring facets: f588 f708 f486
    - ridges:
- f486
    - flags: bottom simplicial tested seen
    - normal:    -0.621   0.7505  -0.2262
    - offset: -0.06132307
    - center: -0.02571676666666668 0.08314546666666668 0.07536393333333334 
    - vertices: p83(v100) p486(v74) p334(v39)
    - neighboring facets: f335 f703 f485
    - ridges:
- f487
    - flags: top simplicial
    - normal:   -0.9845   0.1754 0.006335
    - offset: -0.05596166
    - vertices: p638(v101) p385(v21) p797(v0)
    - neighboring facets: f373 f489 f488
- f488
    - flags: top simplicial
    - normal:   -0.8642   0.4797   -0.152
    - offset: -0.05268256
    - vertices: p638(v101) p486(v74) p385(v21)
    - neighboring facets: f336 f487 f490
- f489
    - flags: bottom simplicial
    - normal:   -0.9922  0.07046   -0.103
    - offset: -0.03795846
    - vertices: p638(v101) p389(v75) p797(v0)
    - neighboring facets: f349 f487 f490
- f490
    - flags: top simplicial
    - normal:   -0.9621   0.2071  -0.1776
    - offset: -0.03717645
    - vertices: p638(v101) p389(v75) p486(v74)
    - neighboring facets: f344 f488 f489
- f491
    - flags: bottom simplicial
    - normal:    -0.847   0.2628   -0.462
    - offset: -0.03096076
    - vertices: p742(v102) p542(v44) p644(v22)
    - neighboring facets: f332 f493 f492
- f492
    - flags: bottom simplicial
    - normal:   -0.8545   0.2604  -0.4495
    - offset: -0.03128003
    - vertices: p742(v102) p389(v75) p542(v44)
    - neighboring facets: f344 f491 f495
- f493
    - flags: top simplicial
    - normal:   -0.5973   0.2394  -0.7655
    - offset: -0.0194536
    - vertices: p742(v102) p157(v71) p644(v22)
    - neighboring facets: f322 f491 f494
- f494
    - flags: bottom simplicial
    - normal:   -0.5555   0.1523  -0.8174
    - offset: -0.01619324
    - vertices: p742(v102) p157(v71) p108(v5)
    - neighboring facets: f324 f495 f493
- f495
    - flags: top simplicial
    - normal:   -0.5694   0.1484  -0.8085
    - offset: -0.01669181
    - vertices: p742(v102) p389(v75) p108(v5)
    - neighboring facets: f347 f494 f492
- f496
    - flags: bottom simplicial
    - normal:    0.2882  -0.1586   0.9444
    - offset: -0.1478514
    - vertices: p362(v103) p182(v76) p617(v28)
    - neighboring facets: f503 f498 f497
- f497
    - flags: top simplicial
    - normal:    0.2716   -0.157   0.9495
    - offset:  -0.148476
    - vertices: p362(v103) p182(v76) p743(v45)
    - neighboring facets: f351 f500 f496
- f498
    - flags: top simplicial
    - normal:    0.5658  0.04488   0.8233
    - offset: -0.1469357
    - vertices: p362(v103) p331(v82) p617(v28)
    - neighboring facets: f537 f496 f499
- f499
    - flags: bottom simplicial
    - normal:    0.4945   0.4724   0.7296
    - offset: -0.1583821
    - vertices: p362(v103) p331(v82) p753(v51)
    - neighboring facets: f396 f501 f498
- f500
    - flags: top simplicial
    - normal:    0.2539  -0.1228   0.9594
    - offset: -0.1519724
    - vertices: p362(v103) p743(v45) p190(v3)
    - neighboring facets: f189 f501 f497
- f501
    - flags: bottom simplicial
    - normal:    0.2484 -0.09268   0.9642
    - offset: -0.1546106
    - center: 0.01209569999999999 0.06473776666666665 0.1634563333333333 
    - vertices: p362(v103) p753(v51) p190(v3)
    - neighboring facets: f646 f500 f499
- f502
    - flags: bottom simplicial
    - normal:    0.4287  -0.1704   0.8872
    - offset: -0.1417411
    - vertices: p114(v104) p479(v52) p617(v28)
    - neighboring facets: f536 f503 f504
- f503
    - flags: top simplicial
    - normal:    0.3596  -0.1702   0.9174
    - offset:  -0.144776
    - vertices: p114(v104) p182(v76) p617(v28)
    - neighboring facets: f496 f502 f656
- f504
    - flags: bottom simplicial
    - normal:    0.6842  -0.6127   0.3956
    - offset: -0.1065438
    - vertices: p114(v104) p284(v83) p479(v52)
    - neighboring facets: f533 f502 f657
- f513
    - flags: bottom simplicial
    - normal:   -0.2872  -0.9477  -0.1392
    - offset: -0.05664277
    - vertices: p782(v105) p877(v86) p866(v55)
    - neighboring facets: f543 f553 f514
- f514
    - flags: top simplicial
    - normal:   -0.1478  -0.9837  -0.1019
    - offset: -0.06054499
    - vertices: p782(v105) p877(v86) p925(v79)
    - neighboring facets: f686 f551 f513
- f518
    - flags: bottom simplicial
    - normal:    0.2652  -0.9548  -0.1345
    - offset: -0.05730128
    - vertices: p528(v106) p654(v80) p324(v31)
    - neighboring facets: f382 f548 f604
- f522
    - flags: bottom simplicial tested seen
    - normal:    0.9801  -0.1096  -0.1656
    - offset: -0.05646168
    - center: 0.0644224 0.02454403333333334 0.02409266666666667 
    - vertices: p359(v107) p616(v81) p176(v1)
    - neighboring facets: f525 f695 f523
    - ridges:
- f523
    - flags: top simplicial tested seen
    - normal:    0.9929  -0.1124 -0.03786
    - offset: -0.06069671
    - center: 0.0644224 0.0183901 0.03182479999999999 
    - vertices: p359(v107) p616(v81) p587(v50)
    - neighboring facets: f659 f697 f522
    - ridges:
- f524
    - flags: bottom simplicial
    - normal:    0.9374  -0.0577  -0.3436
    - offset: -0.05264166
    - vertices: p224(v108) p564(v64) p176(v1)
    - neighboring facets: f293 f525 f526
- f525
    - flags: top simplicial
    - normal:    0.9603  -0.1263  -0.2487
    - offset: -0.05294922
    - vertices: p224(v108) p616(v81) p176(v1)
    - neighboring facets: f522 f524 f614
- f526
    - flags: top simplicial
    - normal:    0.4243 -0.02612  -0.9051
    - offset: -0.01576586
    - vertices: p224(v108) p564(v64) p447(v16)
    - neighboring facets: f288 f670 f524
- f528
    - flags: top simplicial
    - normal:     0.521  -0.5257  -0.6725
    - offset: -0.02676625
    - vertices: p511(v109) p447(v16) p430(v8)
    - neighboring facets: f444 f615 f619
- f533
    - flags: top simplicial
    - normal:     0.881  -0.1302   0.4548
    - offset: -0.09297185
    - vertices: p549(v110) p284(v83) p479(v52)
    - neighboring facets: f504 f538 f627
- f536
    - flags: top simplicial
    - normal:    0.6981  -0.1296   0.7041
    - offset:  -0.121877
    - vertices: p829(v111) p479(v52) p617(v28)
    - neighboring facets: f502 f537 f538
- f537
    - flags: bottom simplicial
    - normal:     0.693  -0.1039   0.7134
    - offset:  -0.124621
    - vertices: p829(v111) p331(v82) p617(v28)
    - neighboring facets: f498 f536 f539
- f538
    - flags: top simplicial
    - normal:    0.7772  -0.1266   0.6164
    - offset: -0.1119253
    - vertices: p829(v111) p549(v110) p479(v52)
    - neighboring facets: f533 f536 f625
- f539
    - flags: top simplicial
    - normal:    0.8386   0.1496   0.5238
    - offset: -0.1171912
    - vertices: p829(v111) p331(v82) p777(v10)
    - neighboring facets: f452 f624 f537
- f541
    - flags: top simplicial
    - normal:   -0.2249  -0.8926  -0.3908
    - offset: -0.04561698
    - vertices: p317(v112) p262(v84) p732(v17)
    - neighboring facets: f566 f545 f542
- f542
    - flags: bottom simplicial
    - normal:   -0.2642  -0.9384  -0.2227
    - offset: -0.05212848
    - vertices: p317(v112) p262(v84) p866(v55)
    - neighboring facets: f552 f543 f541
- f543
    - flags: top simplicial
    - normal:   -0.5895  -0.7919  -0.1592
    - offset: -0.04896149
    - vertices: p317(v112) p877(v86) p866(v55)
    - neighboring facets: f513 f542 f544
- f544
    - flags: bottom simplicial
    - normal:   -0.7214  -0.6761  -0.1498
    - offset: -0.04412866
    - vertices: p317(v112) p877(v86) p708(v58)
    - neighboring facets: f417 f546 f543
- f545
    - flags: bottom simplicial
    - normal:   -0.7361  -0.6557  -0.1683
    - offset: -0.04276242
    - vertices: p317(v112) p769(v89) p732(v17)
    - neighboring facets: f433 f541 f546
- f546
    - flags: top simplicial
    - normal:   -0.7407  -0.6546  -0.1512
    - offset: -0.04310746
    - vertices: p317(v112) p769(v89) p708(v58)
    - neighboring facets: f436 f544 f545
- f548
    - flags: bottom simplicial
    - normal:    0.2251  -0.9571  -0.1826
    - offset: -0.05454647
    - vertices: p423(v113) p528(v106) p324(v31)
    - neighboring facets: f518 f550 f549
- f549
    - flags: top simplicial
    - normal:    0.2254  -0.9552  -0.1918
    - offset: -0.05400077
    - vertices: p423(v113) p528(v106) p700(v56)
    - neighboring facets: f692 f629 f548
- f550
    - flags: top simplicial
    - normal:  -0.06042  -0.9918  -0.1129
    - offset: -0.05998668
    - vertices: p423(v113) p925(v79) p324(v31)
    - neighboring facets: f688 f548 f551
- f551
    - flags: top simplicial
    - normal:   -0.1024  -0.9877  -0.1183
    - offset: -0.05945863
    - vertices: p423(v113) p782(v105) p925(v79)
    - neighboring facets: f514 f550 f553
- f552
    - flags: top simplicial
    - normal:   -0.2005  -0.9591  -0.1999
    - offset: -0.05380198
    - vertices: p423(v113) p262(v84) p866(v55)
    - neighboring facets: f542 f553 f630
- f553
    - flags: bottom simplicial
    - normal:   -0.2097  -0.9652  -0.1563
    - offset: -0.05620632
    - vertices: p423(v113) p782(v105) p866(v55)
    - neighboring facets: f513 f552 f551
- f555
    - flags: bottom simplicial
    - normal:  -0.01281 0.004817  -0.9999
    - offset: -0.003634167
    - vertices: p394(v114) p837(v87) p100(v40)
    - neighboring facets: f561 f631 f557
- f556
    - flags: bottom simplicial
    - normal:  4.589e-10 -1.658e-07       -1
    - offset: -0.003494275
    - vertices: p394(v114) p78(v59) p538(v34)
    - neighboring facets: f262 f557 f632
- f557
    - flags: top simplicial
    - normal:  -2.181e-07 -1.05e-07       -1
    - offset: -0.003494277
    - vertices: p394(v114) p837(v87) p538(v34)
    - neighboring facets: f426 f556 f555
- f558
    - flags: bottom simplicial
    - normal:   -0.3268 -0.06814  -0.9426
    - offset: -0.01163723
    - vertices: p655(v115) p187(v60) p108(v5)
    - neighboring facets: f266 f560 f559
- f559
    - flags: bottom simplicial
    - normal:   -0.2915 -0.07648  -0.9535
    - offset: -0.01086578
    - vertices: p655(v115) p837(v87) p187(v60)
    - neighboring facets: f426 f558 f561
- f560
    - flags: top simplicial
    - normal:   -0.3206  0.05834  -0.9454
    - offset: -0.00982029
    - vertices: p655(v115) p100(v40) p108(v5)
    - neighboring facets: f324 f558 f561
- f561
    - flags: top simplicial
    - normal:   -0.1404  0.01526    -0.99
    - offset: -0.005873003
    - vertices: p655(v115) p837(v87) p100(v40)
    - neighboring facets: f555 f560 f559
- f562
    - flags: top simplicial
    - normal:  6.603e-07 3.077e-07       -1
    - offset: -0.003494293
    - vertices: p898(v116) p78(v59) p249(v30)
    - neighboring facets: f261 f564 f563
- f563
    - flags: top simplicial
    - normal:  7.942e-07 5.289e-07       -1
    - offset: -0.003494301
    - vertices: p898(v116) p65(v88) p78(v59)
    - neighboring facets: f635 f562 f565
- f564
    - flags: bottom simplicial
    - normal:     0.276   0.1286  -0.9525
    - offset: -0.01305674
    - vertices: p898(v116) p564(v64) p249(v30)
    - neighboring facets: f288 f562 f565
- f565
    - flags: bottom simplicial
    - normal:    0.2477    0.165  -0.9547
    - offset: -0.01292866
    - vertices: p898(v116) p65(v88) p564(v64)
    - neighboring facets: f431 f564 f563
- f566
    - flags: bottom simplicial
    - normal:   -0.2098  -0.8869  -0.4115
    - offset: -0.04479958
    - vertices: p91(v117) p262(v84) p732(v17)
    - neighboring facets: f541 f642 f637
- f568
    - flags: top simplicial
    - normal:  -0.04302  -0.5733  -0.8182
    - offset: -0.02181669
    - vertices: p91(v117) p62(v91) p792(v61)
    - neighboring facets: f446 f644 f640
- f574
    - flags: top simplicial tested seen
    - normal:    0.1198   0.9912  0.05711
    - offset: -0.1017152
    - center: 0.02465983333333334 0.09204983333333333 0.131753 
    - vertices: p123(v118) p849(v93) p945(v37)
    - neighboring facets: f577 f709 f575
    - ridges:
- f575
    - flags: bottom simplicial tested seen
    - normal:    0.4784   0.8762  0.05812
    - offset: -0.1008753
    - center: 0.02870953333333333 0.09204983333333333 0.1115592 
    - vertices: p123(v118) p849(v93) p507(v68)
    - neighboring facets: f457 f704 f574
    - ridges:
- f576
    - flags: bottom simplicial
    - normal:    0.4396   0.7298   0.5236
    - offset: -0.1485351
    - center: 0.01737609999999999 0.0908532 0.1424603333333333 
    - vertices: p193(v119) p945(v37) p970(v19)
    - neighboring facets: f591 f578 f577
- f577
    - flags: bottom simplicial
    - normal:    0.5012    0.682   0.5326
    - offset: -0.1466288
    - vertices: p193(v119) p849(v93) p945(v37)
    - neighboring facets: f574 f576 f579
- f578
    - flags: top simplicial
    - normal:    0.4979   0.5529   0.6682
    - offset: -0.1544214
    - vertices: p193(v119) p331(v82) p970(v19)
    - neighboring facets: f396 f576 f579
- f579
    - flags: top simplicial
    - normal:    0.5808   0.5724   0.5788
    - offset: -0.1448296
    - vertices: p193(v119) p849(v93) p331(v82)
    - neighboring facets: f452 f578 f577
- f581
    - flags: top simplicial tested
    - normal:    0.7184    0.693  0.06004
    - offset: -0.0924612
    - center: 0.0374503 0.09097646666666666 0.04177726666666667 
    - vertices: p145(v120) p147(v66) p29(v35)
    - neighboring facets: f295 f582 f583
- f582
    - flags: bottom simplicial tested seen
    - normal:    0.5881   0.8068  0.05742
    - offset: -0.09799109
    - center: 0.03509623333333334 0.0916742 0.05906226666666666 
    - vertices: p145(v120) p507(v68) p29(v35)
    - neighboring facets: f449 f581 f710
    - ridges:
- f583
    - flags: top simplicial tested
    - normal:    0.4076   0.7654  -0.4981
    - offset:   -0.07238
    - center: 0.03648473333333333 0.0895603 0.02215753333333333 
    - vertices: p145(v120) p307(v95) p147(v66)
    - neighboring facets: f464 f581 f584
- f584
    - flags: top simplicial tested seen
    - normal:    0.3547   0.7959  -0.4907
    - offset: -0.07340615
    - center: 0.03085143333333334 0.09025803333333335 0.01909003333333333 
    - vertices: p145(v120) p544(v96) p307(v95)
    - neighboring facets: f469 f583 f702
    - ridges:
- f586
    - flags: bottom simplicial tested seen
    - normal:   -0.3506   0.7919     -0.5
    - offset: -0.05684524
    - center: 0.01642784333333333 0.09087543333333332 0.0187092 
    - vertices: p391(v121) p544(v96) p731(v12)
    - neighboring facets: f469 f587 f705
    - ridges:
- f587
    - flags: top simplicial tested
    - normal:   -0.4629   0.6703    -0.58
    - offset: -0.0428001
    - center: -0.000660223333333331 0.08076923333333334 0.0200769 
    - vertices: p391(v121) p542(v44) p731(v12)
    - neighboring facets: f331 f586 f589
- f588
    - flags: bottom simplicial tested seen
    - normal:    -0.512   0.7105  -0.4828
    - offset: -0.04911916
    - center: -0.007605513333333336 0.08314546666666667 0.0286801 
    - vertices: p391(v121) p486(v74) p451(v23)
    - neighboring facets: f485 f711 f589
    - ridges:
- f589
    - flags: top simplicial tested
    - normal:   -0.4792   0.6806  -0.5542
    - offset: -0.04443405
    - center: -0.01776195666666666 0.07303926666666666 0.0248833 
    - vertices: p391(v121) p486(v74) p542(v44)
    - neighboring facets: f344 f587 f588
- f590
    - flags: top simplicial tested seen
    - normal:   0.03807   0.9954   0.0877
    - offset: -0.1046594
    - center: 0.01507588333333333 0.09218949999999999 0.140462 
    - vertices: p204(v122) p591(v97) p945(v37)
    - neighboring facets: f707 f591 f592
    - ridges:
- f591
    - flags: top simplicial tested
    - normal:    0.2128   0.9035    0.372
    - offset: -0.1389912
    - center: 0.01756936666666667 0.09162536666666667 0.141051 
    - vertices: p204(v122) p945(v37) p970(v19)
    - neighboring facets: f576 f592 f590
- f592
    - flags: bottom simplicial tested
    - normal:    0.1345   0.9355   0.3266
    - offset: -0.1341868
    - center: 0.01289291666666667 0.09162536666666665 0.143081 
    - vertices: p204(v122) p591(v97) p970(v19)
    - neighboring facets: f475 f591 f590
- f594
    - flags: top simplicial tested seen
    - normal:   -0.2667   0.9214   0.2826
    - offset: -0.1291275
    - center: -0.0174391 0.09183029999999999 0.1410453333333333 
    - vertices: p996(v123) p825(v98) p268(v9)
    - neighboring facets: f477 f706 f650
    - ridges:
- f604
    - flags: top simplicial
    - normal:    0.4226  -0.8999  -0.1074
    - offset: -0.05762617
    - vertices: p135(v125) p528(v106) p654(v80)
    - neighboring facets: f518 f668 f664
- f614
    - flags: bottom simplicial
    - normal:    0.9256  -0.1755  -0.3352
    - offset: -0.04833688
    - vertices: p256(v127) p224(v108) p616(v81)
    - neighboring facets: f525 f622 f672
- f615
    - flags: top simplicial
    - normal:    0.6887  -0.5859  -0.4272
    - offset: -0.03613451
    - vertices: p321(v128) p511(v109) p430(v8)
    - neighboring facets: f528 f693 f616
- f616
    - flags: bottom simplicial
    - normal:    0.7518  -0.5163  -0.4101
    - offset: -0.03466409
    - vertices: p321(v128) p511(v109) p616(v81)
    - neighboring facets: f620 f661 f615
- f619
    - flags: bottom simplicial
    - normal:    0.7292   -0.471  -0.4963
    - offset: -0.03111426
    - vertices: p725(v129) p511(v109) p447(v16)
    - neighboring facets: f528 f621 f620
- f620
    - flags: top simplicial
    - normal:    0.7344  -0.4786  -0.4813
    - offset: -0.03174569
    - vertices: p725(v129) p511(v109) p616(v81)
    - neighboring facets: f616 f622 f619
- f621
    - flags: top simplicial
    - normal:    0.7306  -0.3834  -0.5649
    - offset: -0.02980707
    - vertices: p725(v129) p256(v127) p447(v16)
    - neighboring facets: f671 f619 f622
- f622
    - flags: bottom simplicial
    - normal:    0.7729  -0.3638  -0.5199
    - offset: -0.03337974
    - vertices: p725(v129) p256(v127) p616(v81)
    - neighboring facets: f614 f620 f621
- f624
    - flags: top simplicial
    - normal:    0.8428    0.138   0.5203
    - offset: -0.1161135
    - vertices: p275(v130) p829(v111) p777(v10)
    - neighboring facets: f539 f675 f625
- f625
    - flags: bottom simplicial
    - normal:    0.8503  0.06868   0.5219
    - offset: -0.1124197
    - vertices: p275(v130) p829(v111) p549(v110)
    - neighboring facets: f538 f627 f624
- f627
    - flags: bottom simplicial
    - normal:    0.9392  -0.1137   0.3239
    - offset: -0.07766098
    - vertices: p275(v130) p549(v110) p284(v83)
    - neighboring facets: f533 f674 f625
- f628
    - flags: bottom simplicial
    - normal:   0.04823  -0.9402  -0.3372
    - offset: -0.04934139
    - vertices: p310(v131) p262(v84) p700(v56)
    - neighboring facets: f636 f629 f630
- f629
    - flags: top simplicial
    - normal:    0.1619  -0.9647  -0.2078
    - offset: -0.05387345
    - vertices: p310(v131) p423(v113) p700(v56)
    - neighboring facets: f549 f628 f630
- f630
    - flags: bottom simplicial
    - normal:   -0.1132  -0.9716  -0.2077
    - offset: -0.05428116
    - vertices: p310(v131) p423(v113) p262(v84)
    - neighboring facets: f552 f628 f629
- f631
    - flags: bottom simplicial
    - normal:  -0.01251   0.0088  -0.9999
    - offset: -0.003754188
    - vertices: p374(v132) p394(v114) p100(v40)
    - neighboring facets: f555 f633 f632
- f632
    - flags: top simplicial
    - normal:  -8.667e-09 3.131e-06       -1
    - offset: -0.003494374
    - vertices: p374(v132) p394(v114) p78(v59)
    - neighboring facets: f556 f635 f631
- f633
    - flags: bottom simplicial
    - normal:  -0.04106   0.2616  -0.9643
    - offset: -0.01197944
    - vertices: p374(v132) p100(v40) p731(v12)
    - neighboring facets: f166 f634 f631
- f634
    - flags: top simplicial
    - normal:   0.09574   0.2151  -0.9719
    - offset: -0.01081806
    - vertices: p374(v132) p65(v88) p731(v12)
    - neighboring facets: f431 f633 f635
- f635
    - flags: bottom simplicial
    - normal:  2.678e-06 6.017e-06       -1
    - offset: -0.003494478
    - vertices: p374(v132) p65(v88) p78(v59)
    - neighboring facets: f563 f632 f634
- f636
    - flags: top simplicial
    - normal:   0.02822  -0.9272  -0.3736
    - offset: -0.04777856
    - vertices: p912(v133) p262(v84) p700(v56)
    - neighboring facets: f628 f638 f637
- f637
    - flags: top simplicial
    - normal:   -0.0906  -0.9018  -0.4226
    - offset: -0.04531027
    - vertices: p912(v133) p91(v117) p262(v84)
    - neighboring facets: f566 f636 f640
- f638
    - flags: top simplicial
    - normal:    0.3226  -0.7446  -0.5844
    - offset: -0.03493149
    - vertices: p912(v133) p700(v56) p430(v8)
    - neighboring facets: f691 f639 f636
- f639
    - flags: bottom simplicial
    - normal:    0.2504  -0.6278   -0.737
    - offset: -0.0258144
    - vertices: p912(v133) p62(v91) p430(v8)
    - neighboring facets: f444 f638 f640
- f640
    - flags: bottom simplicial
    - normal:    0.1715  -0.6263  -0.7605
    - offset: -0.02519119
    - vertices: p912(v133) p91(v117) p62(v91)
    - neighboring facets: f568 f639 f637
- f641
    - flags: top simplicial
    - normal:   -0.2497  -0.6102  -0.7519
    - offset: -0.02517699
    - vertices: p93(v134) p538(v34) p732(v17)
    - neighboring facets: f270 f642 f643
- f642
    - flags: bottom simplicial
    - normal:   -0.2381  -0.6319  -0.7376
    - offset: -0.02641621
    - vertices: p93(v134) p91(v117) p732(v17)
    - neighboring facets: f566 f641 f644
- f643
    - flags: top simplicial
    - normal:   -0.2037  -0.6006  -0.7731
    - offset: -0.02420748
    - vertices: p93(v134) p792(v61) p538(v34)
    - neighboring facets: f446 f641 f644
- f644
    - flags: top simplicial
    - normal:   -0.1883  -0.5999  -0.7776
    - offset: -0.02404161
    - vertices: p93(v134) p91(v117) p792(v61)
    - neighboring facets: f568 f643 f642
- f645
    - flags: top simplicial tested seen
    - normal:  -0.05099   0.6528   0.7558
    - offset: -0.1704219
    - center: -0.009330843333333333 0.09136096666666667 0.1459426666666667 
    - vertices: p469(v135) p996(v123) p45(v67)
    - neighboring facets: f701 f647 f650
    - ridges:
- f646
    - flags: top simplicial tested
    - normal:  -0.03019   0.5429   0.8392
    - offset: -0.1726254
    - center: 0.002018566666666666 0.07282416666666666 0.1586543333333333 
    - vertices: p469(v135) p753(v51) p190(v3)
    - neighboring facets: f501 f648 f647
- f647
    - flags: top simplicial tested
    - normal:  0.003269   0.5707   0.8212
    - offset: -0.1720846
    - center: -5.734333333333341e-05 0.08306269999999999 0.1518363333333333 
    - vertices: p469(v135) p45(v67) p753(v51)
    - neighboring facets: f483 f646 f645
- f648
    - flags: bottom simplicial tested
    - normal:   -0.1601   0.4962   0.8533
    - offset: -0.1719378
    - center: -0.009877566666666672 0.07328910000000001 0.1570233333333333 
    - vertices: p469(v135) p519(v46) p190(v3)
    - neighboring facets: f195 f646 f649
- f649
    - flags: bottom simplicial tested
    - normal:   -0.2758   0.5215   0.8074
    - offset: -0.1687245
    - center: -0.01568266666666666 0.08315793333333331 0.149896 
    - vertices: p469(v135) p825(v98) p519(v46)
    - neighboring facets: f478 f648 f650
- f650
    - flags: bottom simplicial tested
    - normal:   -0.2354    0.596   0.7677
    - offset: -0.1691095
    - center: -0.01306003333333334 0.0909912666666667 0.1456333333333333 
    - vertices: p469(v135) p996(v123) p825(v98)
    - neighboring facets: f594 f649 f645
- f654
    - flags: bottom simplicial
    - normal:  0.009136  -0.9971  0.07617
    - offset: -0.07711036
    - vertices: p927(v136) p182(v76) p105(v2)
    - neighboring facets: f357 f682 f656
- f656
    - flags: bottom simplicial
    - normal:    0.1101  -0.9817   0.1554
    - offset: -0.08768008
    - vertices: p927(v136) p114(v104) p182(v76)
    - neighboring facets: f503 f654 f657
- f657
    - flags: top simplicial
    - normal:    0.5943  -0.7794   0.1984
    - offset: -0.08851652
    - vertices: p927(v136) p114(v104) p284(v83)
    - neighboring facets: f504 f667 f656
- f659
    - flags: bottom simplicial
    - normal:    0.9629  -0.2285   0.1432
    - offset: -0.06342542
    - vertices: p856(v137) p616(v81) p587(v50)
    - neighboring facets: f523 f660 f661
- f660
    - flags: top simplicial
    - normal:    0.9611  -0.2312   0.1513
    - offset: -0.06357424
    - vertices: p856(v137) p284(v83) p587(v50)
    - neighboring facets: f673 f659 f665
- f661
    - flags: bottom simplicial
    - normal:    0.7793  -0.5855  -0.2235
    - offset: -0.04124002
    - vertices: p856(v137) p321(v128) p616(v81)
    - neighboring facets: f616 f659 f662
- f662
    - flags: top simplicial
    - normal:    0.7787  -0.5985  -0.1882
    - offset: -0.04235057
    - vertices: p856(v137) p321(v128) p434(v126)
    - neighboring facets: f694 f666 f661
- f664
    - flags: bottom simplicial
    - normal:    0.4444  -0.8894  -0.1073
    - offset: -0.05731514
    - vertices: p573(v138) p135(v125) p528(v106)
    - neighboring facets: f604 f689 f668
- f665
    - flags: bottom simplicial
    - normal:    0.7966  -0.5937  -0.1135
    - offset: -0.04580325
    - vertices: p573(v138) p856(v137) p284(v83)
    - neighboring facets: f660 f667 f666
- f666
    - flags: top simplicial
    - normal:    0.7916  -0.5991  -0.1201
    - offset: -0.04529885
    - vertices: p573(v138) p856(v137) p434(v126)
    - neighboring facets: f662 f690 f665
- f667
    - flags: top simplicial
    - normal:    0.6062  -0.7824    0.143
    - offset: -0.08218102
    - vertices: p573(v138) p927(v136) p284(v83)
    - neighboring facets: f657 f665 f681
- f668
    - flags: top simplicial
    - normal:    0.4297  -0.8968  -0.1054
    - offset: -0.05765472
    - vertices: p573(v138) p135(v125) p654(v80)
    - neighboring facets: f604 f680 f664
- f670
    - flags: top simplicial
    - normal:    0.6743  -0.2575  -0.6921
    - offset: -0.02636089
    - vertices: p124(v139) p224(v108) p447(v16)
    - neighboring facets: f526 f671 f672
- f671
    - flags: bottom simplicial
    - normal:     0.685  -0.2709  -0.6763
    - offset: -0.0268525
    - vertices: p124(v139) p256(v127) p447(v16)
    - neighboring facets: f621 f670 f672
- f672
    - flags: top simplicial
    - normal:    0.6934  -0.2648  -0.6701
    - offset: -0.02755193
    - vertices: p124(v139) p256(v127) p224(v108)
    - neighboring facets: f614 f670 f671
- f673
    - flags: bottom simplicial
    - normal:    0.9574  -0.1113   0.2665
    - offset: -0.07097778
    - vertices: p14(v140) p284(v83) p587(v50)
    - neighboring facets: f660 f677 f674
- f674
    - flags: bottom simplicial
    - normal:    0.9511  -0.1104   0.2883
    - offset: -0.07343755
    - vertices: p14(v140) p275(v130) p284(v83)
    - neighboring facets: f627 f673 f675
- f675
    - flags: top simplicial
    - normal:    0.9654 -0.02274   0.2599
    - offset: -0.07545643
    - vertices: p14(v140) p275(v130) p777(v10)
    - neighboring facets: f624 f676 f674
- f676
    - flags: bottom simplicial
    - normal:    0.9735  0.01038   0.2283
    - offset: -0.07376785
    - vertices: p14(v140) p950(v18) p777(v10)
    - neighboring facets: f276 f675 f677
- f677
    - flags: bottom simplicial
    - normal:    0.9736  -0.0017   0.2282
    - offset: -0.07308818
    - vertices: p14(v140) p587(v50) p950(v18)
    - neighboring facets: f458 f676 f673
- f678
    - flags: top simplicial
    - normal:    0.2443  -0.9663 -0.08082
    - offset: -0.06184915
    - vertices: p525(v141) p654(v80) p75(v49)
    - neighboring facets: f382 f684 f680
- f680
    - flags: top simplicial
    - normal:    0.3096  -0.9487 -0.06425
    - offset: -0.06272933
    - vertices: p525(v141) p573(v138) p654(v80)
    - neighboring facets: f668 f678 f681
- f681
    - flags: bottom simplicial
    - normal:    0.2862  -0.9568 -0.05084
    - offset: -0.06418928
    - vertices: p525(v141) p573(v138) p927(v136)
    - neighboring facets: f667 f685 f680
- f682
    - flags: bottom simplicial
    - normal:   0.04252   -0.999  0.01503
    - offset: -0.07041375
    - vertices: p764(v142) p927(v136) p105(v2)
    - neighboring facets: f654 f683 f685
- f683
    - flags: top simplicial
    - normal:  0.007579  -0.9999 -0.009907
    - offset: -0.06835818
    - vertices: p764(v142) p877(v86) p105(v2)
    - neighboring facets: f419 f682 f686
- f684
    - flags: top simplicial
    - normal:    0.1182  -0.9927 -0.02205
    - offset: -0.06737581
    - vertices: p764(v142) p525(v141) p75(v49)
    - neighboring facets: f678 f687 f685
- f685
    - flags: bottom simplicial
    - normal:    0.1009  -0.9949 -0.005322
    - offset: -0.0687718
    - vertices: p764(v142) p525(v141) p927(v136)
    - neighboring facets: f681 f682 f684
- f686
    - flags: bottom simplicial
    - normal:  -0.03237  -0.9983 -0.04781
    - offset: -0.06508089
    - vertices: p764(v142) p877(v86) p925(v79)
    - neighboring facets: f514 f688 f683
- f687
    - flags: top simplicial
    - normal:   0.06634  -0.9937    -0.09
    - offset: -0.06185122
    - vertices: p764(v142) p75(v49) p324(v31)
    - neighboring facets: f382 f688 f684
- f688
    - flags: bottom simplicial
    - normal:  -0.001955  -0.9962 -0.08686
    - offset: -0.06197841
    - vertices: p764(v142) p925(v79) p324(v31)
    - neighboring facets: f550 f687 f686
- f689
    - flags: bottom simplicial
    - normal:    0.6458  -0.7528  -0.1276
    - offset: -0.05099938
    - vertices: p4(v143) p573(v138) p528(v106)
    - neighboring facets: f664 f692 f690
- f690
    - flags: top simplicial
    - normal:    0.7394  -0.6614   -0.126
    - offset:  -0.047452
    - vertices: p4(v143) p573(v138) p434(v126)
    - neighboring facets: f666 f694 f689
- f691
    - flags: bottom simplicial
    - normal:    0.4892  -0.8148  -0.3112
    - offset: -0.04513896
    - vertices: p4(v143) p700(v56) p430(v8)
    - neighboring facets: f638 f693 f692
- f692
    - flags: bottom simplicial
    - normal:    0.3887  -0.8901  -0.2381
    - offset: -0.05030886
    - vertices: p4(v143) p528(v106) p700(v56)
    - neighboring facets: f549 f691 f689
- f693
    - flags: top simplicial
    - normal:    0.6922  -0.6767  -0.2508
    - offset: -0.04299583
    - vertices: p4(v143) p321(v128) p430(v8)
    - neighboring facets: f615 f691 f694
- f694
    - flags: bottom simplicial
    - normal:    0.7685  -0.6098  -0.1938
    - offset: -0.04254472
    - vertices: p4(v143) p321(v128) p434(v126)
    - neighboring facets: f662 f690 f693
- f695
    - flags: top simplicial tricoplanar keepcentrum
    - owner of normal & centrum is facet f695
    - normal:         1        0       -0
    - offset: -0.0654224
    - center: 0.06542240000000001 0.03788734000000001 0.02985912 
    - vertices: p359(v107) p661(v65) p176(v1)
    - neighboring facets: f293 f522 f696
- f696
    - flags: top simplicial tricoplanar
    - owner of normal & centrum is facet f695
    - normal:         1        0       -0
    - offset: -0.0654224
    - center: 0.06542240000000001 0.03788734000000001 0.02985912 
    - vertices: p359(v107) p615(v94) p661(v65)
    - neighboring facets: f459 f695 f697
- f697
    - flags: bottom simplicial tricoplanar
    - owner of normal & centrum is facet f695
    - normal:         1        0       -0
    - offset: -0.0654224
    - center: 0.06542240000000001 0.03788734000000001 0.02985912 
    - vertices: p359(v107) p615(v94) p587(v50)
    - neighboring facets: f458 f523 f696
- f700
    - flags: top simplicial tricoplanar keepcentrum
    - owner of normal & centrum is facet f700
    - normal:        -0        1       -0
    - offset:    -0.0922
    - center: 0.001116944444444444 0.0922 0.09216076666666667 
    - vertices: p996(v123) p537(v69) p334(v39)
    - neighboring facets: f320 f703 f706
- f701
    - flags: top simplicial tricoplanar
    - owner of normal & centrum is facet f700
    - normal:        -0        1       -0
    - offset:    -0.0922
    - center: 0.001116944444444444 0.0922 0.09216076666666667 
    - vertices: p996(v123) p591(v97) p45(v67)
    - neighboring facets: f475 f645 f707
- f702
    - flags: bottom simplicial tricoplanar
    - owner of normal & centrum is facet f700
    - normal:        -0        1       -0
    - offset:    -0.0922
    - center: 0.001116944444444444 0.0922 0.09216076666666667 
    - vertices: p996(v123) p145(v120) p544(v96)
    - neighboring facets: f584 f705 f710
- f703
    - flags: bottom simplicial tricoplanar
    - owner of normal & centrum is facet f700
    - normal:        -0        1       -0
    - offset:    -0.0922
    - center: 0.001116944444444444 0.0922 0.09216076666666667 
    - vertices: p996(v123) p83(v100) p334(v39)
    - neighboring facets: f486 f700 f708
- f704
    - flags: bottom simplicial tricoplanar
    - owner of normal & centrum is facet f700
    - normal:        -0        1       -0
    - offset:    -0.0922
    - center: 0.001116944444444444 0.0922 0.09216076666666667 
    - vertices: p996(v123) p123(v118) p507(v68)
    - neighboring facets: f575 f710 f709
- f705
    - flags: top simplicial tricoplanar
    - owner of normal & centrum is facet f700
    - normal:        -0        1       -0
    - offset:    -0.0922
    - center: 0.001116944444444444 0.0922 0.09216076666666667 
    - vertices: p996(v123) p391(v121) p544(v96)
    - neighboring facets: f586 f702 f711
- f706
    - flags: bottom simplicial tricoplanar
    - owner of normal & centrum is facet f700
    - normal:        -0        1       -0
    - offset:    -0.0922
    - center: 0.001116944444444444 0.0922 0.09216076666666667 
    - vertices: p996(v123) p537(v69) p268(v9)
    - neighboring facets: f365 f594 f700
- f707
    - flags: bottom simplicial tricoplanar
    - owner of normal & centrum is facet f700
    - normal:        -0        1       -0
    - offset:    -0.0922
    - center: 0.001116944444444444 0.0922 0.09216076666666667 
    - vertices: p996(v123) p591(v97) p945(v37)
    - neighboring facets: f590 f709 f701
- f708
    - flags: top simplicial tricoplanar
    - owner of normal & centrum is facet f700
    - normal:        -0        1       -0
    - offset:    -0.0922
    - center: 0.001116944444444444 0.0922 0.09216076666666667 
    - vertices: p996(v123) p83(v100) p451(v23)
    - neighboring facets: f485 f711 f703
- f709
    - flags: top simplicial tricoplanar
    - owner of normal & centrum is facet f700
    - normal:        -0        1       -0
    - offset:    -0.0922
    - center: 0.001116944444444444 0.0922 0.09216076666666667 
    - vertices: p996(v123) p123(v118) p945(v37)
    - neighboring facets: f574 f707 f704
- f710
    - flags: top simplicial tricoplanar
    - owner of normal & centrum is facet f700
    - normal:        -0        1       -0
    - offset:    -0.0922
    - center: 0.001116944444444444 0.0922 0.09216076666666667 
    - vertices: p996(v123) p145(v120) p507(v68)
    - neighboring facets: f582 f704 f702
- f711
    - flags: bottom simplicial tricoplanar
    - owner of normal & centrum is facet f700
    - normal:        -0        1       -0
    - offset:    -0.0922
    - center: 0.001116944444444444 0.0922 0.09216076666666667 
    - vertices: p996(v123) p391(v121) p451(v23)
    - neighboring facets: f588 f708 f705
