3
1000 194 291
-0.008980800000000001 -0.0136219 0.0895938 
0.0199854 0.0325683 0.09279999999999999 
-0.00699717 0.102288 0.0212501 
0.0297043 0.09205000000000001 0.0686171 
0.00661246  -0.03 0.0744992 
-0.00771318 0.016377 0.09565 
0.0297847 -0.0198992 0.0788413 
0.0235138 -0.00626034 0.09577570000000001 
0.0316167   0.12 0.0768701 
0.030957 -0.0182176 0.0492047 
0.00199527 0.0918032 0.0884252 
0.0132747 -0.0262947 0.06065 
-0.0105979 0.00630667 0.09565 
-0.0195512 0.100219 0.0316974 
-0.0319329 0.079844 0.0586932 
0.019222 0.0227282 0.0393061 
0.0162432 0.0320432 0.0169796 
0.0139522 0.07164760000000001 0.08962970000000001 
-0.0100617 0.0181578 0.0309995 
0.0210254 0.112796 0.0245355 
-0.0292638  0.125 0.07077269999999999 
0.0154111 0.0194403 0.07864740000000001 
0.0340931 -0.0109639 0.0328404 
-0.0023697 -0.0117348  0.025 
0.00721481 0.00869033  0.022 
-0.0300287 0.0234095 0.0958099 
0.0353274 0.0886086 0.0498496 
-0.0357535 0.0295048 0.0529962 
0.021298 -0.0269025  0.025 
-0.0355532 0.00409309 0.0164273 
0.0216345 -0.0115777 0.09565 
0.0230135 0.101326 0.08412650000000001 
0.029985 0.0145814 0.0982167 
-0.0345916 -0.00963963 0.0555487 
0.0340994 -0.0110058 0.0464164 
0.0377364 0.11719 0.0654185 
 0.028 -0.00508147 0.0446575 
0.0234772 0.0299814 0.09501130000000001 
-0.00902505 0.0348052 0.0163967 
-0.0262628 0.00732464 0.07098889999999999 
-0.008376959999999999 0.000539056 0.0898201 
0.000923202 0.0874262 0.08855540000000001 
0.0302919 0.120251 0.0653038 
0.0066687 0.07404040000000001 0.0874403 
-0.0224479 -0.00551713  0.025 
0.0358766 0.00693057 0.0543028 
0.00770187 0.0210511 0.09715 
0.0172691 0.0479396 0.0540565 
0.011869 0.0466288 0.0424989 
-0.00667398 0.03005 0.0194658 
0.0362947 -0.0109075 0.0960862 
-0.0341247 0.0194322 0.0451128 
-0.0294822 0.0643349 0.0619059 
0.0288112 -0.0214848 0.0266748 
-0.0341197 0.00117925 0.0988023 
-0.0284797 0.0141408 0.0517554 
-0.010326 -0.0118223  0.025 
0.00344744 0.0462009 0.0384998 
-0.0133824 0.0671375 0.0231445 
-0.000724841 -0.0135388 0.09479700000000001 
0.0357002 0.0979317 0.0520742 
-0.0217723 0.0218251 0.0185629 
-0.0153638 0.0753384 0.0283034 
0.0159298 0.0846575 0.0242435 
0.0248209 0.0897794 0.08247 
-0.0130927 0.116821 0.0277564 
0.0255935 0.0917694 0.07576629999999999 
0.021026 0.114914 0.023764 
-0.0324647 0.0348507 0.0720566 
-0.008230400000000001 0.0483359 0.0717472 
-0.0165675 -0.003 0.0618974 
-0.0316032 0.0220159 0.0736247 
0.00675716 -0.0300295 0.0185596 
-0.00174956 0.0548308 0.0862634 
-0.0227545 0.0226603 0.0969661 
0.0156155 -0.003 0.0766365 
-0.0230946 0.0465509 0.0289825 
0.0304223 0.0993692 0.0647745 
-0.01279 0.102885 0.0276416 
0.00339809 0.0269007 0.0811142 
-0.0375523 0.00486062 0.09435209999999999 
-0.0198437 0.0427095 0.0265079 
-0.0201947 0.0052 0.0256065 
-0.0340826 0.0240409 0.0680129 
-0.0113359 -0.0288054 0.0143243 
-0.00148937 -0.013253  0.025 
-0.0352222 0.108298 0.0636603 
0.0199007 0.11305 0.0237763 
-0.00337325 0.0092917 0.0247974 
-0.0381752 -0.0108755 0.09279999999999999 
0.0275563 0.00132096  0.022 
-0.0173676  -0.03 0.08484990000000001 
-0.0108388 0.0416663 0.0222116 
-0.028 -0.00281713 0.0338177 
-0.0186296 -0.0247935 0.0861759 
-0.00509576 0.0245707 0.09565 
-0.0243438 0.0276828 0.0510953 
-0.00664021 0.0373518 0.0989251 
0.0315185 0.120363 0.0532441 
-0.0037669 0.0390337 0.0330156 
-0.0319329 0.07545640000000001 0.0546093 
0.0050979 -0.003 0.08323419999999999 
0.0332483 0.0460258 0.0701335 
-0.0203674 -0.00956801 0.09715 
-0.0235307 0.0200833 0.0193337 
-0.0278179 -0.0144742 0.08175739999999999 
-0.0288717 0.0716653 0.0693116 
0.000132871 0.0688518 0.0247661 
-0.0273073 0.0822968 0.0398159 
0.0023399 -0.00849396 0.0863946 
0.0120024 -0.0113131 0.09565 
0.0358892 0.00197229 0.0591571 
-0.0292451 0.0163287 0.0981699 
0.0219135 0.0909633 0.0799202 
 0.028 -0.0112889 0.0383134 
-0.0171071 -0.0172403  0.025 
-0.0348917 0.0755696 0.0652247 
0.011317 0.120016 0.09044049999999999 
-0.00197665 -0.0225408  0.022 
-0.0166695 -0.0150282 0.09715 
-0.0198996 -0.000345337  0.022 
0.023204 0.028257 0.0656624 
-0.0152269 0.0465265 0.0239024 
-0.0310815 0.105073 0.0743442 
0.000835563 0.105647 0.0881485 
0.0343802   0.12 0.0406298 
-0.0134337 0.069124 0.0851143 
0.0211182 0.0224045 0.0163454 
0.0261694 0.0822879 0.0751163 
0.00178237 0.0401667 0.07582800000000001 
-0.0129932 0.0395 0.0726571 
-0.0333582 0.0134627 0.07725899999999999 
0.031358 0.110195 0.0609784 
-0.0120359 0.0534531 0.022612 
0.00445576 0.118117 0.0179133 
0.0211077 -0.00600444 0.07661 
0.0342249 0.0677391 0.0454298 
0.031871 0.0787061 0.0731402 
0.0189272 0.00985537 0.0332426 
0.0301631 0.0493025 0.0760773 
0.008048120000000001 -0.00297327 0.08565 
-0.0209836  0.125 0.0838846 
0.0118929 0.0358206 0.0775464 
-0.0227077 0.0275749  0.014 
-0.035328 0.0620038 0.0504546 
-0.035228 0.07631689999999999 0.0637423 
0.0300124 0.0535372 0.0366974 
-0.0285812 -0.0279403 0.09167260000000001 
0.0311457 0.12116 0.0511603 
-0.0282182 -0.00976686 0.0665874 
0.0175397 0.0236324 0.0748537 
0.0300831 0.100698 0.0468493 
-0.0305992 0.122933 0.0489433 
0.023486 0.0964054 0.083694 
-0.0344935 -0.0202204 0.0874629 
0.0120587 0.0122919 0.09565 
-0.0241652  0.052 0.0638816 
-0.0316816 0.08200929999999999 0.0516032 
-0.0357183 0.0325571 0.0605087 
0.0190685 -0.0190003 0.08595800000000001 
0.0295522 0.0542661 0.0525794 
0.0263019 0.0945976 0.0810222 
-0.00562092 0.0228612 0.09640219999999999 
-0.0269634  0.052 0.0657729 
-0.00179655 0.0161355  0.022 
0.0274017 0.109216 0.0802195 
0.0176637 -0.0191619  0.022 
0.0206274 0.116976 0.0235527 
0.0354533 -0.0048519 0.0565365 
0.0321767 0.0727826 0.040413 
0.0319329 0.07835640000000001 0.0598148 
-0.0222974 0.0691751 0.0788619 
0.0211077 -0.0222167 0.06935330000000001 
-0.009708960000000001  -0.03 0.0773654 
-0.0262098 0.0273845 0.09643649999999999 
-0.0299633 0.104575 0.0463632 
-0.0269771 0.115511 0.0729215 
-0.0307863 0.09464549999999999 0.0748665 
-0.00722762 0.047468 0.0917583 
0.0107897 0.00526013 0.09565 
-0.00444588 -0.0152715 0.0860524 
0.0185698 0.120271 0.03102 
0.0180702 -0.0211976 0.08565 
-0.0188923 -0.0226927 0.0766163 
-0.0172952 0.0428682 0.0500368 
-0.0289387 -0.0272002 0.09279999999999999 
-0.0306499 -0.0184606 0.0141739 
-0.0236056 0.09218659999999999 0.0349898 
0.0181592 0.0149827  0.022 
0.00600646 0.0233771 0.0812051 
-0.0241639 0.07609109999999999 0.07738 
0.009725579999999999 0.0209258 0.0810715 
-0.0379353   0.12 0.0525269 
0.0352191 -0.00693075 0.0732728 
0.0263003 0.00225632 0.0264462 
-0.0280707 0.0159113 0.0599163 
-0.00149913   0.12 0.0928821 
-0.0196211 0.00266806 0.09565 
0.0199685 -0.00137505 0.0969216 
-0.0101085 0.0758013 0.0219751 
0.0271657 0.113589 0.0725621 
-0.0206383 0.0867605 0.0319442 
0.0298614 0.07363980000000001 0.0764821 
0.00551372 0.112398 0.09413820000000001 
0.0114947 0.0721044 0.0905528 
-0.00296954 0.0397761 0.09259680000000001 
0.0288343 -0.00415232 0.0486851 
-0.0347382 0.00915388 0.0192096 
-0.0359009 0.101395 0.0575474 
0.035162 0.0250984 0.06412619999999999 
-0.0281606 0.0254085 0.096091 
0.0181543 -0.00653701 0.09565 
-0.0313082 0.0978301 0.0740019 
0.004239 0.0422722 0.0384211 
-0.0123234 0.06549140000000001 0.0293678 
0.00289946 0.0551977 0.0923464 
0.035435 0.120819 0.0615144 
0.0164471   0.12 0.0223125 
0.0169136 -0.031622 0.0161782 
0.00603702 0.032733 0.0980111 
-0.0126814  0.066 0.0280225 
0.0119231 -0.008686650000000001 0.09364649999999999 
0.0146419 -0.00155406 0.0924934 
-0.0316865 0.0528926 0.039526 
-0.00522434 0.101496 0.0876157 
-0.0333806 0.0171425 0.0822201 
-0.00833273 -0.003 0.07614460000000001 
-0.0168384 0.0442333 0.06404219999999999 
0.0289972 0.0854032 0.0352612 
0.008801679999999999 -0.0277576 0.0201608 
0.0177734 -0.0214176  0.025 
0.0114496 0.0154864 0.0304985 
-0.0167055 -0.00138671  0.022 
0.0104308 0.0937296 0.0263036 
-0.0160639 0.0796219 0.0242897 
-0.0135189 0.0339893 0.0964537 
-0.0356903 0.100573 0.0536753 
-0.00552779 -0.0151181  0.022 
0.00143008 0.0964638 0.0884938 
0.000107446 0.0419704 0.07525759999999999 
0.00434764 -0.00798923 0.08565 
0.0359393 0.00108077 0.0370521 
0.0191374 0.0112164 0.0795939 
0.024963 0.08331429999999999 0.0306432 
0.020955 0.0159353 0.0754433 
-0.0239318 0.0202491 0.0448606 
0.0219531 0.082383 0.0798754 
0.0339097 0.0120542 0.0725885 
-0.00204945 0.0951602 0.020569 
-0.0111518 0.120631 0.0270203 
0.0146729 0.109635 0.08991109999999999 
0.012679 0.09455479999999999 0.0228472 
-0.035387 0.0169724 0.0504649 
-0.0353789 0.0519414 0.0628538 
-0.00715235 0.0971938 0.08769 
0.0211077 -0.0237058 0.0838144 
0.0178092 0.0990452 0.082505 
0.0040951 -0.0155391 0.0860942 
0.0300538 0.0665478 0.0662697 
-0.0298904 0.0198419 0.0234672 
-0.0156636 0.0100796 0.09565 
0.0359855 0.000258564 0.0729696 
0.0331833  0.125 0.0445545 
0.0046394 0.0564006 0.09212480000000001 
-0.0202267 0.0142861 0.0770565 
-0.0359699 0.0291091 0.0570354 
0.00426822  -0.03 0.0648239 
0.0311449 0.0369966 0.0385461 
-0.0029282 0.007866980000000001 0.0891808 
-0.0354962 0.047219 0.0621658 
0.0303494 -0.0258286 0.08744150000000001 
0.0374612 0.11157 0.0593483 
0.0146868 0.0395553 0.08934300000000001 
-0.0192037 0.0592541 0.0336627 
-0.00115192 0.0182764 0.0291952 
-0.0310239 0.0775001 0.06406530000000001 
0.0027818  -0.03 0.0618625 
-0.0252071 0.11076 0.0294011 
-0.0386177 0.0023282 0.09279999999999999 
0.019078 0.0630874 0.0260198 
-0.0300528 0.00437152   0.02 
0.0328735 0.0162571 0.0710596 
-0.008313829999999999 0.0773443 0.0214792 
0.00717306 0.0152643 0.09565 
0.0218561 0.0052 0.0767554 
-0.00823662 0.0763033 0.0254715 
0.0260048 0.117584 0.0852816 
-0.0268316 0.0271535 0.09279999999999999 
-0.0124932 0.0512605 0.0400858 
-0.0250955   0.12 0.0286508 
0.00979473 0.0938778 0.0260624 
-0.0306743 0.0235625 0.0376946 
0.00602216 0.0136761 0.0932968 
0.0211077 -0.015508 0.0638922 
-0.0245902 0.110473 0.0762738 
-0.0239381 0.0348766 0.0833231 
-0.027178 -0.0132111 0.09565 
-0.0119636 0.0410101 0.0417098 
0.00417812 0.0559489 0.0921734 
0.0315185 0.117838 0.0590843 
0.034287 0.0108237 0.0444176 
0.0258219 0.0194107 0.0642123 
-0.00562777 0.017632 0.09565 
-0.00440214 0.06334049999999999 0.0208231 
-0.0350598 -0.008165789999999999 0.056553 
-0.0267741 0.0826817 0.0388 
0.0348931 0.0299413 0.0477802 
-0.0309039 0.119193 0.08025359999999999 
0.0102823 0.0812267 0.0221097 
0.0260809 -0.0274985 0.0953864 
0.0298254  0.125 0.0416314 
0.0312243 -0.0177072 0.0308102 
0.0305467 -0.0187907 0.0710158 
0.0227253  0.052 0.06302720000000001 
0.00759145 0.103482 0.09165860000000001 
-0.0165112 -0.000518007 0.09335690000000001 
0.0242987 -0.0195336  0.014 
-0.0188923 -0.0253273 0.0744505 
 0.028 -0.000498184 0.0710561 
-0.031254 0.0513698 0.0742564 
0.0225407 0.120681 0.0344128 
-0.0184653  -0.03 0.07944420000000001 
-0.0182938 0.0330743 0.0396627 
-0.0295868 0.0621782 0.0527607 
0.0211077 -0.0063028 0.0623742 
-0.0290952 0.0327954 0.0776164 
-0.00702056 0.0589371 0.0918008 
-0.0311355 -0.0179038 0.0489205 
-0.0308506 -0.0181422 0.0205279 
-0.0153048   0.05 0.0522047 
0.0315106 0.0778113 0.0509093 
-0.0300271 0.0960159 0.0680019 
-0.0288973 0.0466766 0.0352312 
-0.0258425 0.0361543 0.081511 
-0.0350794 0.0166124 0.06457309999999999 
-0.00261329 0.0409929 0.0206428 
-0.0214781  0.052 0.0432603 
-0.00584595 -0.0353413 0.0188024 
0.0203729 0.0215855 0.0400154 
0.0353168 -0.00606313 0.0516499 
-0.00161859 -0.0290627 0.06065 
-0.00347675 0.025352  0.022 
-0.0023096 0.0395 0.0371299 
-0.0307111 0.111752 0.0636028 
-0.00545824 0.0184604 0.09565 
-0.0353661 0.0773008 0.0629136 
-0.0268153 0.061054 0.043582 
-0.009172339999999999 -0.00152627 0.0921867 
0.0185869 0.09282899999999999 0.0305282 
0.0357272 0.000726912 0.0975833 
0.0169461 0.0771265 0.0293957 
-0.0294924 0.0561711 0.0617431 
-0.011963 0.0061595  0.022 
0.00282733 0.0244546 0.09565 
0.0320021 -0.0163814 0.0787928 
0.00281278 0.0120961 0.09565 
0.030609 -0.018566 0.0756955 
0.00357346 -0.0397105 0.0920103 
0.007983550000000001 0.0527843 0.0276495 
-0.0127942 0.104339 0.0853569 
0.00438363 0.0106023 0.086135 
-0.00634628 0.0345265 0.09915 
-0.0291459 0.095553 0.0696809 
0.035718 0.0116692 0.09915 
-0.0163864 0.09118809999999999 0.0290093 
0.0358065 0.0810744 0.0529691 
0.0306398 0.0674178 0.07538830000000001 
-0.00114929 -0.0234353 0.0966287 
0.0136532 0.09335599999999999 0.0232204 
-0.030784 0.116885 0.049693 
0.008106169999999999 -0.0125814 0.06065 
-0.00651506 0.0378688 0.0793227 
0.00682943 0.0844217 0.0212019 
0.0207043 0.0052 0.0261545 
-0.008015609999999999 0.116201 0.0258309 
0.00371359  -0.03 0.08177810000000001 
0.0154898 -0.0146085 0.0857581 
-0.0104198 -0.003 0.0853859 
-0.00316894 -0.00767167 0.0900101 
-0.0319329 0.0805531 0.0546096 
0.00279067 -0.0398389 0.0893278 
0.0351523 -0.0126893 0.0820544 
-0.00606778 0.0720925 0.0919193 
-0.00298264 0.0117648 0.0269045 
0.00535279 0.0850722 0.09201230000000001 
-0.0286272 0.0656659 0.0477302 
-0.0228648 0.108325 0.0286991 
0.00354692 -0.00350194 0.08565 
0.0219562 0.0256834 0.0985205 
0.0161465 0.02579 0.0754203 
-0.0353174 0.0554304 0.0632158 
-0.03237 0.101717 0.0722372 
0.00353675 0.114506 0.0951366 
0.00052578 -0.0291434 0.0207775 
-0.00798777 0.09826260000000001 0.0258203 
-0.0359924 0.000135284 0.0507322 
0.0125328 -0.0183315  0.025 
-0.0176331 0.0052 0.029802 
-0.0359287 0.0470891 0.05777 
0.0295482 -0.0204936 0.0641009 
0.000579916 0.0129179 0.09565 
0.0357983 0.103126 0.0527868 
-0.0270614  0.052 0.0533663 
0.00721375 0.0270088 0.0326335 
0.0100186  -0.03 0.0787197 
-0.000464698 0.0635738 0.0265587 
0.0217431 1.11787e-05  0.025 
-0.0288537 0.0357346 0.0351727 
0.0262507 0.0722322 0.0386944 
0.0338347 -0.0117532 0.0443582 
0.0260853 -0.0295315 0.0845798 
-0.0342402 -0.0106366 0.0539327 
0.008249960000000001 0.0296615 0.0144876 
0.0319329 0.0825486 0.0541981 
-0.00432259 0.0345222 0.0319683 
0.0191785 0.0192023 0.0755759 
0.00970326 -0.0199005  0.025 
-0.0296718 -0.0203843 0.09915 
-0.037464 0.119267 0.0667363 
0.00396407 0.07584920000000001 0.0881861 
0.0354486 -0.00489349 0.0405534 
-0.0302361 0.0231121 0.09627570000000001 
0.0168022 0.0852151 0.0247457 
0.00723402 -0.0139226 0.08565 
0.0243555 0.0869414 0.0771637 
-0.0246138 0.109177 0.0300619 
-0.0285598 0.00142966 0.0655182 
0.034723 -0.009107209999999999 0.0199699 
0.0153354 -0.0325854 0.09915 
0.0253455 0.00259267 0.09565 
0.01584  -0.03 0.0847152 
-0.0334482 0.0495241 0.0697007 
0.0359233 0.0013654 0.042399 
0.0172529 -0.0256999 0.0175603 
-0.0188923 -0.0144027 0.0706526 
-0.0271182 0.0906546 0.0330015 
-0.0277063 0.0769369 0.0335624 
-0.0228343 0.0646351 0.0374086 
-0.020812  0.052 0.0377236 
0.0380714 0.113653 0.0630478 
-0.0315575 0.10188 0.0585283 
-0.0317521 0.0434457 0.0733552 
-0.0189226 0.121877 0.0261404 
0.0330328 -0.000602508  0.014 
0.0223124 0.0358206 0.0659749 
-0.0257173 0.110019 0.0824975 
-0.0211583 0.0284426 0.09915 
0.00739546 0.118811 0.025648 
-0.0238536 0.0266329 0.0638956 
-0.0182295 0.0489052 0.0875017 
-0.000956016 0.0614988 0.0924677 
-0.0349605 0.0988334 0.0649737 
0.0165438 0.09119439999999999 0.029118 
0.0259204 0.0514918 0.0813793 
-0.0297838 0.11548 0.0673648 
0.010261 -0.0166867 0.06065 
0.0168559 -0.0106929 0.0967736 
0.0333051 0.0409505 0.0429811 
0.00549431 0.040672 0.0381576 
0.031092 0.12148 0.0509425 
0.0370016 0.0109657 0.09279999999999999 
-0.0282319 0.0925979 0.07883519999999999 
0.0147427 0.09216249999999999 0.0279389 
-0.0284331 -0.0114225 0.06591470000000001 
0.0336634 0.0356094 0.06913800000000001 
0.0201272 0.040304 0.08626200000000001 
0.0267441 0.0670799 0.0396345 
0.0104618 0.0955541 0.0221656 
-0.0229426 0.112006 0.08647009999999999 
0.0346789 -0.00939682 0.0570602 
-0.0100928 0.06144 0.0846375 
0.0111507 0.0276963   0.02 
0.0348177 0.0285432 0.0654817 
-0.0174272 0.0648654 0.0879585 
0.00827258  0.052 0.0780235 
0.00339423 0.0377176 0.09323330000000001 
0.0211077 -0.0146694 0.06899370000000001 
-0.0175794 0.0312905 0.0179076 
0.00944269  0.052 0.0328403 
-0.0211152 0.0052 0.08227379999999999 
0.0227421 0.0327875 0.0880132 
0.00919239 0.0399157 0.0394711 
-0.0269464 0.111649 0.04002 
-0.000364073 -0.0108154 0.0864885 
-0.0282144 0.0346239 0.0341423 
-0.00507558 0.0117366 0.09565 
0.0298633 0.0668931 0.0459577 
0.0163352 0.040131 0.0669529 
-0.0285753 0.115281 0.0431236 
0.00917376 0.0984376 0.0262701 
0.00296184 0.008809900000000001 0.09064999999999999 
0.019919 0.09859 0.0864713 
-0.0108729 0.00878923  0.022 
0.0358249 0.0601637 0.0533376 
-0.0364918 -0.0159203 0.0913769 
0.00490558 0.0404498 0.0750106 
-0.00466264 0.09540849999999999 0.0920841 
0.012161 -0.00607547 0.0871971 
-0.00593826 -0.0118115 0.06065 
0.0213025 0.0718714 0.027543 
0.00268311  0.052 0.0318905 
0.0276694 0.0473906 0.0335211 
-0.0269273 0.0243135 0.0326907 
-0.00594664 0.0410176 0.0745416 
0.0217519 0.112651 0.0794776 
0.0277235 0.0802457 0.0406089 
-0.028 -0.0129066 0.07297919999999999 
-0.0399678 -0.00104716 0.0892608 
0.0319329 0.082624 0.059986 
0.0252356 -0.0107902  0.022 
0.028997 -0.0213278 0.0484613 
0.0155903   0.05 0.0617334 
-0.0305305 0.107183 0.0486645 
-0.0359337 0.00118009 0.031477 
0.029418 0.0902787 0.0771164 
-0.0354546 0.0610553 0.0516219 
0.0150198 -0.0197535  0.025 
0.0168857  0.052 0.0443972 
-0.007855350000000001 0.0779054 0.0876731 
-0.0232688 0.0547635 0.075381 
0.00678213 0.0221179  0.022 
-0.0224062 0.07107430000000001 0.0283261 
0.0355809 0.00818229 0.0513352 
0.0223098 0.101696 0.0282577 
-0.0343847 0.0163658 0.093137 
0.0151286 -0.003 0.08309709999999999 
-0.005857 0.0663277 0.0210367 
0.0281073 0.00762232 0.0461148 
0.00728123 -0.003 0.0700802 
-0.029182 0.0530309 0.0506384 
-0.0286332 0.025117 0.08266030000000001 
0.008422529999999999 0.0269552 0.09565 
0.0263994 -0.00671152 0.09565 
-0.0298578 -0.0265572 0.08613319999999999 
0.0215052 0.0963627 0.0326189 
0.0307389 0.117693 0.0328698 
-0.00498015 0.0395 0.035939 
0.00710187 -0.00464373 0.0861662 
-0.00590006 0.100653 0.0254664 
-0.00712527 0.0485 0.0431461 
0.0313315 -0.0247519 0.092208 
-0.034993 0.113057 0.0406025 
0.02967 0.07057919999999999 0.0452093 
-0.0166248  0.052 0.0726728 
-0.0280007 0.0767651 0.07911749999999999 
-0.0359917 0.081554 0.0563529 
0.026734 0.08277900000000001 0.0387234 
0.000351939 -0.0285022  0.025 
-0.00986975 0.0700086 0.09109440000000001 
-0.0312352 0.07593859999999999 0.063208 
-0.0298487 -0.0022872 0.0589015 
0.0308527 0.108379 0.0750487 
-0.0359831 0.06948509999999999 0.0561994 
0.0343698 -0.0101193 0.0206025 
-0.022802 0.0151993 0.0393925 
-0.0353437 0.08925619999999999 0.06289690000000001 
0.0191015 0.00891634 0.0796308 
0.00186708 0.0176174  0.022 
0.0165614 -0.0296846 0.06065 
0.0330173 0.0916217 0.0422986 
-0.0297064 -0.0155971 0.0605725 
-0.0111419 0.0844908 0.0223346 
-0.000626025 0.115655 0.0953623 
0.0142525 -0.0258095 0.06065 
0.0050461 0.100333 0.0876373 
-0.0168006 0.0759398 0.0883142 
-0.026884 0.0703409 0.032647 
-0.0298187 0.00674816 0.0593814 
0.0070867 -0.0237737 0.085651 
-0.0389204 0.008662629999999999 0.0859453 
-0.0187854 0.118127 0.0311688 
0.0253911 0.114496 0.0858029 
0.00437973 0.0822837 0.09218419999999999 
 0.028 0.00231123 0.0397713 
-0.0385458 0.118165 0.0523235 
0.00347619 0.0395 0.0345529 
-0.0340318 0.0182593 0.0832748 
-0.01127  -0.03 0.073653 
-0.0221744 0.0515314 0.0848386 
-0.0295576 0.0585015 0.0607077 
0.0125313 0.0475 0.0441333 
-0.0246182 0.0321858 0.0531547 
0.00545073 0.0122386  0.022 
-0.0244679 0.106872 0.0827359 
0.00333876 -0.0142769 0.06065 
-0.0244652 0.014117 0.0718676 
0.0283092 0.00233754 0.0468429 
-0.008729799999999999 0.101224 0.0868983 
0.0266612 0.0657016 0.0805862 
-0.0324562 0.0172964 0.08141710000000001 
0.00622977 0.0119967 0.09338109999999999 
-0.0338341 0.0134105 0.08091180000000001 
-0.0217396 0.0144352 0.037708 
0.0143256 0.0365031 0.09279999999999999 
0.0121962 0.06872739999999999 0.0226655 
0.0157102 0.076304 0.0844574 
0.00700689   0.05 0.0718862 
0.0383812 -0.0107387 0.09049260000000001 
0.0211077 -0.0176267 0.0629827 
-0.0359749 0.000446939 0.0431934 
-0.0336077 0.0617501 0.06916940000000001 
0.00453809 0.0610419 0.0208058 
-0.031522 0.0976115 0.0575486 
-0.0304351 0.0190621 0.0282494 
0.00480923 0.0284474 0.032159 
0.0295837 -0.0202726 0.0692545 
-0.00144783 -0.0207758 0.08565 
0.0276124 0.0949827 0.0403972 
0.0168785 0.104987 0.0247896 
0.0131468  0.052 0.07726710000000001 
0.0040379 0.071009 0.0207977 
0.0156137 -0.0228478  0.022 
0.0195709  -0.03 0.0837247 
0.0107991 0.0195362 0.09715 
0.0156196 -0.012986 0.0858167 
-0.0192139 0.111846 0.0815355 
0.0226461 0.103008 0.0784683 
0.00879516 0.121474 0.0261265 
-0.009715949999999999 -0.0345007 0.0241806 
-0.0179498 0.0535833 0.0253358 
0.0238953 0.0554715 0.07439369999999999 
0.0399656 -0.000479824 0.0918691 
0.00722001 0.0631868 0.0917441 
-0.00733908 0.0120335 0.08959110000000001 
0.0021863 -0.0151455  0.025 
-0.00435599 0.111639 0.0192803 
0.0353417 0.0386383 0.063058 
 0.028 -0.01583 0.044312 
-0.0188923 -0.0241812 0.082136 
0.00864856 0.0507632 0.0379131 
-0.0205221 -0.0205843  0.022 
-0.0174383 0.0782259 0.08326459999999999 
0.0345165 -0.0159891 0.09291779999999999 
0.0289779 0.0170716  0.014 
0.0380798 -0.000179425 0.0985592 
-0.00399248 0.0195676 0.0968499 
0.019395 0.0052 0.0263404 
-0.009270489999999999 -0.0032268 0.0248949 
-0.000973179 0.08562790000000001 0.0885493 
0.00149169 -0.030774 0.0175232 
0.023417 -0.0273227 0.0221362 
-0.0297871 0.09899769999999999 0.0365759 
0.035464 0.100318 0.0506684 
0.00716062 -0.02993 0.0191892 
0.0285714 0.0748735 0.0698839 
0.0315185 0.118146 0.0541651 
0.0384174   0.12 0.0536748 
-0.0267939 0.0553466 0.0804892 
0.0317272 -0.0125758 0.098861 
0.0225262 0.09124160000000001 0.08457679999999999 
0.00585499 0.0413294 0.0919973 
0.0290511 0.116614 0.0306496 
-0.0338744 0.0119091 0.0320124 
0.027866 0.0167057 0.0544257 
0.0108786 -0.003 0.0829105 
0.0350028 0.120788 0.048219 
-0.024088 0.0594639 0.08304159999999999 
-0.0241292 0.0637424 0.0300114 
-0.00839438 0.0133845 0.08868040000000001 
-0.0265181 0.09566760000000001 0.0324044 
0.0189262 0.0110618 0.09715 
-0.0236306 0.115537 0.077357 
-0.02496 0.0353844 0.0568589 
-0.0327595 0.0680583 0.0713761 
0.00681038 0.00883955 0.09565 
-0.0297348 0.0614626 0.0578908 
0.0277813 0.0914973 0.072281 
0.000692823 0.0475 0.0747984 
-0.00464068 0.0734485 0.09211569999999999 
-0.0214915 0.0160828 0.07471079999999999 
0.0346482 -0.00301299  0.014 
0.0270824 0.0559732 0.0441496 
-0.00617491 0.112574 0.0875002 
-0.0070905 0.112715 0.0873891 
0.0351583 0.00747033 0.0429987 
-0.007894139999999999 0.0881405 0.09162140000000001 
-0.035785 0.00452659 0.0603279 
-0.0142276 -0.0254868 0.020093 
-0.0302296 0.06627710000000001 0.0655562 
0.0155882 0.109625 0.0235202 
-0.0353514 -0.00575667 0.068088 
0.0236314 0.0199374 0.0184388 
0.0167622 0.0700426 0.0882773 
0.00526249 0.0610558 0.0858777 
-0.00492277 -0.00790953 0.0906599 
-0.0359316 0.0012171 0.0452922 
0.0388522 0.00931013 0.0877627 
0.0248625 -0.0259736 0.0987112 
-0.0359005 -0.00431704 0.080788 
-0.0357218 -0.00246935 0.0238258 
0.0197993 -0.0193265 0.08565 
0.0177352 -0.0176313 0.0862945 
0.0261701 -0.0257641 0.0962339 
-0.0019521 0.0479202 0.0393335 
0.00193269 0.07531400000000001 0.0245672 
0.00577312 -0.00970739 0.08565 
-0.035208 0.08855789999999999 0.0638599 
0.0307096 0.0578181 0.0752673 
-0.031417 0.0996885 0.0522612 
-0.0352379 0.00718415 0.041544 
0.0211077 -0.00398593 0.0721604 
0.0310729 0.0702489 0.07460609999999999 
-0.00481638 0.0283215  0.022 
-0.024053 0.0311043 0.0298216 
0.00539388 0.0147027 0.0283345 
0.030295 0.0838758 0.0459775 
0.0190512 0.0906909 0.0821513 
-0.0357939 0.0109363 0.0528297 
0.0186163 -0.0168494 0.06065 
-0.0339027   0.12 0.0410295 
-0.0348683 0.0145389 0.0476941 
0.0194661 0.0769219 0.0311351 
-0.016109 0.0116219 0.09595090000000001 
0.0379668 0.00118195 0.0940405 
-0.0336296 -0.0123497 0.0562439 
0.0018203 -0.0212844  0.022 
-0.0142275 0.102055 0.0281867 
0.012542 -0.00457652  0.025 
-0.0220429 0.0717607 0.0280683 
-0.00111391 -0.0319808 0.0863767 
-0.0130767 -0.0376391 0.0866384 
0.0228093 0.058199 0.07591009999999999 
0.0278366 0.0600033 0.0337083 
0.0192526 -0.0301522 0.0249288 
0.0027526 -0.0103327  0.025 
-0.00076559 0.0361284 0.0969013 
0.0342951 -0.000262414 0.09915 
0.00379099  -0.03 0.0675906 
0.0331481 -0.0145413 0.0991142 
0.0168101 0.0176985 0.07840560000000001 
-0.0358264 0.0149528 0.0595913 
-0.00249728 0.118296 0.09537950000000001 
-0.0188923 -0.0286429 0.08512840000000001 
0.0358105 0.0678695 0.0599393 
-0.0163166 -0.0181453  0.025 
0.0244299 0.0584831 0.0301315 
0.008445980000000001 0.046482 0.0727381 
-0.0216098 0.0926192 0.032737 
-0.0115501 0.0108787 0.09565 
-0.0347391 -0.009048809999999999 0.0171748 
0.0285665 -0.0119786 0.0654793 
0.0108156 0.08583250000000001 0.09072429999999999 
-0.0101258 0.0112114 0.028311 
0.00765301 0.098631 0.0256934 
-0.0296159 0.0403852 0.0768886 
-0.0385051 -0.00288306 0.09279999999999999 
-0.0355457 0.0776028 0.0612568 
0.00552937 -0.0303321 0.0162621 
-0.0354704 0.0414961 0.0515926 
0.0214301  0.125 0.08453140000000001 
-0.00394558 0.0912852 0.09218999999999999 
-0.0199826 0.0931522 0.0862986 
0.0217981 0.106025 0.0851175 
0.0210012 0.117375 0.0326982 
0.0340075 0.0111255 0.0165749 
0.0355917 -0.00362396 0.0650968 
0.0180049 0.0264071 0.09673320000000001 
0.0257825 0.0484506 0.0313968 
-0.026932 0.106309 0.0399926 
0.017099   0.12 0.022362 
0.0329269 -0.0169953 0.0816167 
0.0124661 -0.003 0.0758795 
-0.0357552 0.0527101 0.0535967 
-0.0388963 -0.008645119999999999 0.0896424 
0.00424576 -0.003 0.0730165 
-0.0058224 0.0722525 0.0210367 
0.0320001 0.0860585 0.0400934 
0.0197281 0.0556105 0.0264131 
0.025229 -0.0262171 0.0951733 
0.0129146   0.05 0.0472211 
0.0296993 0.0556156 0.0584555 
0.0279676 -0.0212198 0.029764 
0.00881585 0.0136593 0.0287735 
0.0272624 0.121872 0.0331708 
-0.0369906 0.112017 0.0484131 
-0.0249042 0.0210488 0.065205 
0.0294728 0.0124438 0.0576632 
0.017141 0.104732 0.0300337 
-0.0276663 0.0286848 0.0906882 
0.0151165 0.0052 0.0830867 
-0.00326656 -0.0235138 0.06065 
0.0349223 0.107597 0.0651312 
-0.0010786 -0.0159302 0.08565 
-0.0145947 0.0395 0.0421939 
-0.0307072 0.0343153 0.0377951 
0.0250739 0.0242948 0.0541411 
0.0287834 -0.0215249 0.0261445 
-0.0364047 0.109603 0.0556712 
-0.0304791 0.0736507 0.0377588 
-0.00310201  0.052 0.0347723 
0.0246831 -0.0255647 0.09693590000000001 
0.0294554 -0.0168373 0.0510826 
-0.0214071 0.07679320000000001 0.0325083 
0.012116 -0.00893947  0.025 
-0.0258158 0.123654 0.0317242 
0.0251066 0.00746429 0.09565 
-0.0238817 0.0235669 0.0476396 
-0.00376143 0.0759045 0.0882107 
-0.0359974 0.0278767 0.0565469 
0.0308759 0.0610191 0.0749623 
-0.028 -0.0217333 0.0368458 
-0.00166678 0.0311688  0.014 
0.0278456 -0.0121441 0.0290174 
0.0330476 0.0145281 0.0947587 
0.0350871 0.0460984 0.0484535 
0.0126185 0.0576146 0.0228106 
-0.00029212 0.0533123 0.09249209999999999 
0.0143332 -0.00121118  0.022 
0.0195054 0.094815 0.0311622 
0.0187163 0.0358206 0.0404874 
-0.0127724 -0.00555842 0.0906662 
-0.0290681 0.0128409 0.060726 
0.002104 0.0125281 0.0270721 
0.0283834 -0.0119429 0.0160549 
-0.0319329 0.0877015 0.0527452 
-0.0297656 0.101006 0.045561 
0.0359384 0.103716 0.0553711 
0.0358395 0.038984 0.0593633 
-0.00903487 -0.003 0.0715985 
0.0274569 0.000197574 0.0278561 
0.0039272 -0.00432152 0.08565 
-0.007963400000000001 -0.0297322 0.0155395 
-0.0172665 0.0513369 0.0678052 
-0.0312662 0.111386 0.0613509 
0.0378038 0.0128167 0.08591459999999999 
0.0348445 -0.008903599999999999 0.0525677 
0.0330065 0.118196 0.0771472 
-0.0195977 0.118937 0.0229446 
0.027498 0.0539673 0.0681865 
-0.0305271 0.0908202 0.0660809 
0.0223385 -0.00402961 0.08565 
0.0228511 0.115294 0.0250396 
-0.0072974 0.0645394 0.08535520000000001 
0.0341328 0.0972942 0.0450766 
-0.0354044 0.107156 0.0620056 
0.0246784 0.0330724 0.0526439 
-0.0289107 0.0503409 0.0352454 
-0.00377695 0.102003 0.0252086 
0.0342266 -0.010529 0.0207461 
-0.0235193 0.1181 0.0873964 
0.0309322 0.0045588 0.09601179999999999 
-0.00947713 0.09737220000000001 0.0217767 
-0.0216699 0.07865220000000001 0.08519699999999999 
-0.0190905 -0.0295477  0.025 
-0.0119897 0.0262455  0.022 
-0.0309908  0.125 0.06534619999999999 
-0.0204772 0.0535019 0.0345879 
-0.0342125 0.0610437 0.0674015 
0.0295315 0.008829770000000001 0.09565 
-0.0352488 0.0072307 0.0802119 
-0.0351541 0.0390947 0.0489213 
-0.0323497 0.112928 0.07678219999999999 
-0.0357902 0.0488761 0.0595431 
0.0269633 0.0264123 0.032731 
-0.0298983 0.00427394 0.0581167 
0.0241355 0.0703621 0.0298717 
0.00238702 0.0598939 0.0268016 
0.00361569 -0.0215265 0.09715 
-0.021827 0.063583 0.08508540000000001 
-0.0301791 -0.00676033 0.0163044 
 0.028 -0.0215719 0.0305508 
-0.0223887 0.0584689 0.0763051 
0.0159158 0.0318556  0.014 
0.0225623 0.0257251 0.06721000000000001 
0.027228 0.0233649 0.0163564 
0.00161973 -0.0151326 0.0948198 
-0.0188923 -0.0230006 0.08204500000000001 
-0.0209065 0.101722 0.027329 
-0.0108517 0.0395 0.0395681 
0.0358843 0.0256885 0.0544394 
0.008773059999999999  0.125 0.08830689999999999 
-0.00397721 0.088861 0.0921887 
-0.0347177 0.009328670000000001 0.0676549 
0.0227901 0.0849583 0.0789306 
-0.0198965 0.0423159 0.0265453 
-0.0358174 0.0388113 0.0594809 
-0.023966 0.0444166 0.0298375 
-0.028 5.74056e-05 0.0684558 
-0.0334149 -0.0128524 0.021532 
0.0268798 0.046047 0.0326375 
-0.0130417 -0.0148948 0.0959729 
 0.028 -0.0118807 0.08042779999999999 
0.00221272  0.052 0.0286708 
0.0320714  0.125 0.0569684 
0.0235022 0.0388512 0.0604139 
0.00980952 0.0775966 0.086932 
0.0291377 0.113129 0.0688049 
-0.0341571 0.00230044  0.014 
0.0221322 -0.0204807   0.02 
-0.0271007 0.0264855 0.09658750000000001 
-0.010401 0.0329447 0.0338803 
0.0347788 0.0167338 0.0656167 
-0.0319213 -0.0203595 0.0938847 
0.0263527 0.00668702  0.022 
0.0224473 0.0306528 0.0937958 
-0.0269068 0.114908 0.0399445 
0.0159594 0.06261609999999999 0.0816909 
0.0194639 0.0889204 0.0311335 
-0.0125727 0.112162 0.0275591 
0.0297092 0.08410280000000001 0.07669769999999999 
-0.0315765   0.12 0.0780274 
-0.0356178 -0.00339213 0.0236468 
-0.00933985 0.07763340000000001 0.0217524 
0.0319396 0.0593773 0.0399841 
0.0253698  0.066 0.0379363 
-0.0221531 -0.0309048 0.09872259999999999 
0.0181373 -0.0171834 0.06065 
0.0251011 0.0405529 0.0307318 
0.015466 0.0828676 0.08462600000000001 
-0.0268777 -0.0267053 0.0956471 
-0.0121475 0.0233588 0.09565 
-0.0192687 0.0403504 0.0581248 
0.00333367 -0.0113826 0.08565 
-0.0315342 0.0591049 0.0737495 
-0.0342712 0.00141395  0.014 
-0.0190696 0.00712495 0.0793523 
0.0237276 -0.015043  0.022 
0.0266211 0.0984274 0.0394002 
-0.0126366 0.0160341 0.0817334 
0.0352223 0.0561186 0.0492241 
-0.0340543 0.0386364 0.0451094 
-0.029039 0.0104936 0.0489813 
0.0351348 -0.00767865 0.0669217 
0.0152461 0.0435039 0.0460273 
0.0211077 -0.0217194 0.07188940000000001 
0.0211077 -0.0160022 0.062656 
-0.0380183 0.116304 0.0650912 
-0.01284 0.0395 0.0720252 
0.00568046 0.0791182 0.0209881 
-0.0180508 -0.0191932 0.0862533 
-0.00741129 -0.003 0.0852639 
 0.028 -0.0183844 0.0799817 
-0.0183957 0.0241321 0.0392946 
0.0228246 0.0208928 0.019614 
0.0271296 -0.0192308  0.014 
-0.0277628 0.113544 0.0298062 
-0.0212314 0.07476679999999999 0.0274925 
0.0210247 0.0392457 0.0454858 
-0.0188923 -0.0051043 0.0735743 
0.009821959999999999 0.0292741 0.0147036 
0.0110435 0.0680588 0.08602079999999999 
-0.0120203 0.0284462 0.0180787 
-0.0305223 0.12198 0.0643687 
0.0324659 0.122427 0.0720312 
-0.0381049   0.12 0.0542543 
0.00164097 -0.0149315 0.0937974 
0.0302835 0.0822792 0.0670695 
0.0147156 0.0797686 0.0236906 
0.0234335 0.0918901 0.0782045 
-0.0330445 0.0562029 0.0706796 
-0.0315401 0.0998333 0.0530291 
0.0346204 -0.00944409 0.0298851 
-0.0215755 0.0424431 0.0277366 
-0.0282748 0.0747394 0.0425511 
0.0040551 -0.003 0.07422910000000001 
-0.00540712 0.0130933 0.0853014 
-0.0095663 0.09483519999999999 0.0218043 
0.00123153 0.0466988 0.07483339999999999 
-0.00574581 0.0474535 0.0210178 
0.0352757 0.0121364 0.0495389 
-0.00629176 0.0404028 0.0746081 
0.0183249 0.120825 0.0821491 
0.038111 -0.00663998 0.09279999999999999 
0.00458673 0.0700057 0.0876931 
-0.0307916 0.00171669 0.0175991 
-0.0274325 0.0289004 0.08895400000000001 
0.0138634 0.0166048  0.022 
0.0211199 0.0791309 0.0274113 
0.0315185 0.0985171 0.054409 
0.0133017 -0.0334284 0.0937759 
0.0354668 -0.00473238 0.067801 
0.0213015 0.0289577 0.0195878 
0.012505 -0.0357357 0.0983873 
0.000168216 0.0985452 0.09248629999999999 
0.00114366   0.05 0.07573489999999999 
0.0284927 0.0502692 0.0784494 
-0.0306031 0.0960958 0.0472272 
-0.028 -0.018423 0.06850050000000001 
-0.0339698 0.0313583 0.0448166 
-0.0166338 -0.0162406 0.096709 
0.00501541 0.0744187 0.087641 
0.0136986 0.0705147 0.023269 
0.0153436 0.0409748 0.0239507 
0.0192616 0.0385681 0.0704134 
 0.028 0.000802844 0.0792149 
0.0355404 0.0047253 0.0410974 
-0.0339804 0.00194213 0.0987089 
-0.0205753 0.0970183 0.08590059999999999 
-0.0352759 0.0101163 0.0496198 
0.00946168 0.0396099 0.0912042 
-0.0317669 0.0918255 0.0732758 
-0.0270155 0.00422314 0.0271853 
0.026277  0.052 0.06473619999999999 
-0.0192589 0.0395 0.0614703 
-0.0147032 0.0411148 0.0236854 
-0.0157688  0.052 0.080957 
-0.0291909 0.0360584 0.077484 
0.0358828 0.0276084 0.0544127 
0.0342466 0.112985 0.07354040000000001 
0.0302985 -0.0190751 0.0780713 
3 839 141 731 
3 418 278 507 
3 646 670 621 
3 29 574 507 
3 278 745 507 
3 141 900 20 
3 900 418 20 
3 574 926 507 
3 926 418 507 
3 418 926 574 
3 361 446 731 
3 54 839 731 
3 446 54 731 
3 54 446 417 
3 670 125 535 
3 646 125 670 
3 141 870 731 
3 739 689 507 
3 689 29 507 
3 29 689 739 
3 29 541 574 
3 763 739 507 
3 633 134 862 
3 914 29 739 
3 418 845 20 
3 845 192 794 
3 944 418 574 
3 192 944 574 
3 944 845 418 
3 845 944 192 
3 363 361 731 
3 363 286 826 
3 307 141 839 
3 307 900 141 
3 54 307 839 
3 418 307 278 
3 900 307 418 
3 439 646 621 
3 35 439 621 
3 439 35 646 
3 262 125 646 
3 125 262 535 
3 943 35 826 
3 35 943 646 
3 286 749 826 
3 192 709 794 
3 709 192 574 
3 541 709 574 
3 494 154 739 
3 763 494 739 
3 843 618 337 
3 670 427 621 
3 801 134 143 
3 134 801 862 
3 218 84 337 
3 134 827 143 
3 392 363 731 
3 363 392 286 
3 634 363 826 
3 634 35 621 
3 35 634 826 
3 307 80 278 
3 80 307 54 
3 80 745 278 
3 80 54 745 
3 759 134 633 
3 8 943 826 
3 749 8 826 
3 8 749 943 
3 749 883 943 
3 883 262 646 
3 943 883 646 
3 494 89 417 
3 89 54 417 
3 54 89 745 
3 89 494 763 
3 745 89 507 
3 89 763 507 
3 428 905 417 
3 905 428 972 
3 84 186 337 
3 186 843 337 
3 186 914 739 
3 154 186 739 
3 494 185 154 
3 185 147 154 
3 185 494 417 
3 905 185 417 
3 185 905 147 
3 786 311 838 
3 651 670 535 
3 759 651 535 
3 218 934 84 
3 934 427 670 
3 427 934 838 
3 934 218 640 
3 786 934 640 
3 934 786 838 
3 380 218 337 
3 827 887 143 
3 914 887 29 
3 827 442 794 
3 442 827 134 
3 117 749 286 
3 392 117 286 
3 117 392 731 
3 749 117 870 
3 870 117 731 
3 310 845 794 
3 262 773 535 
3 773 759 535 
3 310 773 262 
3 773 310 759 
3 728 428 726 
3 363 728 726 
3 634 728 363 
3 905 720 147 
3 720 618 843 
3 147 720 843 
3 618 720 337 
3 720 380 337 
3 147 533 154 
3 533 186 154 
3 533 147 843 
3 186 533 843 
3 651 831 670 
3 316 186 84 
3 934 316 84 
3 186 316 914 
3 380 357 218 
3 357 905 972 
3 357 720 905 
3 720 357 380 
3 935 887 827 
3 935 541 29 
3 887 935 29 
3 935 709 541 
3 759 217 134 
3 217 442 134 
3 617 310 794 
3 310 617 759 
3 617 217 759 
3 442 617 794 
3 217 617 442 
3 597 634 621 
3 311 597 838 
3 427 597 621 
3 597 427 838 
3 428 687 972 
3 728 687 428 
3 167 651 759 
3 167 831 651 
3 831 167 670 
3 167 633 670 
3 167 759 633 
3 289 827 794 
3 289 935 827 
3 709 289 794 
3 935 289 709 
3 50 728 634 
3 597 50 634 
3 786 540 311 
3 540 597 311 
3 540 687 728 
3 50 540 728 
3 540 50 597 
3 270 786 640 
3 270 540 786 
3 687 309 972 
3 309 540 972 
3 540 309 687 
3 218 410 640 
3 410 270 640 
3 410 357 972 
3 357 410 218 
3 540 410 972 
3 270 410 540 
3 446 428 417 
3 363 428 361 
3 361 428 446 
3 428 363 726 
3 310 870 141 
3 310 141 20 
3 845 310 20 
3 310 883 749 
3 310 749 870 
3 883 310 262 
3 801 316 862 
3 316 633 862 
3 633 316 670 
3 316 887 914 
3 316 801 143 
3 316 934 670 
3 887 316 143 
Vertices and facets:
- p141(v16): -0.021  0.12 0.084
  neighbors: f54 f120 f149 f223 f224 f526 f527
- p839(v10): -0.024  0.12 0.087
  neighbors: f54 f133 f223 f225
- p731(v6): -0.0025  0.12 0.095
  neighbors: f54 f129 f133 f134 f149 f218 f314 f412 f414
- p418(v18): -0.037  0.12 0.067
  neighbors: f68 f121 f126 f127 f207 f212 f214 f227 f228
- p278(v17): -0.039 0.0023 0.093
  neighbors: f68 f116 f227 f324 f326
- p507(v0): -0.04 -0.001 0.089
  neighbors: f68 f80 f116 f125 f126 f154 f155 f161 f346 f347
- p646(v20): 0.038  0.12 0.054
  neighbors: f75 f142 f229 f231 f234 f245 f340 f341
- p670(v13): 0.035 -0.003 0.014
  neighbors: f75 f141 f142 f293 f383 f389 f443 f487 f488 f536 f539
- p621(v1):  0.04 -0.00048 0.092
  neighbors: f75 f229 f230 f293 f322 f470 f474
- p29(v21): -0.036 0.0041 0.016
  neighbors: f80 f155 f156 f157 f198 f405 f457 f458
- p574(v8): -0.039  0.12 0.052
  neighbors: f80 f125 f127 f157 f212 f213 f254 f255
- p745(v29): -0.039 -0.0029 0.093
  neighbors: f116 f326 f327 f344 f346
- p900(v30): -0.032  0.12 0.078
  neighbors: f120 f121 f224 f228
- p20(v2): -0.029  0.12 0.071
  neighbors: f120 f121 f207 f527 f528
- p926(v31): -0.038  0.12 0.065
  neighbors: f125 f126 f127
- p361(v32): -0.0063 0.035 0.099
  neighbors: f129 f218 f521 f522
- p446(v19): -0.021 0.028 0.099
  neighbors: f129 f134 f135 f520 f522
- p54(v33): -0.034 0.0012 0.099
  neighbors: f133 f134 f135 f225 f325 f327 f343 f344
- p417(v9): -0.03 -0.02 0.099
  neighbors: f135 f342 f343 f356 f374 f375 f520
- p125(v35): 0.034  0.12 0.041
  neighbors: f141 f142 f234 f238
- p535(v5): 0.031  0.12 0.033
  neighbors: f141 f238 f383 f385 f419 f420
- p870(v36): 0.0088  0.12 0.088
  neighbors: f149 f413 f414 f526 f530
- p689(v37): -0.036 -0.0025 0.024
  neighbors: f154 f155 f156
- p739(v12): -0.035 -0.009 0.017
  neighbors: f154 f156 f161 f198 f256 f257 f367 f371
- p541(v38): -0.035  0.11 0.041
  neighbors: f157 f255 f457 f460
- p763(v39): -0.039 -0.0086  0.09
  neighbors: f161 f257 f345 f347
- p134(v45): 0.0045  0.12 0.018
  neighbors: f188 f300 f301 f310 f332 f407 f461 f462
- p633(v43): 0.029 0.017 0.014
  neighbors: f188 f332 f488 f489 f535 f536
- p862(v24): 0.016 0.032 0.014
  neighbors: f188 f301 f534 f535
- p914(v47): -0.034 0.0014 0.014
  neighbors: f198 f367 f405 f449 f537
- p845(v49): -0.031  0.12 0.065
  neighbors: f207 f209 f214 f215 f418 f528
- p192(v26): -0.038  0.12 0.053
  neighbors: f209 f213 f215 f252 f254
- p794(v14): -0.026  0.12 0.032
  neighbors: f209 f252 f406 f418 f465 f468 f490 f492
- p944(v50): -0.038  0.12 0.054
  neighbors: f212 f213 f214 f215
- p363(v51): 0.036 0.012 0.099
  neighbors: f218 f220 f314 f315 f321 f424 f425 f521 f523
- p286(v28): 0.026  0.12 0.085
  neighbors: f220 f248 f315 f410 f411
- p826(v11): 0.033  0.12 0.077
  neighbors: f220 f244 f248 f321 f323 f335 f336
- p307(v52): -0.031  0.12  0.08
  neighbors: f223 f224 f225 f227 f228 f324 f325
- p439(v53): 0.038  0.11 0.063
  neighbors: f229 f230 f231
- p35(v34): 0.038  0.12 0.065
  neighbors: f230 f231 f244 f245 f322 f323
- p262(v54): 0.033  0.12 0.045
  neighbors: f234 f238 f340 f419 f421 f531
- p943(v55): 0.032  0.12 0.072
  neighbors: f244 f245 f335 f337 f339 f341
- p749(v56): 0.021  0.12 0.085
  neighbors: f248 f336 f337 f339 f410 f413 f529 f530
- p709(v57): -0.034  0.12 0.041
  neighbors: f252 f254 f255 f460 f492 f493
- p494(v58): -0.036 -0.016 0.091
  neighbors: f256 f257 f342 f345 f372 f374
- p154(v22): -0.034 -0.02 0.087
  neighbors: f256 f371 f372 f373 f438 f439
- p618(v61): -0.0097 -0.035 0.024
  neighbors: f272 f433 f436
- p843(v41): -0.019 -0.03 0.025
  neighbors: f272 f365 f433 f434 f440 f441
- p337(v7): -0.0058 -0.035 0.019
  neighbors: f272 f303 f364 f365 f396 f436 f437
- p427(v65): 0.035 -0.0091  0.02
  neighbors: f293 f389 f392 f474 f475
- p801(v67): -0.0017 0.031 0.014
  neighbors: f300 f301 f534 f538
- p143(v3): -0.023 0.028 0.014
  neighbors: f300 f310 f402 f538 f540
- p218(v68): 0.017 -0.032 0.016
  neighbors: f303 f387 f393 f396 f451 f514 f517
- p84(v25): -0.011 -0.029 0.014
  neighbors: f303 f364 f387 f446 f447
- p827(v69): -0.02  0.12 0.023
  neighbors: f310 f402 f406 f407 f455 f490 f491
- p392(v70): 0.0035  0.11 0.095
  neighbors: f314 f315 f411 f412
- p634(v71): 0.038 -0.00018 0.099
  neighbors: f321 f322 f323 f425 f470 f494 f495
- p80(v72): -0.038 0.0049 0.094
  neighbors: f324 f325 f326 f327
- p759(v73): 0.017  0.12 0.022
  neighbors: f332 f385 f420 f422 f461 f466 f467 f485 f489
- p8(v74): 0.032  0.12 0.077
  neighbors: f335 f336 f337
- p883(v75): 0.032  0.12 0.057
  neighbors: f339 f340 f341 f529 f531
- p89(v76): -0.038 -0.011 0.093
  neighbors: f342 f343 f344 f345 f346 f347
- p905(v78): -0.022 -0.031 0.099
  neighbors: f356 f357 f375 f376 f432 f452 f453
- p428(v77): 0.015 -0.033 0.099
  neighbors: f356 f357 f423 f479 f480 f520 f521 f522 f523
- p972(v59): 0.013 -0.036 0.098
  neighbors: f357 f452 f479 f511 f512 f516 f518
- p186(v80): -0.031 -0.018 0.014
  neighbors: f364 f365 f367 f371 f439 f441 f446 f449
- p185(v81): -0.029 -0.027 0.093
  neighbors: f372 f373 f374 f375 f376
- p147(v62): -0.029 -0.028 0.092
  neighbors: f373 f376 f432 f434 f438 f440
- p786(v82): 0.029 -0.022 0.026
  neighbors: f378 f394 f395 f497 f506 f507
- p311(v64): 0.031 -0.018 0.031
  neighbors: f378 f472 f497 f498
- p838(v42): 0.034 -0.011 0.021
  neighbors: f378 f392 f395 f472 f475
- p651(v83): 0.029  0.12 0.031
  neighbors: f383 f385 f443 f485 f486
- p934(v84): 0.027 -0.019 0.014
  neighbors: f387 f389 f392 f393 f394 f395 f447 f539
- p640(v23): 0.023 -0.027 0.022
  neighbors: f393 f394 f506 f514 f515
- p380(v85): 0.0028 -0.04 0.089
  neighbors: f396 f437 f451 f454
- p887(v86): -0.034 0.0023 0.014
  neighbors: f402 f405 f455 f458 f537 f540
- p442(v87): -0.019  0.12 0.026
  neighbors: f406 f407 f462 f468 f469
- p117(v88): 0.011  0.12  0.09
  neighbors: f410 f411 f412 f413 f414
- p310(v89):  0.03  0.12 0.042
  neighbors: f418 f421 f422 f465 f466 f526 f527 f528 f529 f530 f531
- p773(v90): 0.027  0.12 0.033
  neighbors: f419 f420 f421 f422
- p728(v91): 0.033 -0.015 0.099
  neighbors: f423 f424 f425 f480 f494 f500 f502
- p726(v15): 0.034 -0.00026 0.099
  neighbors: f423 f424 f523
- p720(v92): -0.013 -0.038 0.087
  neighbors: f432 f433 f434 f436 f437 f453 f454
- p533(v93): -0.03 -0.027 0.086
  neighbors: f438 f439 f440 f441
- p831(v94): 0.023  0.12 0.025
  neighbors: f443 f486 f487
- p316(v95): 0.024 -0.02 0.014
  neighbors: f446 f447 f449 f534 f535 f536 f537 f538 f539 f540
- p357(v96): 0.0036 -0.04 0.092
  neighbors: f451 f452 f453 f454 f516 f517
- p935(v97): -0.028  0.11  0.03
  neighbors: f455 f457 f458 f460 f491 f493
- p217(v98): 0.016  0.12 0.022
  neighbors: f461 f462 f467 f469
- p617(v99): 0.0088  0.12 0.026
  neighbors: f465 f466 f467 f468 f469
- p597(v100): 0.038 -0.011  0.09
  neighbors: f470 f472 f474 f475 f495 f498 f503
- p687(v101): 0.025 -0.026 0.099
  neighbors: f479 f480 f500 f511 f513
- p167(v102): 0.021  0.12 0.024
  neighbors: f485 f486 f487 f488 f489
- p289(v103): -0.025  0.12 0.029
  neighbors: f490 f491 f492 f493
- p50(v104): 0.036 -0.011 0.096
  neighbors: f494 f495 f502 f503
- p540(v105): 0.031 -0.025 0.092
  neighbors: f497 f498 f500 f502 f503 f507 f512 f513 f518 f519
- p270(v106):  0.03 -0.026 0.087
  neighbors: f506 f507 f515 f519
- p309(v107): 0.026 -0.027 0.095
  neighbors: f511 f512 f513
- p410(v108): 0.026 -0.03 0.085
  neighbors: f514 f515 f516 f517 f518 f519
- f54
    - flags: bottom simplicial
    - normal:   -0.3077    0.519   0.7975
    - offset: -0.1382248
    - center: -0.01566672666666666 0.1204653333333333 0.08888683333333332 
    - vertices: p141(v16) p839(v10) p731(v6)
    - neighboring facets: f133 f149 f223
- f68
    - flags: top simplicial
    - normal:   -0.9533   0.0746   0.2925
    - offset: -0.06413572
    - vertices: p418(v18) p278(v17) p507(v0)
    - neighboring facets: f116 f126 f227
- f75
    - flags: top simplicial
    - normal:    0.9977 -0.008688 -0.06784
    - offset: -0.03364342
    - vertices: p646(v20) p670(v13) p621(v1)
    - neighboring facets: f293 f229 f142
- f80
    - flags: top simplicial
    - normal:   -0.9981 -0.006992 -0.06099
    - offset: -0.0344556
    - vertices: p29(v21) p574(v8) p507(v0)
    - neighboring facets: f125 f155 f157
- f116
    - flags: bottom simplicial
    - normal:   -0.9276 -0.02004    0.373
    - offset: -0.07038827
    - center: -0.03903020000000001 -0.000534006666666667 0.09162026666666667 
    - vertices: p745(v29) p278(v17) p507(v0)
    - neighboring facets: f68 f346 f326
- f120
    - flags: bottom simplicial seen
    - normal:   -0.5505    0.759   0.3476
    - offset:   -0.13559
    - center: -0.02727463333333334 0.1233333333333333 0.07756156666666666 
    - vertices: p900(v30) p141(v16) p20(v2)
    - neighboring facets: f527 f121 f224
    - ridges:
- f121
    - flags: top simplicial
    - normal:   -0.6398   0.7128   0.2873
    - offset: -0.1281603
    - center: -0.03276809999999999 0.1214223333333333 0.07184546666666666 
    - vertices: p900(v30) p418(v18) p20(v2)
    - neighboring facets: f207 f120 f228
- f125
    - flags: bottom simplicial
    - normal:   -0.9987  0.02586  0.04503
    - offset: -0.04390615
    - vertices: p926(v31) p574(v8) p507(v0)
    - neighboring facets: f80 f126 f127
- f126
    - flags: top simplicial
    - normal:    -0.974  0.06111   0.2181
    - offset: -0.05833483
    - vertices: p926(v31) p418(v18) p507(v0)
    - neighboring facets: f68 f125 f127
- f127
    - flags: bottom simplicial
    - normal:   -0.9867   0.1498  0.06261
    - offset: -0.05901477
    - vertices: p926(v31) p418(v18) p574(v8)
    - neighboring facets: f212 f125 f126
- f129
    - flags: top simplicial tested seen
    - normal:  -0.01882  0.04582   0.9988
    - offset: -0.1007297
    - center: -0.01000062 0.0604217 0.09789316666666667 
    - vertices: p361(v32) p446(v19) p731(v6)
    - neighboring facets: f134 f218 f522
    - ridges:
- f133
    - flags: top simplicial tested
    - normal:   -0.3533   0.1225   0.9274
    - offset: -0.1038334
    - center: -0.02004542666666666 0.07919175000000001 0.09385939999999998 
    - vertices: p54(v33) p839(v10) p731(v6)
    - neighboring facets: f54 f134 f225
- f134
    - flags: bottom simplicial tested
    - normal:   -0.1995  0.08242   0.9764
    - offset: -0.1033779
    - center: -0.01925842666666666 0.04930594999999999 0.09777726666666667 
    - vertices: p54(v33) p446(v19) p731(v6)
    - neighboring facets: f129 f133 f135
- f135
    - flags: top simplicial tested seen
    - normal:  -0.04232  0.00738   0.9991
    - offset: -0.1001638
    - center: -0.0283166 0.003079183333333332 0.0990341 
    - vertices: p54(v33) p446(v19) p417(v9)
    - neighboring facets: f520 f343 f134
    - ridges:
- f141
    - flags: bottom simplicial
    - normal:    0.8893  0.09862  -0.4466
    - offset: -0.02426236
    - center: 0.03325576666666667 0.07822667 0.02916653333333333 
    - vertices: p125(v35) p670(v13) p535(v5)
    - neighboring facets: f383 f238 f142
- f142
    - flags: bottom simplicial
    - normal:    0.9532  0.06594   -0.295
    - offset: -0.02869855
    - center: 0.03581526666666666 0.07899567 0.03610153333333333 
    - vertices: p125(v35) p646(v20) p670(v13)
    - neighboring facets: f75 f141 f234
- f149
    - flags: bottom simplicial seen
    - normal:  -0.09003   0.7905   0.6058
    - offset: -0.1515196
    - center: -0.004902606666666667 0.1227653333333333 0.08919033333333332 
    - vertices: p870(v36) p141(v16) p731(v6)
    - neighboring facets: f54 f414 f526
    - ridges:
- f154
    - flags: bottom simplicial
    - normal:   -0.9944 -0.08517 -0.06267
    - offset: -0.03423858
    - vertices: p689(v37) p739(v12) p507(v0)
    - neighboring facets: f161 f155 f156
- f155
    - flags: top simplicial
    - normal:   -0.9969 -0.04619 -0.06368
    - offset: -0.03420782
    - vertices: p689(v37) p29(v21) p507(v0)
    - neighboring facets: f80 f154 f156
- f156
    - flags: bottom simplicial
    - normal:   -0.9945 -0.06624 -0.08141
    - offset: -0.03374834
    - center: -0.03533803333333333 -0.002475023333333333 0.01914263333333334 
    - vertices: p689(v37) p29(v21) p739(v12)
    - neighboring facets: f198 f154 f155
- f157
    - flags: bottom simplicial
    - normal:   -0.9446   0.0757  -0.3193
    - offset: -0.02864855
    - center: -0.03636400000000001 0.07843836333333333 0.0364511 
    - vertices: p541(v38) p29(v21) p574(v8)
    - neighboring facets: f80 f255 f457
- f161
    - flags: top simplicial
    - normal:   -0.9883  -0.1422  -0.0559
    - offset: -0.03465776
    - vertices: p763(v39) p739(v12) p507(v0)
    - neighboring facets: f154 f347 f257
- f188
    - flags: bottom simplicial tested seen
    - normal:   0.06024  0.05322  -0.9968
    - offset: 0.01130057
    - center: 0.01644982 0.05568139999999999 0.01530443333333333 
    - vertices: p134(v45) p633(v43) p862(v24)
    - neighboring facets: f535 f301 f332
    - ridges:
- f198
    - flags: top simplicial tested
    - normal:   -0.9149 -0.07919  -0.3958
    - offset: -0.02570174
    - center: -0.0348545 -0.00118059 0.01586736666666666 
    - vertices: p914(v47) p29(v21) p739(v12)
    - neighboring facets: f156 f367 f405
- f207
    - flags: bottom simplicial tested seen
    - normal:   -0.6254   0.7545    0.199
    - offset:  -0.126697
    - center: -0.03257286666666666 0.123089 0.0676184 
    - vertices: p845(v49) p418(v18) p20(v2)
    - neighboring facets: f121 f528 f214
    - ridges:
- f209
    - flags: top simplicial tested
    - normal:    -0.447   0.8884  -0.1044
    - offset: -0.1180859
    - center: -0.03158063333333334 0.1228846666666667 0.04986576666666667 
    - vertices: p845(v49) p192(v26) p794(v14)
    - neighboring facets: f252 f418 f215
- f212
    - flags: top simplicial
    - normal:   -0.9832   0.1725  0.06061
    - offset: -0.06144539
    - vertices: p944(v50) p418(v18) p574(v8)
    - neighboring facets: f127 f213 f214
- f213
    - flags: bottom simplicial
    - normal:   -0.9417   0.3235 -0.09246
    - offset: -0.06969199
    - vertices: p944(v50) p192(v26) p574(v8)
    - neighboring facets: f254 f212 f215
- f214
    - flags: top simplicial
    - normal:   -0.6516   0.7546  0.07777
    - offset:  -0.119597
    - vertices: p944(v50) p845(v49) p418(v18)
    - neighboring facets: f207 f212 f215
- f215
    - flags: bottom simplicial
    - normal:   -0.5198   0.8528 -0.05103
    - offset: -0.1193702
    - vertices: p944(v50) p845(v49) p192(v26)
    - neighboring facets: f209 f213 f214
- f218
    - flags: top simplicial tested seen
    - normal:   0.02383  0.04386   0.9988
    - offset: -0.1003895
    - center: 0.008958146666666666 0.05483056666666666 0.09789316666666667 
    - vertices: p363(v51) p361(v32) p731(v6)
    - neighboring facets: f129 f314 f521
    - ridges:
- f220
    - flags: top simplicial tested
    - normal:    0.7432   0.1534   0.6512
    - offset:  -0.092907
    - center: 0.03157643333333333 0.08248306666666666 0.08719293333333333 
    - vertices: p363(v51) p286(v28) p826(v11)
    - neighboring facets: f248 f321 f315
- f223
    - flags: top simplicial
    - normal:   -0.5474   0.5306   0.6472
    - offset: -0.1320938
    - vertices: p307(v52) p141(v16) p839(v10)
    - neighboring facets: f54 f225 f224
- f224
    - flags: top simplicial
    - normal:   -0.5681   0.7037   0.4267
    - offset: -0.1356767
    - vertices: p307(v52) p900(v30) p141(v16)
    - neighboring facets: f120 f223 f228
- f225
    - flags: bottom simplicial
    - normal:    -0.679    0.132   0.7222
    - offset: -0.09467562
    - vertices: p307(v52) p54(v33) p839(v10)
    - neighboring facets: f133 f223 f325
- f227
    - flags: bottom simplicial
    - normal:   -0.8944   0.1057   0.4346
    - offset: -0.07511909
    - vertices: p307(v52) p418(v18) p278(v17)
    - neighboring facets: f68 f324 f228
- f228
    - flags: bottom simplicial
    - normal:   -0.8161   0.4187   0.3983
    - offset:  -0.107097
    - vertices: p307(v52) p900(v30) p418(v18)
    - neighboring facets: f121 f227 f224
- f229
    - flags: top simplicial
    - normal:    0.9978   0.0312  0.05796
    - offset: -0.04518865
    - vertices: p439(v53) p646(v20) p621(v1)
    - neighboring facets: f75 f230 f231
- f230
    - flags: bottom simplicial
    - normal:    0.9957  0.03781  0.08429
    - offset: -0.04752032
    - center: 0.03859113333333333 0.07678772533333335 0.07344513333333334 
    - vertices: p439(v53) p35(v34) p621(v1)
    - neighboring facets: f322 f229 f231
- f231
    - flags: top simplicial
    - normal:    0.9964  0.04796  0.06926
    - offset: -0.04775296
    - center: 0.03807506666666667 0.1169476666666667 0.0607137 
    - vertices: p439(v53) p35(v34) p646(v20)
    - neighboring facets: f245 f229 f230
- f234
    - flags: top simplicial tested
    - normal:    0.8676   0.4185  -0.2685
    - offset: -0.06913524
    - center: 0.03532696666666667 0.1216666666666667 0.04628636666666665 
    - vertices: p262(v54) p125(v35) p646(v20)
    - neighboring facets: f142 f340 f238
- f238
    - flags: bottom simplicial tested
    - normal:     0.686   0.5437  -0.4835
    - offset: -0.06918723
    - center: 0.03276746666666667 0.1208976666666667 0.03935136666666667 
    - vertices: p262(v54) p125(v35) p535(v5)
    - neighboring facets: f141 f419 f234
- f244
    - flags: top simplicial tested
    - normal:    0.8341   0.4651   0.2965
    - offset: -0.1053775
    - center: 0.03440293333333333 0.119271 0.07153230000000001 
    - vertices: p943(v55) p35(v34) p826(v11)
    - neighboring facets: f323 f335 f245
- f245
    - flags: bottom simplicial tested
    - normal:     0.799   0.5726   0.1834
    - offset: -0.1092549
    - center: 0.03620656666666667 0.1198723333333333 0.06370816666666666 
    - vertices: p943(v55) p35(v34) p646(v20)
    - neighboring facets: f231 f341 f244
- f248
    - flags: bottom simplicial tested
    - normal:    0.6539   0.4638   0.5977
    - offset: -0.1225193
    - center: 0.02681380000000001 0.12026 0.08232006666666668 
    - vertices: p749(v56) p286(v28) p826(v11)
    - neighboring facets: f220 f336 f410
- f252
    - flags: bottom simplicial
    - normal:   -0.5908   0.7798  -0.2072
    - offset: -0.1051013
    - vertices: p709(v57) p192(v26) p794(v14)
    - neighboring facets: f209 f492 f254
- f254
    - flags: top simplicial
    - normal:   -0.8905   0.3309  -0.3123
    - offset: -0.05708113
    - vertices: p709(v57) p192(v26) p574(v8)
    - neighboring facets: f213 f255 f252
- f255
    - flags: bottom simplicial
    - normal:   -0.9212   0.1663  -0.3517
    - offset: -0.03675695
    - vertices: p709(v57) p541(v38) p574(v8)
    - neighboring facets: f157 f254 f460
- f256
    - flags: top simplicial
    - normal:   -0.9242  -0.3778 -0.05681
    - offset: -0.03454702
    - center: -0.03524146666666667 -0.01506317 0.0653382 
    - vertices: p494(v58) p154(v22) p739(v12)
    - neighboring facets: f371 f257 f372
- f257
    - flags: bottom simplicial
    - normal:   -0.9444  -0.3246 -0.05237
    - offset: -0.03484541
    - vertices: p494(v58) p763(v39) p739(v12)
    - neighboring facets: f161 f256 f345
- f272
    - flags: bottom simplicial
    - normal:   -0.4712  -0.8579   -0.205
    - offset: -0.02921982
    - center: -0.0115508 -0.0331299 0.022661 
    - vertices: p618(v61) p843(v41) p337(v7)
    - neighboring facets: f365 f436 f433
- f293
    - flags: bottom simplicial
    - normal:    0.9964 -0.05274 -0.06633
    - offset: -0.03375394
    - center: 0.03644559999999999 -0.004200008 0.04194633333333333 
    - vertices: p427(v65) p670(v13) p621(v1)
    - neighboring facets: f75 f474 f389
- f300
    - flags: top simplicial tested seen
    - normal:  -0.007773  0.04551  -0.9989
    - offset: 0.01255373
    - center: -0.006639573333333333 0.05895356666666666 0.01530443333333333 
    - vertices: p801(v67) p134(v45) p143(v3)
    - neighboring facets: f310 f538 f301
    - ridges:
- f301
    - flags: bottom simplicial tested seen
    - normal:  -0.001761  0.04509   -0.999
    - offset: 0.01257755
    - center: 0.006234926666666667 0.06038046666666667 0.01530443333333333 
    - vertices: p801(v67) p134(v45) p862(v24)
    - neighboring facets: f188 f534 f300
    - ridges:
- f303
    - flags: top simplicial
    - normal:  -0.002416  -0.5666   -0.824
    - offset: -0.004545187
    - center: -8.941666666666617e-05 -0.0319229 0.01643496666666667 
    - vertices: p218(v68) p84(v25) p337(v7)
    - neighboring facets: f364 f396 f387
- f310
    - flags: bottom simplicial tested
    - normal:   -0.2003   0.1022  -0.9744
    - offset: 0.006273812
    - center: -0.01261654666666667 0.08820963333333333 0.01828596666666666 
    - vertices: p827(v69) p134(v45) p143(v3)
    - neighboring facets: f300 f402 f407
- f314
    - flags: top simplicial
    - normal:   0.08019  0.06391   0.9947
    - offset: -0.1022373
    - center: 0.01225249 0.0814904 0.09655536666666668 
    - vertices: p392(v70) p363(v51) p731(v6)
    - neighboring facets: f218 f412 f315
- f315
    - flags: bottom simplicial
    - normal:    0.3791   0.1542   0.9124
    - offset: -0.1058062
    - center: 0.02175318333333334 0.08125306666666667 0.09318940000000001 
    - vertices: p392(v70) p363(v51) p286(v28)
    - neighboring facets: f220 f411 f314
- f321
    - flags: top simplicial tested
    - normal:      0.82   0.1357   0.5561
    - offset: -0.08600498
    - center: 0.03560143333333333 0.04322859166666667 0.0916188 
    - vertices: p634(v71) p363(v51) p826(v11)
    - neighboring facets: f220 f323 f425
- f322
    - flags: top simplicial tested
    - normal:    0.9605  0.07826   0.2672
    - offset: -0.06289656
    - center: 0.03859393333333333 0.03884358366666667 0.08528226666666666 
    - vertices: p634(v71) p35(v34) p621(v1)
    - neighboring facets: f230 f470 f323
- f323
    - flags: bottom simplicial tested
    - normal:    0.9254   0.1055   0.3641
    - offset: -0.07110594
    - center: 0.03627423333333334 0.07840219166666666 0.08037496666666667 
    - vertices: p634(v71) p35(v34) p826(v11)
    - neighboring facets: f244 f321 f322
- f324
    - flags: bottom simplicial
    - normal:   -0.8921    0.106   0.4393
    - offset: -0.0754637
    - vertices: p80(v72) p307(v52) p278(v17)
    - neighboring facets: f227 f326 f325
- f325
    - flags: top simplicial
    - normal:   -0.7329   0.1251   0.6688
    - offset: -0.09122863
    - vertices: p80(v72) p307(v52) p54(v33)
    - neighboring facets: f225 f327 f324
- f326
    - flags: top simplicial
    - normal:   -0.8108 -0.01752   0.5851
    - offset: -0.08556737
    - vertices: p80(v72) p745(v29) p278(v17)
    - neighboring facets: f116 f324 f327
- f327
    - flags: top simplicial
    - normal:   -0.8002 -0.02166   0.5993
    - offset: -0.08649157
    - vertices: p80(v72) p54(v33) p745(v29)
    - neighboring facets: f344 f326 f325
- f332
    - flags: top simplicial tested
    - normal:    0.3148   0.1129  -0.9424
    - offset: 0.002144671
    - center: 0.01684422 0.08506286666666667 0.01809176666666666 
    - vertices: p759(v73) p134(v45) p633(v43)
    - neighboring facets: f188 f489 f461
- f335
    - flags: top simplicial
    - normal:    0.6873   0.5938   0.4184
    - offset: -0.1251454
    - vertices: p8(v74) p943(v55) p826(v11)
    - neighboring facets: f244 f336 f337
- f336
    - flags: bottom simplicial
    - normal:    0.6524   0.5779   0.4903
    - offset: -0.1276653
    - vertices: p8(v74) p749(v56) p826(v11)
    - neighboring facets: f248 f335 f337
- f337
    - flags: top simplicial
    - normal:    0.6378   0.6378   0.4318
    - offset: -0.1298905
    - center: 0.02850423333333333 0.1224756666666667 0.0778109 
    - vertices: p8(v74) p749(v56) p943(v55)
    - neighboring facets: f339 f335 f336
- f339
    - flags: bottom simplicial tested seen
    - normal:    0.3787   0.9139   0.1462
    - offset:  -0.134712
    - center: 0.0286558 0.1241423333333333 0.071177 
    - vertices: p883(v75) p749(v56) p943(v55)
    - neighboring facets: f337 f341 f529
    - ridges:
- f340
    - flags: top simplicial tested seen
    - normal:    0.6359   0.7696  0.05696
    - offset:  -0.119844
    - center: 0.03455736666666666 0.1233333333333333 0.05173256666666667 
    - vertices: p883(v75) p262(v54) p646(v20)
    - neighboring facets: f234 f341 f531
    - ridges:
- f341
    - flags: bottom simplicial tested
    - normal:    0.6501   0.7517   0.1114
    - offset: -0.1211533
    - center: 0.03431823333333333 0.1224756666666667 0.06089146666666666 
    - vertices: p883(v75) p943(v55) p646(v20)
    - neighboring facets: f245 f340 f339
- f342
    - flags: bottom simplicial
    - normal:    -0.791  -0.3956   0.4668
    - offset: -0.07781443
    - vertices: p89(v76) p494(v58) p417(v9)
    - neighboring facets: f374 f343 f345
- f343
    - flags: top simplicial
    - normal:   -0.6819  -0.1291   0.7199
    - offset: -0.09424679
    - vertices: p89(v76) p54(v33) p417(v9)
    - neighboring facets: f135 f342 f344
- f344
    - flags: bottom simplicial
    - normal:   -0.7963 -0.03287    0.604
    - offset: -0.08680953
    - vertices: p89(v76) p54(v33) p745(v29)
    - neighboring facets: f327 f346 f343
- f345
    - flags: top simplicial
    - normal:   -0.9491  -0.3151 -0.005803
    - offset: -0.03911822
    - vertices: p89(v76) p494(v58) p763(v39)
    - neighboring facets: f257 f347 f342
- f346
    - flags: bottom simplicial
    - normal:   -0.9304  -0.0384   0.3646
    - offset: -0.0697689
    - vertices: p89(v76) p745(v29) p507(v0)
    - neighboring facets: f116 f347 f344
- f347
    - flags: top simplicial
    - normal:   -0.9825   -0.132   0.1312
    - offset: -0.05111559
    - vertices: p89(v76) p763(v39) p507(v0)
    - neighboring facets: f161 f346 f345
- f356
    - flags: bottom simplicial tested seen
    - normal:  -0.01364 -0.05032   0.9986
    - offset: -0.1004456
    - center: -0.01216316666666667 -0.02795816666666666 0.09900753333333333 
    - vertices: p905(v78) p428(v77) p417(v9)
    - neighboring facets: f520 f375 f357
    - ridges:
- f357
    - flags: top simplicial tested
    - normal:  -0.02088  -0.2175   0.9758
    - offset: -0.1035214
    - center: 0.001895766666666668 -0.0330753 0.09875329999999999 
    - vertices: p905(v78) p428(v77) p972(v59)
    - neighboring facets: f479 f452 f356
- f364
    - flags: bottom simplicial tested
    - normal:   -0.3803  -0.7185  -0.5824
    - offset: -0.01666388
    - center: -0.01594391666666667 -0.02753576666666667 0.01576686666666667 
    - vertices: p186(v80) p84(v25) p337(v7)
    - neighboring facets: f303 f365 f446
- f365
    - flags: top simplicial tested
    - normal:   -0.4972  -0.8134  -0.3021
    - offset: -0.02597077
    - center: -0.01852878333333334 -0.0277832 0.01932543333333333 
    - vertices: p186(v80) p843(v41) p337(v7)
    - neighboring facets: f272 f364 f441
- f367
    - flags: top simplicial tested
    - normal:   -0.7836  -0.1481  -0.6034
    - offset: -0.01819706
    - center: -0.03322006666666667 -0.008698486666666666 0.01511623333333333 
    - vertices: p186(v80) p914(v47) p739(v12)
    - neighboring facets: f198 f371 f449
- f371
    - flags: bottom simplicial tested
    - normal:   -0.9222  -0.3823 -0.05755
    - offset: -0.03450876
    - center: -0.03329416666666667 -0.01590993666666666 0.03960386666666667 
    - vertices: p186(v80) p154(v22) p739(v12)
    - neighboring facets: f256 f367 f439
- f372
    - flags: bottom simplicial
    - normal:   -0.8291  -0.5345   0.1639
    - offset: -0.05374407
    - vertices: p185(v81) p494(v58) p154(v22)
    - neighboring facets: f256 f373 f374
- f373
    - flags: top simplicial
    - normal:   -0.8174  -0.5651   0.1118
    - offset: -0.04939655
    - vertices: p185(v81) p147(v62) p154(v22)
    - neighboring facets: f438 f372 f376
- f374
    - flags: top simplicial
    - normal:   -0.7796  -0.4698   0.4142
    - offset: -0.07377721
    - vertices: p185(v81) p494(v58) p417(v9)
    - neighboring facets: f342 f375 f372
- f375
    - flags: bottom simplicial
    - normal:   -0.7044  -0.5229     0.48
    - offset: -0.07914871
    - vertices: p185(v81) p905(v78) p417(v9)
    - neighboring facets: f356 f374 f376
- f376
    - flags: top simplicial
    - normal:   -0.6339  -0.7233   0.2738
    - offset: -0.06342969
    - vertices: p185(v81) p905(v78) p147(v62)
    - neighboring facets: f432 f373 f375
- f378
    - flags: top simplicial
    - normal:    0.8788  -0.4714 -0.07405
    - offset: -0.03350578
    - center: 0.03141143333333334 -0.01658703333333334 0.02590026666666667 
    - vertices: p786(v82) p311(v64) p838(v42)
    - neighboring facets: f472 f395 f497
- f383
    - flags: top simplicial
    - normal:    0.7599   0.1244  -0.6381
    - offset: -0.01701985
    - vertices: p651(v83) p670(v13) p535(v5)
    - neighboring facets: f141 f385 f443
- f385
    - flags: bottom simplicial
    - normal:    0.5913   0.4508  -0.6686
    - offset: -0.04925718
    - center: 0.02562966666666667 0.1181023333333333 0.02862713333333333 
    - vertices: p651(v83) p759(v73) p535(v5)
    - neighboring facets: f420 f383 f485
- f387
    - flags: bottom simplicial tested
    - normal:   0.04343  -0.2076  -0.9772
    - offset: 0.00851088
    - center: 0.01090243333333334 -0.02655273333333333 0.01483416666666667 
    - vertices: p934(v84) p218(v68) p84(v25)
    - neighboring facets: f303 f447 f393
- f389
    - flags: top simplicial tested seen
    - normal:    0.8302  -0.3849  -0.4033
    - offset: -0.0242782
    - center: 0.03216693333333333 -0.01045033333333333 0.01598996666666667 
    - vertices: p934(v84) p427(v65) p670(v13)
    - neighboring facets: f293 f539 f392
    - ridges:
- f392
    - flags: bottom simplicial tested
    - normal:    0.8397   -0.455  -0.2965
    - offset: -0.0273804
    - center: 0.0320264 -0.01295567 0.01823866666666667 
    - vertices: p934(v84) p427(v65) p838(v42)
    - neighboring facets: f475 f395 f389
- f393
    - flags: top simplicial tested
    - normal:    0.7058  -0.6365   -0.311
    - offset: -0.02703336
    - center: 0.02248673333333333 -0.0260585 0.01743813333333333 
    - vertices: p934(v84) p218(v68) p640(v23)
    - neighboring facets: f514 f394 f387
- f394
    - flags: bottom simplicial tested
    - normal:    0.7865  -0.5784  -0.2164
    - offset: -0.0294323
    - center: 0.02644333333333333 -0.0226928 0.02076023333333334 
    - vertices: p934(v84) p786(v82) p640(v23)
    - neighboring facets: f506 f393 f395
- f395
    - flags: top simplicial tested
    - normal:    0.8311  -0.5147  -0.2104
    - offset: -0.02950114
    - center: 0.03004653333333333 -0.0170949 0.02029686666666667 
    - vertices: p934(v84) p786(v82) p838(v42)
    - neighboring facets: f378 f392 f394
- f396
    - flags: top simplicial
    - normal:    0.1516  -0.9851 -0.08139
    - offset: -0.03239775
    - vertices: p380(v85) p218(v68) p337(v7)
    - neighboring facets: f303 f437 f451
- f402
    - flags: bottom simplicial tested seen
    - normal:   -0.2263   0.1025  -0.9686
    - offset: 0.005593554
    - center: -0.0254875 0.04960411333333333 0.01698153333333333 
    - vertices: p887(v86) p827(v69) p143(v3)
    - neighboring facets: f310 f540 f455
    - ridges:
- f405
    - flags: bottom simplicial tested seen
    - normal:    -0.826   0.1063  -0.5536
    - offset: -0.0207073
    - center: -0.0346605 0.002602493333333333 0.0148091 
    - vertices: p887(v86) p914(v47) p29(v21)
    - neighboring facets: f198 f458 f537
    - ridges:
- f406
    - flags: bottom simplicial
    - normal:   -0.3047   0.7322  -0.6092
    - offset: -0.07907449
    - vertices: p442(v87) p827(v69) p794(v14)
    - neighboring facets: f490 f468 f407
- f407
    - flags: top simplicial
    - normal:   -0.1127    0.743  -0.6597
    - offset: -0.07544162
    - vertices: p442(v87) p827(v69) p134(v45)
    - neighboring facets: f310 f462 f406
- f410
    - flags: top simplicial tested
    - normal:    0.3604   0.3113   0.8793
    - offset: -0.1209632
    - center: 0.01958396666666666 0.1208666666666667 0.08675116666666666 
    - vertices: p117(v88) p749(v56) p286(v28)
    - neighboring facets: f248 f411 f413
- f411
    - flags: bottom simplicial tested
    - normal:     0.358   0.2591   0.8971
    - offset: -0.1162761
    - center: 0.01361951666666666 0.1173686666666667 0.09028623333333333 
    - vertices: p117(v88) p392(v70) p286(v28)
    - neighboring facets: f315 f410 f412
- f412
    - flags: top simplicial tested
    - normal:    0.2706    0.374   0.8871
    - offset: -0.1281728
    - center: 0.004118823333333334 0.117606 0.0936522 
    - vertices: p117(v88) p392(v70) p731(v6)
    - neighboring facets: f314 f414 f411
- f413
    - flags: bottom simplicial tested seen
    - normal:    0.2498    0.486   0.8375
    - offset: -0.1369001
    - center: 0.01384005333333333 0.1233386666666667 0.08775960000000001 
    - vertices: p117(v88) p749(v56) p870(v36)
    - neighboring facets: f530 f414 f410
    - ridges:
- f414
    - flags: bottom simplicial tested
    - normal:    0.2408   0.4832   0.8417
    - offset: -0.1368473
    - center: 0.00586426 0.121104 0.09137563333333333 
    - vertices: p117(v88) p870(v36) p731(v6)
    - neighboring facets: f149 f412 f413
- f418
    - flags: top simplicial tested seen
    - normal:  -0.01659    0.999 -0.04255
    - offset: -0.1226036
    - center: -0.008993733333333333 0.1245513333333333 0.04623393333333333 
    - vertices: p310(v89) p845(v49) p794(v14)
    - neighboring facets: f209 f465 f528
    - ridges:
- f419
    - flags: bottom simplicial tested
    - normal:    0.6496   0.5761  -0.4962
    - offset: -0.07146213
    - center: 0.03039486666666667 0.1215216666666667 0.03686503333333333 
    - vertices: p773(v90) p262(v54) p535(v5)
    - neighboring facets: f238 f420 f421
- f420
    - flags: top simplicial tested
    - normal:     0.574   0.5229  -0.6302
    - offset: -0.05846408
    - center: 0.02503343333333333 0.119855 0.02946753333333333 
    - vertices: p773(v90) p759(v73) p535(v5)
    - neighboring facets: f385 f419 f422
- f421
    - flags: bottom simplicial tested seen
    - normal:    0.3639   0.8324   -0.418
    - offset: -0.09750229
    - center: 0.03009036666666667 0.1239573333333333 0.03978556666666666 
    - vertices: p773(v90) p310(v89) p262(v54)
    - neighboring facets: f531 f419 f422
    - ridges:
- f422
    - flags: top simplicial tested
    - normal:    0.2694   0.8739  -0.4047
    - offset: -0.1004197
    - center: 0.02472893333333333 0.1222906666666667 0.03238806666666667 
    - vertices: p773(v90) p310(v89) p759(v73)
    - neighboring facets: f466 f420 f421
- f423
    - flags: top simplicial tested seen
    - normal:  0.004952 -0.002905        1
    - offset: -0.09931897
    - center: 0.02759286666666667 -0.01579637133333333 0.09913806666666668 
    - vertices: p728(v91) p428(v77) p726(v15)
    - neighboring facets: f523 f424 f480
    - ridges:
- f424
    - flags: bottom simplicial tested seen
    - normal:   0.06427 -0.007665   0.9979
    - offset: -0.1011484
    - center: 0.03438706666666667 -0.001044838 0.09913806666666666 
    - vertices: p728(v91) p363(v51) p726(v15)
    - neighboring facets: f523 f423 f425
    - ridges:
- f425
    - flags: bottom simplicial tested
    - normal:    0.1609 -0.01713   0.9868
    - offset: -0.1033912
    - center: 0.03564863333333333 -0.001017175 0.09894113333333333 
    - vertices: p728(v91) p634(v71) p363(v51)
    - neighboring facets: f321 f424 f494
- f432
    - flags: bottom simplicial
    - normal:   -0.5044  -0.8578  0.09919
    - offset: -0.04747482
    - vertices: p720(v92) p905(v78) p147(v62)
    - neighboring facets: f376 f434 f453
- f433
    - flags: top simplicial
    - normal:   -0.4708  -0.8795 -0.06953
    - offset: -0.03323665
    - vertices: p720(v92) p618(v61) p843(v41)
    - neighboring facets: f272 f434 f436
- f434
    - flags: bottom simplicial
    - normal:   -0.5427   -0.838 -0.05705
    - offset: -0.03369469
    - vertices: p720(v92) p147(v62) p843(v41)
    - neighboring facets: f440 f433 f432
- f436
    - flags: bottom simplicial
    - normal:   -0.2957  -0.9531 -0.06381
    - offset: -0.03421441
    - vertices: p720(v92) p618(v61) p337(v7)
    - neighboring facets: f272 f437 f433
- f437
    - flags: top simplicial
    - normal:   -0.1293  -0.9905 -0.04733
    - offset: -0.0348706
    - vertices: p720(v92) p380(v85) p337(v7)
    - neighboring facets: f396 f436 f454
- f438
    - flags: bottom simplicial
    - normal:   -0.8029   -0.595  0.03647
    - offset: -0.04291549
    - vertices: p533(v93) p147(v62) p154(v22)
    - neighboring facets: f373 f439 f440
- f439
    - flags: top simplicial
    - normal:   -0.8114  -0.5817 -0.05652
    - offset: -0.03480774
    - vertices: p533(v93) p186(v80) p154(v22)
    - neighboring facets: f371 f438 f441
- f440
    - flags: top simplicial
    - normal:   -0.5907  -0.8043 -0.06469
    - offset: -0.03342451
    - vertices: p533(v93) p147(v62) p843(v41)
    - neighboring facets: f434 f441 f438
- f441
    - flags: bottom simplicial
    - normal:   -0.6512  -0.7549 -0.07777
    - offset: -0.03279326
    - vertices: p533(v93) p186(v80) p843(v41)
    - neighboring facets: f365 f440 f439
- f443
    - flags: bottom simplicial
    - normal:    0.6489   0.1346  -0.7488
    - offset: -0.01159497
    - center: 0.02885013333333333 0.07629833666666667 0.02322973333333333 
    - vertices: p831(v94) p651(v83) p670(v13)
    - neighboring facets: f383 f487 f486
- f446
    - flags: top simplicial tested
    - normal:  -0.003578 -0.02122  -0.9998
    - offset: 0.01366928
    - center: -0.0058957 -0.02226653333333333 0.01416606666666667 
    - vertices: p316(v95) p186(v80) p84(v25)
    - neighboring facets: f364 f447 f449
- f447
    - flags: bottom simplicial tested seen
    - normal:  0.006342 -0.05929  -0.9982
    - offset:  0.0126629
    - center: 0.01336413333333333 -0.02252326666666667 0.0141081 
    - vertices: p316(v95) p934(v84) p84(v25)
    - neighboring facets: f387 f446 f539
    - ridges:
- f449
    - flags: bottom simplicial tested seen
    - normal:  -0.003347 -0.009359       -1
    - offset: 0.01389782
    - center: -0.0135408 -0.01219341666666667 0.01405796666666667 
    - vertices: p316(v95) p186(v80) p914(v47)
    - neighboring facets: f367 f537 f446
    - ridges:
- f451
    - flags: bottom simplicial
    - normal:    0.3134  -0.9485 -0.04604
    - offset: -0.03454922
    - vertices: p357(v96) p380(v85) p218(v68)
    - neighboring facets: f396 f517 f454
- f452
    - flags: top simplicial
    - normal:   -0.1018  -0.7739    0.625
    - offset: -0.08787787
    - vertices: p357(v96) p905(v78) p972(v59)
    - neighboring facets: f357 f516 f453
- f453
    - flags: top simplicial
    - normal:   -0.2236  -0.9131   0.3409
    - offset: -0.06682969
    - vertices: p357(v96) p720(v92) p905(v78)
    - neighboring facets: f432 f452 f454
- f454
    - flags: bottom simplicial
    - normal:   -0.1519  -0.9842  0.09144
    - offset: -0.04695204
    - vertices: p357(v96) p720(v92) p380(v85)
    - neighboring facets: f437 f451 f453
- f455
    - flags: top simplicial
    - normal:   -0.6897   0.1406  -0.7103
    - offset: -0.0139388
    - vertices: p935(v97) p887(v86) p827(v69)
    - neighboring facets: f402 f491 f458
- f457
    - flags: top simplicial
    - normal:   -0.8269   0.1259  -0.5481
    - offset: -0.02091033
    - vertices: p935(v97) p541(v38) p29(v21)
    - neighboring facets: f157 f458 f460
- f458
    - flags: bottom simplicial
    - normal:   -0.8164    0.127  -0.5633
    - offset: -0.02029144
    - vertices: p935(v97) p887(v86) p29(v21)
    - neighboring facets: f405 f457 f455
- f460
    - flags: top simplicial
    - normal:   -0.8232   0.1627  -0.5439
    - offset: -0.02511747
    - vertices: p935(v97) p709(v57) p541(v38)
    - neighboring facets: f255 f457 f493
- f461
    - flags: bottom simplicial
    - normal:   0.03604   0.8794  -0.4747
    - offset:  -0.095533
    - vertices: p217(v98) p759(v73) p134(v45)
    - neighboring facets: f332 f462 f467
- f462
    - flags: top simplicial
    - normal:  0.004763   0.9146  -0.4044
    - offset: -0.1008005
    - vertices: p217(v98) p442(v87) p134(v45)
    - neighboring facets: f407 f461 f469
- f465
    - flags: top simplicial
    - normal:   0.02081   0.9684  -0.2485
    - offset: -0.1113294
    - vertices: p617(v99) p310(v89) p794(v14)
    - neighboring facets: f418 f468 f466
- f466
    - flags: bottom simplicial
    - normal:   0.04421   0.9595  -0.2782
    - offset:  -0.109677
    - vertices: p617(v99) p310(v89) p759(v73)
    - neighboring facets: f422 f467 f465
- f467
    - flags: top simplicial
    - normal:   0.02414   0.9478  -0.3179
    - offset: -0.1070431
    - vertices: p617(v99) p217(v98) p759(v73)
    - neighboring facets: f461 f466 f469
- f468
    - flags: bottom simplicial
    - normal:   0.01378   0.9576  -0.2877
    - offset: -0.1089281
    - vertices: p617(v99) p442(v87) p794(v14)
    - neighboring facets: f406 f465 f469
- f469
    - flags: bottom simplicial
    - normal:   0.01352   0.9415  -0.3367
    - offset: -0.1056891
    - vertices: p617(v99) p217(v98) p442(v87)
    - neighboring facets: f462 f468 f467
- f470
    - flags: top simplicial
    - normal:    0.9441  -0.1826   0.2743
    - offset: -0.06302319
    - vertices: p597(v100) p634(v71) p621(v1)
    - neighboring facets: f322 f474 f495
- f472
    - flags: bottom simplicial
    - normal:    0.8917  -0.4493 -0.05447
    - offset: -0.03412104
    - vertices: p597(v100) p311(v64) p838(v42)
    - neighboring facets: f378 f475 f498
- f474
    - flags: bottom simplicial
    - normal:    0.9879  -0.1452  -0.0546
    - offset: -0.03453476
    - vertices: p597(v100) p427(v65) p621(v1)
    - neighboring facets: f293 f470 f475
- f475
    - flags: top simplicial
    - normal:    0.9326  -0.3565 -0.05662
    - offset: -0.03449784
    - vertices: p597(v100) p427(v65) p838(v42)
    - neighboring facets: f392 f472 f474
- f479
    - flags: bottom simplicial
    - normal:    0.4136  -0.5477   0.7273
    - offset: -0.09630281
    - vertices: p687(v101) p428(v77) p972(v59)
    - neighboring facets: f357 f511 f480
- f480
    - flags: bottom simplicial
    - normal:    0.1392  -0.1355    0.981
    - offset: -0.1038104
    - vertices: p687(v101) p728(v91) p428(v77)
    - neighboring facets: f423 f479 f500
- f485
    - flags: top simplicial tested
    - normal:    0.5941   0.4241  -0.6835
    - offset: -0.04575935
    - center: 0.02225916666666667 0.1178633333333333 0.02552143333333333 
    - vertices: p167(v102) p651(v83) p759(v73)
    - neighboring facets: f385 f489 f486
- f486
    - flags: top simplicial tested
    - normal:    0.6381   0.1823  -0.7481
    - offset: -0.01686466
    - center: 0.02417653333333334 0.1162946666666667 0.02641396666666666 
    - vertices: p167(v102) p831(v94) p651(v83)
    - neighboring facets: f443 f485 f487
- f487
    - flags: bottom simplicial tested
    - normal:    0.6189   0.1339   -0.774
    - offset: -0.01020255
    - center: 0.02604223333333333 0.07641900333333333 0.0208641 
    - vertices: p167(v102) p831(v94) p670(v13)
    - neighboring facets: f443 f488 f486
- f488
    - flags: top simplicial tested seen
    - normal:    0.4303   0.1215  -0.8944
    - offset: -0.002022455
    - center: 0.0280845 0.04367820333333333 0.01718423333333334 
    - vertices: p167(v102) p633(v43) p670(v13)
    - neighboring facets: f536 f487 f489
    - ridges:
- f489
    - flags: top simplicial tested
    - normal:    0.4087   0.1207  -0.9047
    - offset: -0.001238008
    - center: 0.02223476666666667 0.08468253333333332 0.01997156666666667 
    - vertices: p167(v102) p759(v73) p633(v43)
    - neighboring facets: f332 f488 f485
- f490
    - flags: top simplicial
    - normal:   -0.6045   0.4396  -0.6643
    - offset: -0.0488891
    - vertices: p289(v103) p827(v69) p794(v14)
    - neighboring facets: f406 f492 f491
- f491
    - flags: top simplicial
    - normal:   -0.6954    0.162  -0.7002
    - offset: -0.01682963
    - vertices: p289(v103) p935(v97) p827(v69)
    - neighboring facets: f455 f490 f493
- f492
    - flags: bottom simplicial
    - normal:   -0.7745   0.3108   -0.551
    - offset: -0.0409438
    - vertices: p289(v103) p709(v57) p794(v14)
    - neighboring facets: f252 f490 f493
- f493
    - flags: bottom simplicial
    - normal:   -0.7936   0.2268  -0.5646
    - offset: -0.03095699
    - vertices: p289(v103) p935(v97) p709(v57)
    - neighboring facets: f460 f492 f491
- f494
    - flags: top simplicial
    - normal:    0.8075  -0.2568    0.531
    - offset: -0.0831322
    - vertices: p50(v104) p728(v91) p634(v71)
    - neighboring facets: f425 f495 f502
- f495
    - flags: bottom simplicial
    - normal:    0.9143  -0.2291   0.3341
    - offset: -0.06778585
    - vertices: p50(v104) p597(v100) p634(v71)
    - neighboring facets: f470 f494 f503
- f497
    - flags: bottom simplicial
    - normal:    0.8715   -0.487  -0.0574
    - offset: -0.03406718
    - vertices: p540(v105) p786(v82) p311(v64)
    - neighboring facets: f378 f498 f507
- f498
    - flags: top simplicial
    - normal:    0.8894   -0.454 -0.05364
    - offset: -0.03415672
    - vertices: p540(v105) p597(v100) p311(v64)
    - neighboring facets: f472 f497 f503
- f500
    - flags: top simplicial
    - normal:    0.6598   -0.498   0.5627
    - offset: -0.08488818
    - vertices: p540(v105) p687(v101) p728(v91)
    - neighboring facets: f480 f502 f513
- f502
    - flags: bottom simplicial
    - normal:    0.8322  -0.4046   0.3792
    - offset: -0.07105653
    - vertices: p540(v105) p50(v104) p728(v91)
    - neighboring facets: f494 f500 f503
- f503
    - flags: top simplicial
    - normal:    0.8639  -0.3966   0.3103
    - offset: -0.06549774
    - vertices: p540(v105) p50(v104) p597(v100)
    - neighboring facets: f495 f498 f502
- f506
    - flags: top simplicial
    - normal:    0.7544  -0.6532 -0.06513
    - offset: -0.0340707
    - vertices: p270(v106) p786(v82) p640(v23)
    - neighboring facets: f394 f515 f507
- f507
    - flags: top simplicial
    - normal:    0.8524  -0.5196 -0.05826
    - offset: -0.03419679
    - vertices: p270(v106) p540(v105) p786(v82)
    - neighboring facets: f497 f506 f519
- f511
    - flags: bottom simplicial
    - normal:    0.5264  -0.6831   0.5062
    - offset: -0.08079944
    - vertices: p309(v107) p687(v101) p972(v59)
    - neighboring facets: f479 f512 f513
- f512
    - flags: top simplicial
    - normal:     0.539   -0.823   0.1792
    - offset: -0.05377835
    - vertices: p309(v107) p540(v105) p972(v59)
    - neighboring facets: f518 f511 f513
- f513
    - flags: bottom simplicial
    - normal:    0.6197  -0.6022   0.5033
    - offset: -0.08073012
    - vertices: p309(v107) p540(v105) p687(v101)
    - neighboring facets: f500 f511 f512
- f514
    - flags: bottom simplicial
    - normal:    0.5844  -0.8097 -0.05361
    - offset: -0.03462108
    - vertices: p410(v108) p218(v68) p640(v23)
    - neighboring facets: f393 f515 f517
- f515
    - flags: top simplicial
    - normal:    0.6754  -0.7354 -0.05487
    - offset: -0.0346944
    - vertices: p410(v108) p270(v106) p640(v23)
    - neighboring facets: f506 f514 f519
- f516
    - flags: top simplicial
    - normal:    0.4103  -0.9119 -0.00623
    - offset: -0.03710635
    - vertices: p410(v108) p357(v96) p972(v59)
    - neighboring facets: f452 f518 f517
- f517
    - flags: bottom simplicial
    - normal:    0.4046  -0.9141 -0.02632
    - offset: -0.03532369
    - vertices: p410(v108) p357(v96) p218(v68)
    - neighboring facets: f451 f514 f516
- f518
    - flags: bottom simplicial
    - normal:    0.5349   -0.831   0.1528
    - offset: -0.05141397
    - vertices: p410(v108) p540(v105) p972(v59)
    - neighboring facets: f512 f516 f519
- f519
    - flags: bottom simplicial
    - normal:    0.6389  -0.7681  0.04186
    - offset: -0.04289132
    - vertices: p410(v108) p270(v106) p540(v105)
    - neighboring facets: f507 f518 f515
- f520
    - flags: bottom simplicial tricoplanar keepcentrum
    - owner of normal & centrum is facet f520
    - normal:         0        0        1
    - offset:   -0.09915
    - center: 0.004695353333333332 0.003567697666666666 0.09915 
    - vertices: p428(v77) p446(v19) p417(v9)
    - neighboring facets: f135 f356 f522
- f521
    - flags: bottom simplicial tricoplanar
    - owner of normal & centrum is facet f520
    - normal:         0        0        1
    - offset:   -0.09915
    - center: 0.004695353333333332 0.003567697666666666 0.09915 
    - vertices: p428(v77) p363(v51) p361(v32)
    - neighboring facets: f218 f522 f523
- f522
    - flags: bottom simplicial tricoplanar
    - owner of normal & centrum is facet f520
    - normal:         0        0        1
    - offset:   -0.09915
    - center: 0.004695353333333332 0.003567697666666666 0.09915 
    - vertices: p428(v77) p361(v32) p446(v19)
    - neighboring facets: f129 f520 f521
- f523
    - flags: top simplicial tricoplanar
    - owner of normal & centrum is facet f520
    - normal:         0        0        1
    - offset:   -0.09915
    - center: 0.004695353333333332 0.003567697666666666 0.09915 
    - vertices: p428(v77) p363(v51) p726(v15)
    - neighboring facets: f424 f423 f521
- f526
    - flags: top simplicial tricoplanar keepcentrum
    - owner of normal & centrum is facet f526
    - normal:         0        1        0
    - offset:     -0.125
    - center: 0.0055056325  0.125 0.0669995125 
    - vertices: p310(v89) p870(v36) p141(v16)
    - neighboring facets: f149 f527 f530
- f527
    - flags: top simplicial tricoplanar
    - owner of normal & centrum is facet f526
    - normal:         0        1        0
    - offset:     -0.125
    - center: 0.0055056325  0.125 0.0669995125 
    - vertices: p310(v89) p141(v16) p20(v2)
    - neighboring facets: f120 f528 f526
- f528
    - flags: bottom simplicial tricoplanar
    - owner of normal & centrum is facet f526
    - normal:         0        1        0
    - offset:     -0.125
    - center: 0.0055056325  0.125 0.0669995125 
    - vertices: p310(v89) p845(v49) p20(v2)
    - neighboring facets: f207 f527 f418
- f529
    - flags: top simplicial tricoplanar
    - owner of normal & centrum is facet f526
    - normal:         0        1        0
    - offset:     -0.125
    - center: 0.0055056325  0.125 0.0669995125 
    - vertices: p310(v89) p883(v75) p749(v56)
    - neighboring facets: f339 f530 f531
- f530
    - flags: top simplicial tricoplanar
    - owner of normal & centrum is facet f526
    - normal:         0        1        0
    - offset:     -0.125
    - center: 0.0055056325  0.125 0.0669995125 
    - vertices: p310(v89) p749(v56) p870(v36)
    - neighboring facets: f413 f526 f529
- f531
    - flags: bottom simplicial tricoplanar
    - owner of normal & centrum is facet f526
    - normal:         0        1        0
    - offset:     -0.125
    - center: 0.0055056325  0.125 0.0669995125 
    - vertices: p310(v89) p883(v75) p262(v54)
    - neighboring facets: f340 f421 f529
- f534
    - flags: bottom simplicial tricoplanar keepcentrum
    - owner of normal & centrum is facet f534
    - normal:        -0       -0       -1
    - offset:      0.014
    - center: 0.004240824444444444 0.007734211111111111  0.014 
    - vertices: p316(v95) p801(v67) p862(v24)
    - neighboring facets: f301 f535 f538
- f535
    - flags: top simplicial tricoplanar
    - owner of normal & centrum is facet f534
    - normal:        -0       -0       -1
    - offset:      0.014
    - center: 0.004240824444444444 0.007734211111111111  0.014 
    - vertices: p316(v95) p633(v43) p862(v24)
    - neighboring facets: f188 f534 f536
- f536
    - flags: bottom simplicial tricoplanar
    - owner of normal & centrum is facet f534
    - normal:        -0       -0       -1
    - offset:      0.014
    - center: 0.004240824444444444 0.007734211111111111  0.014 
    - vertices: p316(v95) p633(v43) p670(v13)
    - neighboring facets: f488 f539 f535
- f537
    - flags: top simplicial tricoplanar
    - owner of normal & centrum is facet f534
    - normal:        -0       -0       -1
    - offset:      0.014
    - center: 0.004240824444444444 0.007734211111111111  0.014 
    - vertices: p316(v95) p887(v86) p914(v47)
    - neighboring facets: f405 f449 f540
- f538
    - flags: top simplicial tricoplanar
    - owner of normal & centrum is facet f534
    - normal:        -0       -0       -1
    - offset:      0.014
    - center: 0.004240824444444444 0.007734211111111111  0.014 
    - vertices: p316(v95) p801(v67) p143(v3)
    - neighboring facets: f300 f540 f534
- f539
    - flags: top simplicial tricoplanar
    - owner of normal & centrum is facet f534
    - normal:        -0       -0       -1
    - offset:      0.014
    - center: 0.004240824444444444 0.007734211111111111  0.014 
    - vertices: p316(v95) p934(v84) p670(v13)
    - neighboring facets: f389 f536 f447
- f540
    - flags: bottom simplicial tricoplanar
    - owner of normal & centrum is facet f534
    - normal:        -0       -0       -1
    - offset:      0.014
    - center: 0.004240824444444444 0.007734211111111111  0.014 
    - vertices: p316(v95) p887(v86) p143(v3)
    - neighboring facets: f402 f538 f537
