3
1000 164 246
-0.0163262 -0.1205 -0.0178559 
0.0130251 -0.09666470000000001 0.0409129 
-0.00438749 -0.126756 0.0484593 
0.0289561 -0.0580465 0.0424892 
-0.0205744 -0.0558066 0.0571276 
-0.0111755 -0.06707879999999999 -0.0179977 
-0.023043 -0.128391 0.0142489 
0.0269545 -0.0881791 0.0277871 
-0.0062369 -0.118229 0.0150617 
0.007941729999999999 -0.117692 0.0270674 
0.0131907 -0.0201875 0.04275 
-0.0109753 -0.0343774 0.0571276 
0.0103 -0.0936095 0.0388897 
-0.00439899 -0.0190365 0.04475 
0.0219944 -0.066743 0.04275 
-0.00658937 0.0115967 -0.00783266 
0.00770494 -0.128856 -0.00483546 
-0.00015347 -0.1205 0.0410018 
0.0184813 0.0116703 -0.0151421 
0.010852 -0.1005 0.0273451 
-0.0034528 -0.0308674 0.0648996 
0.0149864 -0.000441304 -0.00735 
-0.000361886 -0.119914 -0.00184894 
-0.0176554 -0.0329621 0.0480829 
-0.0232763 -0.105384 -0.013 
0.0223277 -0.07901039999999999 -0.0051158 
-0.018561 -0.122284 -0.00699409 
-0.0179526 -0.1085 -0.0162995 
-0.0139503 -0.0381217 0.0556028 
0.0156786 -0.115 0.0142366 
-0.00483865 -0.110297 0.0474061 
0.0145006 -0.127027 -0.0198631 
0.00123564 -0.0964793 -0.0245542 
0.0299776 -0.1285 -0.0135283 
0.00777632 -0.12134 0.0203205 
-0.0222157 -0.10202 0.0254957 
-0.009042430000000001 -0.0358283 0.055529 
0.0247795 -0.0692957 0.0203597 
0.0188812 -0.117023 0.0268972 
-0.0255007 -0.0587878 -0.01935 
0.0298157 -0.131841 0.0173283 
-0.014744 -0.064958 0.04275 
-0.0229414 -0.0167012 0.0356475 
0.00393774 -0.0197749 -0.0140737 
-0.0157975 -0.0489302 0.056263 
-0.0310694 -0.1285 0.008707629999999999 
0.0268311 -0.0673025 -0.009731129999999999 
-0.000379895 -0.0425429 0.04703 
-0.00145794 -0.0448284 0.04703 
0.0306333 -0.109899 0.0264481 
-0.0129968 -0.077518 0.0332472 
0.008080220000000001 -0.1072 0.0466854 
-0.0169536 -0.010382 0.03175 
-0.015886 -0.129963 -0.00239036 
0.0228927 -0.108562 -0.0205569 
0.00714797 -0.0487862 -0.01515 
-0.0143854 -0.0437863 0.051789 
-0.009344140000000001 -0.041163 0.04703 
-0.0304959 -0.123587 -0.014538 
-0.0390103 -0.132085 0.00421758 
-0.0155517 -0.121643 -0.00980808 
0.008490849999999999 -0.108071 0.0435883 
-0.000320836 -0.0278842 0.04275 
-0.000895448 -0.123566 -0.0232044 
-0.009650280000000001 -0.123554 -0.0217948 
-0.00365287 0.0216294 0.04475 
-0.0204882 -0.067896 0.0426919 
-0.0202865 -0.092 -0.00135272 
-0.00709678 -0.112216 -0.0170732 
0.0037507 -0.0355701 0.04703 
0.0180729 -0.0343868 0.0587276 
-0.0140342 -0.115055 -0.0152802 
0.0247565 -0.1058 0.0248878 
-0.00222992 -0.06322270000000001 0.037056 
-0.0370649 -0.101355 0.0122505 
0.00454107 -0.0508895 0.060364 
0.0374808 -0.111833 0.0046875 
0.000340532 -0.0270318 0.0340821 
0.0144317 0.0137023 0.04475 
-0.01575 -0.0114555 -0.01965 
0.0127602 -0.0771892 -0.0138777 
0.0352394 -0.117774 0.0210906 
-0.009745709999999999 -0.0551059 0.0539312 
0.0268264 -0.11137 0.0156561 
-0.0251933 -0.110057 -0.0145131 
-0.0176806 -0.0585558 0.0459047 
0.0178976 -0.1085 0.0341649 
0.009901409999999999 -0.1005 0.0274981 
-0.0238704 -0.116411 0.026579 
0.0230068 -0.0944248 -0.009356730000000001 
-0.0118921 -0.0984056 0.0396364 
0.0160903 -0.0375945 0.0571276 
-0.0382478 -0.122431 0.0169021 
-0.0180821 -0.0595451 0.0552378 
-0.0190119 -0.0498803 0.050243 
-0.0266971 -0.109656 0.0367185 
-0.0144006 -0.0381652 0.044489 
0.0274406 -0.06894790000000001 0.0260563 
-0.0375305 -0.06276420000000001 -0.00338073 
-0.010856 -0.0544594 0.04275 
-0.0242186 -0.0651742 0.04275 
0.00258997 -0.0445947 0.0587276 
0.0269672 -0.127451 0.00179774 
0.0275041 -0.0641292 -0.00277838 
0.00181331 -0.1098 0.0446974 
0.008187470000000001 -0.0367565 0.050589 
0.0069974 -0.06622309999999999 -0.0193287 
0.0138164 -0.0105652 -0.009656140000000001 
-0.00492833 -0.0593749 0.04275 
-0.0214427 -0.125285 -0.0030337 
-0.0345838 -0.0846592 0.0112206 
-0.00130152 -0.117896 0.0290509 
-0.0292597 -0.1023 0.00403674 
0.00703132 0.0223061 0.0432272 
0.00496184 -0.040064 0.055529 
-0.0147472 -0.0428401 0.058099 
0.0134217 -0.11891 0.0367396 
0.00391607 -0.0468229 0.0624145 
-0.00014773  -0.08 0.0357784 
0.0228749 -0.0598304 -0.0120895 
0.0234863 -0.103997 0.0315436 
-0.0207226 -0.0339722 -0.01965 
-0.0167506 -0.121282 -0.0253486 
-0.00781871 -0.10947 0.0355657 
0.0366971 -0.0606045 0.0261749 
4.32913e-05 -0.122087 0.0186915 
0.0001122 -0.064 -0.0196631 
0.0230301 -0.107478 -0.0164408 
-0.0286493 -0.0431237 0.0425606 
-0.00134797 -0.0555413 0.0445927 
0.00334645 -0.0345759 0.04275 
0.0275773 -0.130041 0.0379955 
-0.0193928 -0.021006 0.0356922 
-0.0347031 -0.120753 -0.007819919999999999 
-0.0144546 -0.103226 -0.0139498 
0.0151395 -0.0460007 0.0587276 
0.0243028 -0.1205 0.0184665 
0.0249646 -0.128335 0.00736029 
0.0172257 -0.0608109 -0.0196554 
0.0177089 -0.123273 -0.00785772 
0.00478101 -0.127974 -0.0147833 
0.0113392 -0.0313247 0.0643692 
-0.00604714 -0.0595451 0.0436622 
-0.0204754 -0.0881654 -0.00265296 
-0.0348366 -0.1072 0.0178566 
0.0280143 -0.1093 0.00379419 
-0.0113635 -0.113121 0.0373887 
-0.00112864 -0.1285 0.0430905 
-0.00170925 -0.0151419 0.0424137 
0.0160831 -0.0175743 -0.01965 
0.00725294 -0.0119273 -0.00735 
-0.0362596 -0.0601806 0.0274512 
0.0201932 -0.0548006 0.0333944 
0.009975639999999999 -0.122072 -0.0216967 
0.00252716 -0.13229 0.04501 
-0.0187245 -0.09246840000000001 0.0362545 
0.0147851 -0.08452229999999999 0.039441 
-0.0192541 -0.0520252 0.04275 
0.0296555 -0.1085 0.026912 
-0.0176249 -0.0412895 0.048338 
0.029528 -0.0905831 -0.000656342 
-0.0285047 -0.122183 -0.00685546 
0.00340141 -0.0920792 -0.0220173 
0.00739241 -0.0902265 0.0400992 
-0.00918099 -0.0874552 -0.0133415 
-0.0218032 -0.101067 -0.00240681 
0.0242189  -0.08 -0.00114493 
-0.0209102 -0.092 0.00187023 
-0.0054156 -0.125077 0.0186513 
0.0123864 -0.113067 -0.0185171 
0.0206878 -0.010882 0.0444718 
0.0150331 -0.0678832 -0.0166957 
0.0102742 -0.0462821 0.0587276 
0.00511507 -0.0595464 0.0581974 
0.0277079 -0.0953575 -0.0005881 
0.033198 -0.07305540000000001 0.026053 
-0.0339152 -0.0622843 0.0192738 
-0.0268989 -0.113769 0.00115979 
-0.0107742 -0.120995 -0.0169678 
-0.0167122 -0.09854830000000001 -0.0215859 
0.00987682 -0.123754 0.0327137 
0.0326457 -0.0520866 0.0369148 
-0.00179379 -0.0410327 0.056529 
-0.0223083 -0.0560114 0.0592011 
0.0101314 -0.0456672 0.04703 
0.0191633 -0.101198 -0.0132006 
0.0222592 -0.1165 0.000281022 
-0.00559885 -0.0654354 0.04275 
-0.0218286 -0.10341 -0.0137457 
0.0239304 -0.0562999 -0.0186987 
0.00350521 -0.0255014 0.04275 
0.00709214 0.0152889 -0.00735 
0.00692764 -0.1165 -0.0018929 
0.009720410000000001 -0.123876 0.0136831 
-0.0178191 -0.0479123 0.054329 
0.0147567 -0.0312947 -0.01515 
-0.0104341 -0.1165 0.00800291 
0.008546130000000001 -0.0695064 -0.0190063 
0.00997525 0.0159448 0.032585 
-0.0367444 -0.125781 0.0226347 
0.00123321 0.0268191 0.0339647 
0.00393691 -0.0545722 0.04275 
0.0226907 -0.125184 0.0201463 
0.0104545 -0.099 0.026676 
-0.00663591 -0.1285 -0.0209061 
-0.0132534 -0.130702 -0.0176534 
-0.0109471 -0.00473258 -0.0158946 
-0.0130278 -0.1315 0.0215081 
-0.0323821 -0.1085 -0.0016968 
0.0257571 -0.126088 -0.00401745 
0.0224444 -0.0774069 -0.00499503 
-0.0228701 -0.0624849 -0.012044 
-0.0262218 -0.112518 0.000543954 
-0.00228807 -0.0379034 0.0467893 
-0.0310925 -0.063138 0.000695981 
-0.0190993 -0.12081 0.0330608 
0.0073248 -0.0462046 0.0632996 
0.00459906 -0.122638 0.00209411 
-0.00181056 -0.1285 -0.0105083 
-0.008159700000000001 -0.1023 -0.0230577 
-0.0214336 -0.0183426 -0.01515 
0.0333368 -0.0660791 0.0104313 
-0.0348255 -0.129563 0.00266827 
0.0132836 -0.116112 -0.0249022 
0.0241221 -0.08151899999999999 0.0309394 
-0.0305992 -0.132302 0.0159853 
-0.000344176 -0.0524458 0.0587276 
-0.013006 -0.0579337 0.0455798 
0.0249525 -0.12517 0.019759 
-0.00482052 -0.0873567 0.0340806 
-0.0103786 -0.0506865 0.055529 
0.0215872 -0.0620203 -0.0152124 
-0.0200295 -0.0934873 0.0352645 
0.0299385 -0.06859990000000001 0.0407681 
0.00624521 -0.122825 -0.0286194 
-0.00426197 -0.083659 -0.0212324 
-0.0262518 -0.1072 -0.0149206 
-0.0207209 -0.0815848 -0.00392728 
0.0143354 -0.0271964 0.04275 
0.00740652 -0.0358376 0.0467819 
-0.0185607 -0.0500193 0.0615365 
0.008856589999999999 -0.1235 0.0134399 
0.0217047 -0.0619499 -0.0153734 
0.0318237 -0.122942 0.0180861 
0.0174393 -0.0674273 -0.01935 
-0.00597653 -0.0460883 -0.01515 
-0.0178594 0.014998 0.0429557 
0.00838266 -0.122912 -0.00996202 
0.0262785 -0.127485 0.0385197 
-0.0176337 0.0138385 0.04475 
-0.0186468 -0.099 0.0184792 
0.0312518 -0.1285 -0.0124926 
-0.0322174 -0.1085 0.00525161 
0.0278475 -0.108605 0.00252156 
0.0258068 -0.0796617 0.0305702 
-0.0102812 -0.0474313 0.0587276 
0.0251889 -0.0263281 0.03575 
-0.0247516 -0.123911 0.0131467 
0.00568013 -0.0521078 -0.0152413 
0.00123652 -0.1315 -0.00817098 
-0.00258483 -0.066054 -0.020134 
-0.0070759 -0.117549 0.0316562 
-0.0172453 -0.0333098 0.0641476 
0.0173044 -0.1205 -0.0155614 
0.0184615 -0.0241823 -0.01515 
0.0226228 -0.108158 0.0364427 
-0.0247707 -0.0444003 0.0584605 
0.0296411 -0.110034 0.00582558 
0.0243123 -0.131655 -0.008902119999999999 
-0.0178552 -0.1085 -0.017563 
0.0281372 -0.12958 0.0213101 
0.0193015 -0.0998078 0.0077982 
-0.0270055 -0.1205 0.0231168 
-0.0201184 -0.06518640000000001 -0.01665 
0.000334117 -0.0671678 -0.0230366 
0.0158852 -0.0434467 0.04275 
-0.00285732 -0.0546212 0.0571276 
-0.0226948 -0.1005 0.0165101 
0.0271278 -0.0990786 0.000614154 
-0.00889651 -0.125195 -0.021892 
0.0319352 -0.0705679 0.0100851 
0.0226543 -0.126449 0.0264184 
-0.0326128 -0.121322 0.0308985 
-0.000186105 -0.08665639999999999 0.0422305 
0.00441987 -0.0595418 0.051789 
0.0173816 -0.00402508 -0.0139203 
-0.0184852 -0.096181 8.74156e-05 
-0.0231716 -0.110734 0.0393969 
0.0211951 -0.024956 -0.01965 
-0.000850719 -0.115648 -0.008839130000000001 
0.0248357 -0.0808997 -0.0111239 
0.0299129 -0.117351 -0.01203 
-0.0126533 -0.1205 0.0398695 
-0.0114866 -0.0347706 0.0587276 
-0.0327886 -0.0618161 -0.00549156 
0.00381911 -0.128239 0.038095 
-0.0236146 -0.104402 -0.0199932 
-0.0105105 -0.0404941 0.0458706 
0.00639172 -0.1205 0.0396964 
-0.0396889 -0.0676249 0.0134219 
-0.0106426 -0.1275 0.009298850000000001 
-0.0152806 -0.0693595 -0.0201518 
-0.0133058 -0.0672604 -0.0170927 
0.0112958 -0.121357 0.0469475 
0.0169688 -0.1285 0.043946 
-0.00431469 -0.0586757 0.04275 
-0.00760213 -0.123747 -0.0161338 
0.0122139 -0.0982316 0.0268096 
0.0144367 -0.1285 -0.0211297 
-0.0210288 -0.072565 0.0266089 
-0.0190718 -0.0311365 0.062206 
-0.0232659 -0.124819 0.0124515 
0.0128404 -0.129647 0.025062 
0.00469781 -0.0702821 -0.0228769 
-0.0137552 -0.1205 -0.0170726 
0.0271922 -0.0649787 -0.0082135 
0.0146379 -0.1058 0.0383032 
0.0114408 -0.0405042 0.0597182 
0.01352 -0.0441948 0.051789 
-0.0162393 -0.113828 -0.013512 
-0.0051311 -0.0853855 0.0404102 
-0.0194338 -0.0389813 0.0571276 
-0.0051651 -0.0496408 0.044489 
-0.0197524 0.00686827 0.03175 
0.0107222 -0.0552668 0.0587276 
0.00657507 -0.1085 0.0360739 
-0.0280149 -0.120902 0.0167356 
-0.0224184 -0.1285 -0.0122259 
-0.0193012 -0.1165 0.0246797 
-0.0156101 -0.0460603 0.04783 
-0.0299297 -0.0278018 0.038215 
-0.0273851 -0.0215474 0.04275 
-0.0360998 -0.116585 0.00137901 
0.0274239 -0.1205 -0.000946418 
0.0220661 -0.110945 0.0258568 
0.0273606 -0.123077 0.0373805 
-0.0359233 -0.0751671 0.0108966 
0.0209958 -0.1205 -0.0051383 
-0.00326294 0.0117393 -0.00988062 
0.0147936 -0.128378 0.029326 
-0.00392705 -0.0314099 0.051789 
-0.00506179 -0.0860271 -0.0145345 
0.0122118 -0.042567 0.0451208 
0.0158789 -0.0215952 0.0327971 
-0.0132067 -0.0660278 -0.0171343 
0.0289603 -0.1085 0.0186611 
-0.00535933 0.0250638 0.03175 
0.0033659 -0.103339 0.0474687 
0.0296243 -0.0260545 0.0385561 
-0.0349951 -0.0920417 0.009564430000000001 
0.0293899 -0.0310615 0.0416889 
-0.0214407 -0.0115066 0.03175 
-0.0197088 -0.1108 -0.0202561 
0.0272398 -0.110131 0.0361767 
0.0142158 -0.128977 0.0237934 
-0.0293441 -0.06271259999999999 0.0253336 
-0.0197351 -0.120947 0.00157269 
-0.0369717 -0.1325 -0.00219789 
0.0300979 -0.089971 -0.00536878 
-0.0207268 -0.0817671 0.0341604 
-0.00165895 0.0118055 -0.0158092 
-0.0101285 -0.1023 0.0427238 
0.0123634 -0.0697091 0.04275 
-0.00713237 -0.1023 0.0445987 
-0.000819545 -0.0383412 0.04275 
-0.0235483 -0.123538 0.0180965 
0.0214051 -0.124775 0.0226631 
-0.0364361 -0.103334 -0.000670487 
0.036297 -0.1285 0.0195886 
0.0152204 -0.051129 0.0353416 
0.000492452 -0.0545214 0.056679 
-0.007969520000000001 -0.0578727 0.04275 
-0.0114818 -0.1285 0.0450357 
-0.005089 -0.0478719 0.056529 
0.013963 0.016924 0.04475 
-0.008798220000000001 -0.0435574 0.0571276 
-0.017993 -0.0543133 0.0499095 
0.0126101 -0.0362837 0.0587276 
-0.0357784 -0.131186 0.00263383 
-0.0214424 -0.0546496 0.04275 
-0.0281025 -0.1325 -0.00816995 
-0.0239202 -0.1285 0.038677 
0.0261052 -0.1205 0.0234446 
-0.0162498 -0.06875340000000001 -0.01665 
0.012742 -0.121004 0.0369813 
-0.0198589 0.0172194 0.03175 
0.0312139 -0.117681 -0.00989949 
-0.0231407 -0.0435504 0.0611869 
0.020097 -0.0976012 -0.0159899 
-0.0119723 -0.0326399 -0.01965 
0.0246547 -0.108913 0.0246297 
-0.0220208 -0.120047 -0.0115235 
0.0131337 -0.0925909 -0.00645056 
-0.009929779999999999 -0.0823092 0.0324891 
0.0162127 0.0107211 0.04475 
-0.00752477 -0.115 0.0257798 
-0.0139503 -0.0376013 0.0561317 
-0.00682631 -0.0365959 0.0539402 
-0.0202239 -0.107543 -0.0186747 
0.00283656 -0.130385 0.0295413 
-0.00754141 -0.086537 -0.0203119 
-0.0192486 -0.121631 0.0256901 
-0.0283964 -0.093294 0.0286462 
0.0136347 -0.0534087 0.04449 
-0.0247707 -0.054773 0.0575711 
0.00396455 -0.0146932 0.0390009 
-0.0109626 -0.0504411 0.050589 
-0.008598669999999999 -0.111967 -0.0270956 
-0.0176904 0.0055495 -0.01395 
-0.00323539 -0.119054 -0.0022272 
0.00674786 -0.0496605 0.050589 
0.0345927 -0.1285 0.0100443 
0.0294212 -0.107501 -0.00896275 
-0.0287518 -0.0182581 0.0382618 
-0.000595997 -0.0518343 0.044489 
0.0241856 -0.0620596 -0.0162145 
0.0088275 -0.0519215 0.0531112 
-0.00437157 -0.09711839999999999 0.0431338 
0.000736507 -0.0973774 0.0306534 
0.0148633 -0.0201725 0.04275 
-0.00807108 -0.116712 0.00597991 
0.0222055 -0.07815809999999999 -0.0053185 
0.023136 -0.122966 -0.013598 
-0.0232957 -0.0320695 0.06285549999999999 
-0.0308716 -0.0454881 0.0410449 
-0.0241889 -0.1005 0.011523 
0.0176621 -0.01807 -0.01965 
-0.00625657 -0.117584 0.000267839 
-0.0259332 -0.09030050000000001 -0.00844144 
0.0349215 -0.107239 -0.0051034 
-0.0172745 -0.0438984 0.0571276 
0.00760638 -0.114276 -0.0177297 
0.009312040000000001 -0.1235 0.0109181 
-0.0159832 -0.1058 -0.0140013 
-0.00690052 -0.0511564 0.0600276 
0.0293909 -0.117141 0.0322532 
0.00348046 -0.116248 0.0467282 
0.0135537 0.0193301 0.03175 
-0.0299347 -0.0840553 0.000857241 
0.00513219 -0.0993791 0.0285121 
-0.0188844 -0.0460404 0.0346325 
-0.0187591 -0.11371 -0.0113735 
0.0277084 -0.053669 0.0594396 
-0.00352529 -0.1058 0.0429394 
-0.0191827 -0.0586608 0.043755 
0.0252486 -0.102 0.0007609649999999999 
0.0255199 -0.07009849999999999 0.00105641 
-0.0288687 -0.0291452 0.0357605 
-0.0134672 -0.0500669 -0.01965 
-0.0282138 -0.125689 0.0127365 
0.0278262 -0.122372 0.00205263 
0.0191354 -0.119335 -0.0138407 
0.0272859 -0.0102417 0.0400661 
-0.03281 -0.126028 0.0127332 
-0.0142631 -0.0226216 0.0325407 
-0.00355634 -0.0576081 0.055529 
-0.0197445 -0.0679521 -0.0110096 
0.0208529 -0.124228 0.0260546 
-0.00227357 -0.0375833 0.0455219 
0.00100617 -0.0159231 0.0428321 
0.0201811 -0.102264 -0.0153464 
-0.0240841 -0.109166 -0.00368509 
0.0321928 -0.0631583 0.0381499 
0.0179703 -0.0262646 -0.01965 
-0.000463607 -0.128029 -0.0183774 
0.0311651 -0.127547 -0.00103837 
-0.0190177 -0.00499778 -0.01395 
-0.0352838 -0.1285 0.0232097 
-0.0220554 -0.102 -0.00500358 
0.008711699999999999 -0.121209 0.0190094 
0.00662425 -0.0635582 0.0364251 
-0.0235497 -0.0871666 0.0176466 
-0.0271883 -0.122959 0.0205547 
-0.0283552 -0.126528 0.0141357 
0.0176315 -0.09048970000000001 -0.0172863 
0.0268811 -0.0761806 0.0112718 
0.00720279 -0.0341434 0.0587276 
0.0255911 -0.11715 0.00959868 
0.0353991 -0.06303449999999999 0.0152525 
-0.00406027 -0.0575588 0.051789 
0.0239758 -0.130459 -0.009050910000000001 
0.0129587 -0.0536048 0.0554881 
-0.00985435 -0.0806697 -0.0212642 
-0.0237666 -0.126576 0.00222951 
-0.0254054 -0.111823 0.0377462 
-0.0221637 -0.08847389999999999 -0.0119551 
0.0114304 -0.0160971 -0.01395 
-0.0118461 -0.0486784 0.0455481 
0.0115791 -0.08010730000000001 0.0405154 
0.0335475 -0.0588787 0.0339054 
0.0249821 -0.053202 -0.01515 
0.0190013 -0.121713 0.036724 
0.0290716 -0.1108 -0.0104125 
-0.0229111 -0.12424 0.0196554 
0.00579998 -0.129641 0.043756 
0.009207419999999999 -0.0351326 0.0466836 
0.0293847 -0.1219 0.0127025 
0.0229582 -0.0506461 -0.014777 
0.0181567 -0.0357548 0.0571276 
-0.0327856 -0.12424 0.00652516 
0.0308828 -0.0513912 0.0300393 
-0.00141426 -0.124181 0.0426422 
-0.000850462 -0.110963 0.0476057 
0.00985195 -0.0351535 0.0463912 
-0.0158744 -0.026675 0.03575 
-0.0157482 0.021319 0.0374451 
0.012757 -0.0299711 0.051789 
-0.0356797 -0.131703 0.0173747 
0.00363887 0.022824 0.0446469 
0.0067708 -0.101478 0.0370736 
0.0157849 -0.128632 -0.00251437 
-0.00185146 -0.0350008 0.04783 
0.0330571 -0.0745667 0.0243357 
-0.0151675 -0.115 0.0174545 
0.0147763 -0.126561 0.0298808 
-0.0338422 -0.1072 -0.000279236 
0.009198599999999999 -0.0564342 0.054289 
0.0304343 -0.0879363 0.00423597 
-0.0258817 -0.0233511 0.04275 
0.0228271 0.0110348 0.03175 
-0.0207052 -0.104373 0.0306998 
0.0378996 -0.118582 0.0104153 
0.0044448 -0.1205 -0.0159764 
-0.0318889 -0.12083 0.018073 
0.00669057 -0.0687358 -0.0163941 
0.00349206 -0.0499964 0.0635897 
-0.0220381 -0.123371 0.0419018 
0.00519266 -0.0533198 -0.0197512 
-0.00829559 -0.051573 0.0619756 
-0.0161659 0.0155864 0.03175 
0.0111894 -0.128704 0.0472637 
0.0318838 -0.109366 0.0303398 
-0.0129164 -0.105221 0.0454078 
0.0271036 -0.132195 0.0331636 
0.0236056 0.00909953 0.0420669 
0.0139636 -0.092 -0.00784406 
0.0137668 -0.0394562 0.0605057 
-0.0270693 -0.131673 -0.00466942 
-0.0324798 -0.0597513 0.0374502 
-0.00125434 -0.0295451 0.0471834 
0.0173021 -0.130843 0.0348546 
-0.00655844 -0.1005 -0.00866607 
-0.014668 -0.0100466 -0.01395 
0.00165159 0.0181359 0.036003 
-0.0021691 -0.1093 0.037751 
0.0251082 -0.1085 -0.0135261 
-0.0123179 0.0232927 0.0381716 
0.0120762 -0.0577517 0.045361 
0.0263383 -0.120565 -0.000137011 
0.0151742 -0.037974 0.04275 
0.0146037 -0.0379031 -0.01965 
0.0173337 -0.128038 -0.00826414 
-0.0144813 -0.107297 0.0414973 
-0.00749927 -0.117645 -0.00084797 
-0.000183418 -0.0425745 -0.01515 
-0.0291967 -0.1085 0.0138715 
0.0117476 0.00234018 -0.0104147 
-0.0281913 -0.09341339999999999 0.00132911 
-0.0246703 -0.0348478 0.0571276 
0.0233845 -0.121253 -0.0059114 
-0.00522095 -0.0173782 -0.01965 
-0.0378187 -0.120818 0.00071361 
0.0143996 -0.09393120000000001 -0.00526832 
-0.0185882 -0.0590418 0.0571276 
0.035696 -0.0602107 0.0246744 
-0.024467 -0.1285 -0.00660513 
0.0272357 -0.114558 0.0352853 
0.00182675 -0.0155925 -0.01965 
-0.0249643 -0.120925 0.00897039 
0.00114678 -0.1325 0.047603 
-0.0281945 -0.0763915 0.0306064 
-0.012595 -0.0925782 -0.00682482 
-0.0236969 -0.121386 0.0282342 
-0.00472553 -0.0399462 0.055529 
-0.0238398 -0.09077639999999999 0.010967 
0.0129444 -0.0427174 0.0521139 
0.0247359 -0.13219 -0.0207661 
-0.0147461 -0.0341002 0.0579598 
-0.0267502 -0.1271 -0.00313414 
-0.0225434 -0.00931155 0.03175 
0.0117352 -0.0396959 0.04703 
-0.0148534 -0.0421156 0.044489 
-0.0313515 -0.10089 0.0145885 
0.00395609 -0.127393 0.0381964 
-0.009099110000000001 -0.0417575 0.055529 
-0.0100569 -0.0424229 -0.01515 
-0.0115215 -0.00329031 -0.0175838 
0.0302028 -0.0859833 -0.007934190000000001 
-0.0327272 -0.12472 0.0136292 
-0.0308172 -0.132395 0.0166634 
0.0256653 -0.1205 0.0294534 
-0.029928 -0.13233 0.000399783 
0.00143701 -0.0441959 -0.01515 
-0.0368705 -0.110578 0.00103452 
0.0382394 -0.1285 0.00741573 
0.008881 0.0228839 0.04275 
0.0079665 -0.0373827 0.04783 
0.0216781 -0.130424 -0.0206633 
-0.0182564 -0.0587016 0.0587276 
0.0005412 -0.115 0.0271466 
0.0257035 -0.114139 0.0219227 
-0.00956212 -0.1285 -0.0238194 
-0.018194 -0.0508479 0.034613 
0.0018513 -0.1315 -0.00909862 
0.0141421 -0.0358578 0.04449 
0.018416 -0.130128 0.0175059 
-0.0241593 -0.0517362 0.0600276 
-0.00931793 0.0241869 0.0396595 
0.0200061 -0.12309 -0.016361 
0.0039088 -0.0860313 -0.0209728 
-0.00584139 -0.1285 -0.0255044 
-0.0206557  -0.08 -0.00603494 
0.0104482 -0.0434466 0.0571276 
0.0276506 -0.0539361 -0.0120883 
-0.0177821 -0.0492283 0.048353 
-0.0264694 -0.070772 -0.0186906 
0.00851347 -0.0327421 0.03575 
0.0363751 -0.06576319999999999 -0.008513639999999999 
0.0213531 -0.1205 0.0235792 
0.0260978 -0.123583 -0.0191389 
-0.0188215 -0.0593795 0.0336487 
0.0101751 -0.128775 -0.0254559 
-0.0028184 -0.112907 0.037624 
-0.0310901 -0.0523551 -0.01515 
0.0130669 -0.0560682 0.0485065 
-0.0220225 -0.1005 0.00254497 
-0.0257742 -0.125735 0.0242112 
-0.0117964 -0.0491133 0.055529 
-0.0234485 -0.0441714 0.0587768 
-0.00351833 -0.0267135 -0.01965 
-0.0240442 -0.067958 -0.00330809 
0.0258933 -0.0147093 0.04275 
-0.009629479999999999 -0.0692738 0.0349706 
-0.0206243 -0.1058 0.0292271 
-0.00668325 -0.06981329999999999 0.0358876 
0.00523715 -0.064 -0.0171523 
-0.00875017 -0.0554383 0.056529 
-0.00996169 -0.117346 0.0376318 
-0.0073001 -0.0394358 0.04275 
0.0165218 -0.1058 0.0336372 
0.0217026 -0.1285 0.0109406 
-0.0372633 -0.115551 0.009854750000000001 
-0.0173905 -0.121479 -0.00814871 
0.0171427 -0.1058 -0.0144076 
-0.0108915 -0.0552106 -0.0154252 
-0.0366258 -0.0631293 -0.00763679 
-0.00847436 -0.123106 0.00685362 
0.0189518 -0.127974 0.0314004 
0.0139212 -0.101156 -0.0230176 
0.00796124 -0.128025 -0.0222412 
-0.00315689 -0.11809 0.0394788 
0.00493834 -0.092 -0.0122919 
-0.00460927 -0.1315 -0.008544339999999999 
-0.0314295 -0.0517651 -0.0192508 
0.00106607 -0.0557774 0.0598236 
0.0173132 -0.0398583 0.0603713 
0.0274492 -0.127404 0.0015944 
0.0367693 -0.112086 0.0181905 
-0.0217737 -0.0586937 -0.01515 
-0.00158082 -0.119055 -0.0285333 
0.0291547 -0.0671418 0.0128326 
0.0136043 0.00623531 0.0407271 
-0.00654716 -0.0500123 -0.01965 
0.00183324 -0.119219 -0.0204226 
-0.0308898 -0.101369 -0.0109033 
-0.019717 -0.00818352 0.03175 
0.0281359 -0.0571995 0.042653 
-0.0147043 -0.0515625 0.04703 
-0.0284624 -0.1219 0.0181558 
-0.0134932 -0.0594207 -0.01515 
-0.00393763 -0.1058 0.0408854 
0.0233812 -0.0898955 0.0303709 
0.0303378 -0.084712 0.0167374 
0.0210724 -0.0829385 0.0331507 
0.00416144 -0.121726 0.0329404 
-0.0133082 -0.120666 0.0353277 
0.0169982 -0.107257 0.040316 
-0.0121188 -0.08762789999999999 0.0314591 
0.0249324 -0.0399685 -0.01515 
0.00245009 -0.1005 0.0334643 
-0.0286043 -0.130099 0.0369761 
0.00125078 -0.106971 -0.0251542 
-0.0232855 -0.120548 0.0327372 
-0.00737199 -0.0651592 0.0361899 
-0.0368535 -0.102689 0.00148645 
0.000116953 -0.115 0.0267661 
-0.0130877 -0.1325 -0.0199651 
-0.0305493 -0.0998802 0.0293737 
-0.009637440000000001 -0.128522 0.0388433 
-0.0205119 -0.125355 0.0175473 
-0.00474355 -0.0384854 0.056529 
-0.0177116 -0.0343835 0.0504326 
-0.0300031 -0.0853844 0.0248439 
0.00174519 -0.0493438 0.04703 
0.0259729 -0.0790913 -0.0112668 
-0.0185607 -0.0448477 0.0622245 
-0.00297949 -0.108655 0.0384599 
0.00294882 -0.12369 -0.0150316 
0.0178344 -0.0580068 0.0343116 
-0.0173761 -0.117672 0.0185938 
-0.0101508 -0.0470295 0.0587276 
0.0171677 -0.125007 -0.008419289999999999 
-0.0109323 -0.0846901 -0.0125174 
0.0345552 -0.111269 0.0251246 
-0.0271848 -0.07000000000000001 -0.0180234 
-0.0256752 0.0061306 0.0377387 
-0.0190453 -0.0134524 0.0432481 
0.0130564 -0.1085 -0.0192379 
-0.008650969999999999 -0.056224 0.055529 
-0.0182607 -0.116462 0.00235759 
0.000216696 -0.1072 0.0448221 
0.0316999 -0.04137 0.0377943 
-0.008900659999999999 -0.064 -0.01803 
0.0026187 -0.0701032 0.0365916 
0.030524 -0.1285 0.0293727 
0.0351855 -0.0972653 0.011265 
-0.00287722 0.0197644 0.04475 
-0.00591761 -0.04905 0.050589 
0.0244866 -0.11835 0.0383174 
-0.0043291 -0.121667 0.0343385 
-0.0268159 -0.1325 0.0375376 
0.00481874 -0.0399719 0.0361083 
-0.0210403 -0.12395 0.0350013 
0.0232364 -0.1285 0.00208472 
0.0133223 -0.0557924 0.044489 
-0.026122 -0.0820183 -0.009015459999999999 
-0.0122493 -0.1023 0.0408056 
-0.000932718 -0.0313679 0.0571276 
-0.0305353 -0.0918996 0.018582 
0.0152081 -0.00202817 -0.00735 
0.0102065 -0.1072 0.0435538 
0.0134907 -0.0970126 -0.0061171 
0.0112701 -0.0422643 0.0598263 
0.0287597 -0.12677 0.0120864 
-0.016047 -0.0360901 0.059441 
0.0323118 -0.125691 0.0163401 
-0.0145164 -0.0297124 0.04703 
0.00112469 -0.0346732 0.04275 
-0.0171852 -0.09469909999999999 0.0402287 
-0.00630337 -0.1285 -0.0242181 
-0.00355581 -0.0602647 -0.0214016 
0.0163305 -0.1285 -0.015897 
0.0221987 0.0007981 -0.0165615 
0.0298596 -0.032242 0.0359237 
0.0255341 -0.109701 0.0181843 
0.0198605 -0.0950111 -0.009745449999999999 
0.0201001 -0.1085 0.0362396 
0.0272141 -0.1058 -0.000444628 
-0.00994332 -0.1085 -0.0222645 
-0.00378853 -0.036786 0.0632996 
-0.00832957 -0.1219 -0.0187836 
-0.0157753 -0.127396 0.0353349 
0.0310217 -0.122805 0.0209104 
0.0355974 -0.0692797 0.0267963 
0.0211215 -0.122914 0.00588754 
-0.00502116 -0.123713 0.0188692 
0.0239801 -0.098652 -0.009677649999999999 
-0.018525 -0.114447 -0.0135433 
-0.008012500000000001 -0.08063919999999999 -0.0217885 
0.00451247 -0.122239 0.0020282 
0.0146627 -0.1285 -0.0258561 
0.020582 -0.0318721 0.0587276 
-0.0332737 -0.1085 0.0161078 
-0.0233051 -0.131939 0.0371235 
-0.000208925 -0.053619 0.0603727 
0.0120438 -0.123796 0.0467037 
0.0254684 -0.11411 -0.00974862 
-0.0325 -0.125931 0.00456922 
-0.0317439 -0.08789370000000001 0.0121406 
0.0126171 -0.0453691 0.04783 
0.0221625 -0.064735 -0.01665 
-0.00716851 -0.0505755 0.0542154 
0.0187073 -0.07000000000000001 -0.0192065 
0.0204628 -0.0420108 0.0605383 
-0.0042992 -0.102 0.0357037 
-0.00866259 -0.0440692 -0.01515 
-0.0324536 -0.0573037 -0.0170597 
0.0325406 -0.0722235 0.0283811 
-0.0130527 -0.13044 0.03722 
0.0129415 -0.0494544 0.051789 
0.0205828 -0.0302063 0.0571276 
-0.0273765 -0.128475 0.00320711 
-0.0220191 -0.0317365 0.0604903 
0.0141642 -0.0388095 0.0458548 
-0.008957110000000001 -0.11235 -0.0269399 
0.0196396 0.009850350000000001 -0.0175443 
0.0142818 -0.130007 -0.00424263 
-0.024307 -0.102 0.0215312 
-0.0368527 -0.111302 0.0182266 
0.0176682 -0.038493 0.0353037 
-0.0291612 -0.0987475 0.0302714 
0.022242 -0.0175088 -0.0195845 
0.00562382 -0.0731487 0.04275 
0.0149797 -0.0320304 0.0456091 
0.0309562 -0.0361278 0.0605357 
0.0350872 -0.1103 -0.00473779 
0.00265021 -0.0270427 -0.01515 
-0.00347922 -0.0249958 0.04275 
0.014245 -0.108167 -0.0221057 
0.00966678 -0.123252 -0.0133035 
-0.00312085 -0.0326139 0.055529 
-0.0232003 -0.1058 -0.00704065 
-0.000376184 -0.0383273 0.054329 
-0.0289075 -0.08339679999999999 -0.0025729 
-0.0182724 -0.12376 0.0295463 
0.0285951 -0.1285 0.0283347 
0.029761 -0.12169 0.0144792 
-0.00506741 -0.0969515 0.0386131 
0.0299999 -0.0282076 0.0381385 
0.0126518 -0.0330676 0.044349 
-0.0276709 -0.0572369 -0.01515 
0.0105203 -0.0249656 -0.01515 
6.13088e-05 -0.06947059999999999 -0.0232295 
-0.00213138 -0.1058 -0.0213902 
-0.0169595 -0.0399491 0.04275 
0.0386355 -0.07015739999999999 0.0115947 
-0.0239254 -0.126369 0.0168866 
0.0241226 -0.126611 0.0256309 
-0.00182343 -0.047076 0.0587276 
-0.0132029 -0.0580628 0.054329 
-0.0231407 -0.0476002 0.0604363 
-0.0296357 -0.107679 -0.00876043 
0.0263744 -0.049204 -0.01965 
-0.0021036 -0.0268242 0.0334745 
0.0333846 -0.1325 0.00726947 
-0.000765655 -0.11679 -0.000760568 
-0.0207659 -0.0925636 0.008046569999999999 
0.00068498 -0.102544 0.0376031 
0.0292092 -0.0622643 -0.00661136 
0.0159142 -0.0574453 0.04275 
0.00491513 -0.124172 -0.0147606 
-0.0118021 -0.092 -0.0103568 
0.00425529 -0.0580572 0.0368796 
-0.0204134 -0.120747 -0.00968779 
0.0276767 -0.1085 0.0238416 
-0.0171667 -0.00639386 -0.01965 
-0.0351749 -0.112034 -0.00399803 
-0.0329701 -0.0539331 0.0358272 
-0.00323667 -0.120068 -0.00221581 
0.0196436 -0.0985171 0.0167525 
0.0261624 -0.09628349999999999 0.0299472 
-0.0341408 -0.128283 0.0284779 
0.0200313 -0.127332 -0.0126638 
-0.0136575 -0.0375035 0.054231 
0.0314479 -0.102543 0.00208431 
0.00591387 -0.0350156 0.0648996 
-0.0267517 -0.0652605 -0.01665 
0.0264401 -0.1115 0.00250113 
0.0360918 -0.108766 -0.00213606 
0.0392492 -0.129054 0.00647664 
0.0257962 -0.1072 0.0344661 
0.0208569 -0.102 0.0266776 
-0.0320414 -0.1085 0.0196736 
-0.0213833 -0.120745 0.0347107 
0.00839029 -0.0259702 -0.01965 
0.0329563 -0.124843 0.0102487 
-0.0275851 -0.0856113 0.028011 
0.027709 -0.0586596 0.0276061 
-0.0158592 -0.1271 -0.0151692 
-0.0306888 -0.108971 0.0264592 
0.00251091 -0.0546607 0.055529 
0.0148726 0.0131414 0.03175 
-0.0319552 -0.1058 0.00177551 
-0.0229512 -0.0480897 -0.01965 
0.0104524 -0.1275 0.0104804 
-0.00265716 -0.132443 0.0486672 
-0.0217609 -0.0469494 0.0587776 
0.0301916 -0.127709 -0.0147915 
0.0133053 -0.0383296 0.0468472 
0.0302307 -0.1285 0.015086 
-0.000157523 -0.0315274 0.0632996 
0.0284307 -0.1219 0.0183059 
0.0389697 -0.131657 0.0160222 
-0.0182927 0.0144332 0.0432324 
0.0154006 -0.119364 0.0452074 
-0.0169602 -0.1085 0.0384272 
0.0231249 -0.116891 0.038639 
-0.0175617 -0.0570801 0.0516748 
0.0310281 -0.1285 -0.0107886 
0.00032206 -0.126322 0.042616 
-0.0277829 -0.0681918 -0.0142416 
-8.19374e-05 -0.0418606 0.051789 
0.030059 -0.0533178 0.028927 
0.00683461 -0.0465197 0.0632996 
0.012549 -0.0524142 0.04275 
0.0244123 -0.0465084 0.04275 
-0.0177781 -0.0350268 0.035654 
0.0154293 -0.08925080000000001 -0.008403239999999999 
0.0205914 -0.105711 -0.0131784 
0.0219291 -0.0787006 -0.00570264 
-0.0118762 -0.0345597 0.044489 
0.0283316 -0.122732 0.0160798 
-0.0161057 -0.0745946 -0.0118689 
0.0128493 -0.0808022 -0.0114714 
0.0232957 -0.0781966 0.023238 
-0.0256807 -0.07822709999999999 -0.0123616 
0.00508207 -0.0498076 0.0366935 
0.0273295 -0.00445021 0.0372849 
-0.01321 0.0166998 0.04475 
0.0174864 -0.126045 0.0275563 
-0.0141134 -0.1165 0.0121369 
-0.0205969 -0.124237 0.0179625 
-0.0388571 -0.127611 0.0111977 
-0.00567513 -0.111952 -0.0202934 
-0.0183979 -0.0124607 -0.01515 
-0.0170353 -0.0738632 -0.0111071 
-0.0142953 -0.058194 0.055783 
0.032967 -0.127464 0.0104278 
0.008611189999999999 0.0217507 0.04275 
-0.0114715 -0.0748438 -0.0145994 
-0.0310354 -0.105244 0.0315452 
-0.0115334 -0.0405894 0.0451514 
-0.0219957 -0.0425714 0.0630974 
-0.0194908 -0.119568 -0.0134901 
0.0200577 -0.0892457 -0.00319734 
-0.0110149 0.00456798 -0.0166668 
0.00646189 -0.0969293 0.0369256 
-0.01296 0.0139794 0.0446391 
0.0164303 -0.0538904 -0.01515 
-0.00798685 -0.1205 -0.0158025 
-0.0112455 -0.108207 -0.0264157 
-0.00480716 -0.0128836 -0.01965 
0.024116 -0.128419 0.0142008 
-0.009541249999999999 -0.0398903 0.04703 
0.0125818 -0.04579 0.0587276 
-0.0125072 -0.0369658 0.0587276 
-0.00745203 -0.0946883 0.0291808 
0.00757386 -0.038099 0.04275 
0.0187862 -0.1285 0.0391331 
-0.0168078 -0.042392 0.0488261 
0.00304704 -0.0401291 0.0587276 
-0.0102007 -0.0399962 0.051789 
0.000624378 -0.0237887 -0.01515 
0.0206219 -0.10609 -0.0184962 
0.016494 -0.1058 0.0383694 
-0.0220986 -0.1005 0.0132329 
0.0229154 -0.117797 0.038811 
0.00524292 -0.0565474 0.04275 
0.0112305 -0.0318005 0.0624444 
0.0299312 -0.106526 -0.00815127 
-0.0146204 -0.0141803 -0.0142153 
0.0249877 -0.109601 0.0341631 
0.000415027 0.026646 0.0328377 
0.0115161 -0.0453906 0.0624807 
0.000710688 -0.1165 -0.0029287 
-0.0202314 -0.132479 0.0430346 
0.0260169 -0.0670301 0.0425366 
0.0320912 -0.122439 0.00261771 
-0.0293274 -0.0394875 0.042357 
0.00724568 -0.117101 -0.0188298 
0.0162048 -0.0371954 0.0355669 
0.00741403 -0.122471 0.0203384 
0.0378136 -0.118802 0.00567376 
0.02452 -0.0325903 -0.01515 
0.00204101 -0.0542114 0.0591375 
0.0128995 -0.0574676 -0.01515 
-0.0371719 -0.126842 0.0214481 
0.0140911 -0.0594344 0.04703 
-0.00655802 -0.126131 0.0480621 
0.0050047 -0.1205 0.0365725 
0.008303420000000001 -0.0355907 0.047199 
-0.0178392 -0.0290063 0.03575 
0.00347688 -0.099316 -0.0260416 
-0.00348616 -0.0207432 -0.0145936 
-0.0265239 -0.107458 0.0323578 
-0.0038828 -0.129981 0.0399411 
-0.0269161 -0.0994396 0.00149755 
-0.0306063 -0.128214 -0.00224002 
-0.0384283 -0.06754060000000001 0.021043 
0.0135409 0.0132607 0.0350235 
-0.00667632 -0.125137 0.00167519 
0.0145342 -0.130656 0.017427 
-0.023064 -0.06988129999999999 0.0236925 
0.000718824 -0.1219 -0.0193147 
0.00218965 -0.0432978 0.04783 
-0.000104639 -0.122337 0.0347184 
-0.008286699999999999 -0.0243012 0.04275 
0.011713 -0.034036 0.051789 
-0.0379332 -0.108477 0.0100813 
0.0243751 -0.102847 -0.0191626 
0.000378149 -0.0200206 -0.0140249 
0.0335517 -0.1285 0.0225777 
0.0258554 -0.121092 -0.0106721 
-0.0181223 -0.033685 0.04275 
0.0119359 -0.0424394 0.051789 
0.0137356 -0.125737 0.0285214 
-0.0239044 -0.1023 0.0316776 
0.0267872 -0.1285 0.0217826 
-0.0283271 -0.1085 0.0201171 
0.00681026 -0.128237 -0.0224591 
-0.0254966 -0.110888 0.000210077 
-0.00293703 -0.059203 0.054329 
0.00617084 -0.07539650000000001 -0.0226634 
0.0093615 -0.0371105 0.04275 
-0.0165098 -0.122801 -0.0254741 
-0.00264687 -0.0178154 0.0362137 
-0.0254344 -0.1085 0.000226128 
0.0245469 -0.1285 -0.008607750000000001 
0.0188518 -0.100211 0.00544312 
-0.0203962 -0.122982 0.000437148 
3 408 385 705 
3 249 607 898 
3 508 607 200 
3 815 617 849 
3 897 617 815 
3 872 131 794 
3 872 815 849 
3 59 98 299 
3 98 705 299 
3 98 408 705 
3 249 423 705 
3 423 249 898 
3 873 249 705 
3 360 346 408 
3 508 141 20 
3 595 508 200 
3 705 968 299 
3 151 968 705 
3 897 124 794 
3 124 897 815 
3 124 872 794 
3 872 124 815 
3 742 519 785 
3 742 897 519 
3 897 742 617 
3 742 822 617 
3 131 442 794 
3 530 442 131 
3 442 141 794 
3 525 442 865 
3 442 530 865 
3 569 530 131 
3 530 569 865 
3 865 569 945 
3 576 872 849 
3 576 824 872 
3 822 576 617 
3 360 835 785 
3 330 423 151 
3 65 423 898 
3 607 65 898 
3 508 65 607 
3 65 508 20 
3 942 346 360 
3 191 942 360 
3 607 942 200 
3 346 942 607 
3 437 595 200 
3 595 437 519 
3 534 595 519 
3 534 897 794 
3 897 534 519 
3 902 59 299 
3 791 742 785 
3 742 791 822 
3 234 791 785 
3 822 791 234 
3 845 442 525 
3 442 845 141 
3 845 525 20 
3 141 845 20 
3 872 533 131 
3 533 569 131 
3 824 533 872 
3 569 533 824 
3 576 686 824 
3 576 867 617 
3 645 98 59 
3 18 360 785 
3 18 191 360 
3 18 437 200 
3 942 18 200 
3 18 942 191 
3 519 18 785 
3 437 18 519 
3 915 360 408 
3 835 915 408 
3 915 835 360 
3 653 835 408 
3 653 645 776 
3 98 653 408 
3 645 653 98 
3 413 151 705 
3 413 330 151 
3 423 413 705 
3 330 413 423 
3 525 262 20 
3 262 65 20 
3 65 262 423 
3 873 505 249 
3 385 505 705 
3 505 873 705 
3 408 505 385 
3 346 505 408 
3 374 534 794 
3 534 374 595 
3 595 374 508 
3 141 374 794 
3 374 141 508 
3 956 968 151 
3 902 956 59 
3 956 507 59 
3 507 956 841 
3 760 822 234 
3 760 576 822 
3 357 645 59 
3 645 357 776 
3 617 251 849 
3 867 251 617 
3 251 576 849 
3 251 867 576 
3 606 680 841 
3 680 606 945 
3 423 606 151 
3 606 956 151 
3 720 680 945 
3 507 720 59 
3 720 507 841 
3 680 720 841 
3 720 357 59 
3 569 720 945 
3 546 607 249 
3 505 546 249 
3 546 346 607 
3 546 505 346 
3 956 92 968 
3 92 956 902 
3 968 92 299 
3 92 902 299 
3 610 760 234 
3 621 686 576 
3 760 621 576 
3 621 610 686 
3 610 621 760 
3 407 659 835 
3 659 234 785 
3 835 659 785 
3 659 610 234 
3 653 920 835 
3 920 407 835 
3 956 199 841 
3 199 606 841 
3 606 199 956 
3 262 912 423 
3 912 606 423 
3 912 262 525 
3 912 525 865 
3 912 865 945 
3 606 912 945 
3 610 994 686 
3 920 994 407 
3 994 920 653 
3 994 659 407 
3 659 994 610 
3 58 357 686 
3 994 58 686 
3 58 994 653 
3 357 133 776 
3 58 133 357 
3 133 653 776 
3 133 58 653 
3 686 720 824 
3 720 569 824 
3 357 720 686 
Vertices and facets:
- p408(v17): -0.018 0.0055 -0.014
  neighbors: f58 f130 f160 f312 f313 f315 f318 f347 f348
- p385(v11): -0.02 0.017 0.032
  neighbors: f58 f344 f347
- p705(v7): -0.026 0.0061 0.038
  neighbors: f58 f129 f130 f143 f155 f172 f173 f323 f325 f344 f345
- p607(v20): -0.0093 0.024  0.04
  neighbors: f74 f79 f246 f247 f257 f258 f403 f405
- p249(v19): -0.018 0.014 0.045
  neighbors: f74 f143 f147 f155 f342 f403 f404
- p898(v10): -0.013 0.017 0.045
  neighbors: f74 f147 f245 f246
- p508(v21): 0.0036 0.023 0.045
  neighbors: f79 f163 f167 f247 f248 f351 f353
- p200(v2): 0.0012 0.027 0.034
  neighbors: f79 f167 f257 f260 f307 f308
- p617(v24): 0.036 -0.066 -0.0085
  neighbors: f90 f97 f190 f192 f215 f297 f373 f374
- p815(v13): 0.039 -0.07 0.012
  neighbors: f90 f97 f120 f185 f187
- p849(v1): 0.039 -0.13 0.0065
  neighbors: f90 f120 f211 f373 f375
- p897(v25): 0.027 -0.0045 0.037
  neighbors: f97 f184 f185 f189 f190 f265 f266
- p872(v30): 0.039 -0.13 0.016
  neighbors: f117 f120 f186 f187 f211 f212 f282 f284
- p131(v15): 0.028 -0.13 0.038
  neighbors: f117 f193 f194 f199 f282 f283
- p794(v8): 0.031 -0.036 0.061
  neighbors: f117 f184 f186 f193 f195 f265 f349 f352
- p98(v32): -0.038 -0.063 -0.0034
  neighbors: f128 f129 f130 f300 f318 f319
- p59(v9): -0.039 -0.13 0.0042
  neighbors: f128 f267 f300 f356 f358 f369 f397 f400
- p299(v0): -0.04 -0.068 0.013
  neighbors: f128 f129 f172 f267 f409 f410
- p423(v35): -0.023 -0.032 0.063
  neighbors: f143 f147 f234 f245 f325 f326 f341 f390 f433 f434
- p873(v36): -0.018 0.014 0.043
  neighbors: f155 f342 f345
- p346(v37): -0.0054 0.025 0.032
  neighbors: f160 f254 f258 f348 f405 f406
- p360(v33): -0.0017 0.012 -0.016
  neighbors: f160 f231 f254 f256 f305 f306 f312 f314
- p141(v38): 0.011 -0.031 0.064
  neighbors: f163 f195 f279 f281 f352 f353
- p20(v3): -0.0035 -0.031 0.065
  neighbors: f163 f248 f280 f281 f337 f340
- p595(v39): 0.0089 0.023 0.043
  neighbors: f167 f260 f262 f264 f350 f351
- p968(v40): -0.038 -0.068 0.021
  neighbors: f172 f173 f355 f407 f409
- p151(v22): -0.036 -0.06 0.027
  neighbors: f173 f234 f323 f324 f355 f390 f391
- p124(v43): 0.037 -0.061 0.026
  neighbors: f184 f185 f186 f187
- p742(v44): 0.022 0.0008 -0.017
  neighbors: f188 f189 f190 f192 f274 f275
- p519(v14): 0.023 0.011 0.032
  neighbors: f188 f189 f262 f264 f266 f310 f311
- p785(v6):  0.02 0.0099 -0.018
  neighbors: f188 f231 f274 f276 f305 f310 f420 f421
- p822(v42): 0.026 -0.049 -0.02
  neighbors: f192 f215 f275 f277 f364 f365
- p442(v45): 0.028 -0.054 0.059
  neighbors: f193 f194 f195 f197 f198 f278 f279
- p530(v29): 0.011 -0.13 0.047
  neighbors: f194 f198 f199 f200
- p525(v28): 0.0035 -0.05 0.064
  neighbors: f197 f278 f280 f337 f435 f436
- p865(v16): -0.0027 -0.13 0.049
  neighbors: f197 f198 f200 f203 f436 f437
- p569(v46): 0.0011 -0.13 0.048
  neighbors: f199 f200 f203 f283 f285 f402 f459
- p945(v5): -0.02 -0.13 0.043
  neighbors: f203 f389 f396 f402 f437 f438
- p576(v48): 0.025 -0.13 -0.021
  neighbors: f211 f212 f215 f291 f297 f365 f375 f376 f415 f416
- p824(v31): 0.033 -0.13 0.0073
  neighbors: f212 f284 f285 f291 f458 f459
- p835(v52): -0.017 -0.0064 -0.02
  neighbors: f231 f313 f314 f315 f419 f421 f424 f425
- p330(v53): -0.03 -0.028 0.038
  neighbors: f234 f324 f326
- p65(v56): -0.0037 0.022 0.045
  neighbors: f245 f246 f247 f248 f340 f341
- p942(v58): 0.00042 0.027 0.033
  neighbors: f254 f256 f257 f258 f308 f309
- p191(v51): 0.0071 0.015 -0.0073
  neighbors: f256 f306 f309
- p437(v59): 0.014 0.019 0.032
  neighbors: f260 f262 f307 f311
- p534(v60): 0.024 0.0091 0.042
  neighbors: f264 f265 f266 f349 f350
- p902(v61): -0.039 -0.13 0.011
  neighbors: f267 f356 f408 f410
- p791(v63): 0.022 -0.018 -0.02
  neighbors: f274 f275 f276 f277
- p234(v18): 0.0062 -0.12 -0.029
  neighbors: f276 f277 f364 f411 f420 f422
- p845(v64): 0.0059 -0.035 0.065
  neighbors: f278 f279 f280 f281
- p533(v65): 0.027 -0.13 0.033
  neighbors: f282 f283 f284 f285
- p686(v66): -0.013 -0.13 -0.02
  neighbors: f291 f415 f417 f443 f449 f450 f458 f460
- p867(v67):  0.03 -0.13 -0.015
  neighbors: f297 f374 f376
- p645(v68): -0.037 -0.063 -0.0076
  neighbors: f300 f316 f319 f369 f370
- p18(v70): 0.018 0.012 -0.015
  neighbors: f305 f306 f307 f308 f309 f310 f311
- p915(v71): -0.011 0.0046 -0.017
  neighbors: f312 f313 f314
- p653(v72): -0.031 -0.052 -0.019
  neighbors: f315 f316 f318 f319 f424 f446 f451 f456 f457
- p776(v50): -0.032 -0.057 -0.017
  neighbors: f316 f370 f454 f456
- p413(v73): -0.029 -0.018 0.038
  neighbors: f323 f324 f325 f326
- p262(v77): -0.017 -0.033 0.064
  neighbors: f337 f340 f341 f433 f435
- p505(v78): -0.016 0.021 0.037
  neighbors: f342 f344 f345 f347 f348 f404 f406
- p374(v79): 0.014 0.017 0.045
  neighbors: f349 f350 f351 f352 f353
- p956(v80): -0.037 -0.13 0.021
  neighbors: f355 f356 f358 f359 f391 f407 f408 f430 f432
- p507(v74): -0.036 -0.13 0.017
  neighbors: f358 f359 f397 f398
- p841(v54): -0.034 -0.13 0.028
  neighbors: f359 f387 f398 f399 f430 f431
- p760(v81): 0.015 -0.13 -0.026
  neighbors: f364 f365 f411 f416 f418
- p357(v82): -0.037 -0.13 -0.0022
  neighbors: f369 f370 f400 f449 f454 f455 f460
- p251(v83): 0.031 -0.13 -0.012
  neighbors: f373 f374 f375 f376
- p606(v86): -0.024 -0.052  0.06
  neighbors: f387 f389 f390 f391 f431 f432 f434 f438
- p680(v75): -0.029 -0.13 0.037
  neighbors: f387 f389 f396 f399
- p720(v87): -0.027 -0.13 0.038
  neighbors: f396 f397 f398 f399 f400 f402 f458 f459 f460
- p546(v88): -0.012 0.023 0.038
  neighbors: f403 f404 f405 f406
- p92(v89): -0.038 -0.12 0.017
  neighbors: f407 f408 f409 f410
- p610(v90): -0.0058 -0.13 -0.026
  neighbors: f411 f417 f418 f422 f443 f448
- p621(v91):  0.01 -0.13 -0.025
  neighbors: f415 f416 f417 f418
- p659(v92): -0.0016 -0.12 -0.029
  neighbors: f419 f420 f421 f422 f447 f448
- p407(v84): -0.0086 -0.11 -0.027
  neighbors: f419 f425 f444 f447
- p920(v93): -0.011 -0.11 -0.026
  neighbors: f424 f425 f444 f446
- p199(v94): -0.037 -0.13 0.023
  neighbors: f430 f431 f432
- p912(v95): -0.022 -0.043 0.063
  neighbors: f433 f434 f435 f436 f437 f438
- p994(v97): -0.017 -0.12 -0.025
  neighbors: f443 f444 f446 f447 f448 f450 f451
- p58(v98): -0.03 -0.12 -0.015
  neighbors: f449 f450 f451 f455 f457
- p133(v99): -0.035 -0.12 -0.0078
  neighbors: f454 f455 f456 f457
- f58
    - flags: top simplicial
    - normal:   -0.9062   0.3973  -0.1445
    - offset: -0.02025188
    - vertices: p408(v17) p385(v11) p705(v7)
    - neighboring facets: f344 f130 f347
- f74
    - flags: bottom simplicial
    - normal:     -0.42   0.6494    0.634
    - offset: -0.04476237
    - vertices: p607(v20) p249(v19) p898(v10)
    - neighboring facets: f147 f246 f403
- f79
    - flags: top simplicial
    - normal:  -0.03961   0.9329   0.3578
    - offset: -0.03712569
    - vertices: p508(v21) p607(v20) p200(v2)
    - neighboring facets: f257 f167 f247
- f90
    - flags: bottom simplicial
    - normal:     0.994  0.01969  -0.1074
    - offset: -0.03577702
    - vertices: p617(v24) p815(v13) p849(v1)
    - neighboring facets: f120 f373 f97
- f97
    - flags: top simplicial
    - normal:    0.9785   0.1947 -0.06744
    - offset: -0.02336162
    - vertices: p897(v25) p617(v24) p815(v13)
    - neighboring facets: f90 f185 f190
- f117
    - flags: top simplicial
    - normal:    0.8743  -0.1428   0.4638
    - offset: -0.0603025
    - vertices: p872(v30) p131(v15) p794(v8)
    - neighboring facets: f193 f186 f282
- f120
    - flags: top simplicial
    - normal:    0.9995 0.007689  0.03136
    - offset: -0.03843953
    - vertices: p872(v30) p815(v13) p849(v1)
    - neighboring facets: f90 f211 f187
- f128
    - flags: bottom simplicial
    - normal:   -0.9921 0.007446  -0.1253
    - offset: -0.03718998
    - vertices: p98(v32) p59(v9) p299(v0)
    - neighboring facets: f267 f129 f300
- f129
    - flags: top simplicial
    - normal:   -0.9761   0.2071 -0.06549
    - offset: -0.02386026
    - vertices: p98(v32) p705(v7) p299(v0)
    - neighboring facets: f172 f128 f130
- f130
    - flags: top simplicial
    - normal:   -0.9554   0.2542  -0.1504
    - offset: -0.0204104
    - vertices: p98(v32) p408(v17) p705(v7)
    - neighboring facets: f58 f129 f318
- f143
    - flags: bottom simplicial
    - normal:   -0.7764   0.3118   0.5477
    - offset: -0.04251604
    - vertices: p423(v35) p249(v19) p705(v7)
    - neighboring facets: f155 f325 f147
- f147
    - flags: top simplicial
    - normal:   -0.2469   0.3817   0.8907
    - offset: -0.0494946
    - vertices: p423(v35) p249(v19) p898(v10)
    - neighboring facets: f74 f245 f143
- f155
    - flags: top simplicial
    - normal:    -0.787   0.3761   0.4891
    - offset: -0.04096972
    - vertices: p873(v36) p249(v19) p705(v7)
    - neighboring facets: f143 f345 f342
- f160
    - flags: bottom simplicial
    - normal:    -0.377   0.8842  -0.2758
    - offset: -0.01542418
    - vertices: p346(v37) p360(v33) p408(v17)
    - neighboring facets: f312 f348 f254
- f163
    - flags: bottom simplicial
    - normal:   0.04433   0.3475   0.9366
    - offset: -0.04991005
    - vertices: p141(v38) p508(v21) p20(v3)
    - neighboring facets: f248 f281 f353
- f167
    - flags: top simplicial
    - normal:    0.1076   0.9389   0.3269
    - offset: -0.03641719
    - vertices: p595(v39) p508(v21) p200(v2)
    - neighboring facets: f79 f260 f351
- f172
    - flags: bottom simplicial
    - normal:   -0.9781    0.133   0.1603
    - offset: -0.03197725
    - vertices: p968(v40) p705(v7) p299(v0)
    - neighboring facets: f129 f409 f173
- f173
    - flags: bottom simplicial
    - normal:   -0.9747    0.127    0.184
    - offset: -0.03274635
    - vertices: p968(v40) p151(v22) p705(v7)
    - neighboring facets: f323 f172 f355
- f184
    - flags: bottom simplicial
    - normal:    0.9866   0.1536  0.05541
    - offset: -0.02834478
    - vertices: p124(v43) p897(v25) p794(v8)
    - neighboring facets: f265 f186 f185
- f185
    - flags: top simplicial
    - normal:    0.9869   0.1593  0.02681
    - offset: -0.02726117
    - vertices: p124(v43) p897(v25) p815(v13)
    - neighboring facets: f97 f187 f184
- f186
    - flags: top simplicial
    - normal:    0.9873 0.008916   0.1586
    - offset: -0.03984225
    - vertices: p124(v43) p872(v30) p794(v8)
    - neighboring facets: f117 f184 f187
- f187
    - flags: bottom simplicial
    - normal:    0.9924  0.01422   0.1226
    - offset: -0.03876408
    - vertices: p124(v43) p872(v30) p815(v13)
    - neighboring facets: f120 f185 f186
- f188
    - flags: top simplicial
    - normal:    0.9619   0.2645 -0.06856
    - offset: -0.02270045
    - vertices: p742(v44) p519(v14) p785(v6)
    - neighboring facets: f310 f274 f189
- f189
    - flags: top simplicial
    - normal:    0.9642   0.2565 -0.06688
    - offset: -0.02271721
    - vertices: p742(v44) p897(v25) p519(v14)
    - neighboring facets: f266 f188 f190
- f190
    - flags: bottom simplicial
    - normal:    0.9772   0.1992 -0.07369
    - offset: -0.02307164
    - vertices: p742(v44) p897(v25) p617(v24)
    - neighboring facets: f97 f192 f189
- f192
    - flags: top simplicial
    - normal:    0.8115   0.1033  -0.5752
    - offset: -0.02762204
    - vertices: p742(v44) p822(v42) p617(v24)
    - neighboring facets: f215 f190 f275
- f193
    - flags: bottom simplicial
    - normal:    0.7532   -0.179   0.6329
    - offset: -0.06809949
    - vertices: p442(v45) p131(v15) p794(v8)
    - neighboring facets: f117 f195 f194
- f194
    - flags: bottom simplicial
    - normal:    0.4629  -0.2404   0.8532
    - offset: -0.07643985
    - vertices: p442(v45) p530(v29) p131(v15)
    - neighboring facets: f199 f193 f198
- f195
    - flags: top simplicial
    - normal:    0.1691 -0.09262   0.9812
    - offset: -0.0679802
    - vertices: p442(v45) p141(v38) p794(v8)
    - neighboring facets: f352 f193 f279
- f197
    - flags: bottom simplicial
    - normal:    0.1384  -0.1864   0.9727
    - offset: -0.07165377
    - vertices: p442(v45) p525(v28) p865(v16)
    - neighboring facets: f436 f198 f278
- f198
    - flags: top simplicial
    - normal:    0.1498  -0.1904   0.9702
    - offset: -0.07203765
    - vertices: p442(v45) p530(v29) p865(v16)
    - neighboring facets: f200 f197 f194
- f199
    - flags: top simplicial
    - normal:    0.2944  -0.7231   0.6249
    - offset: -0.1258903
    - vertices: p569(v46) p530(v29) p131(v15)
    - neighboring facets: f194 f283 f200
- f200
    - flags: bottom simplicial
    - normal:    0.2234  -0.5172   0.8262
    - offset: -0.1081106
    - vertices: p569(v46) p530(v29) p865(v16)
    - neighboring facets: f198 f203 f199
- f203
    - flags: bottom simplicial
    - normal:  -0.007043  -0.9996  0.02836
    - offset: -0.1337855
    - center: -0.007247259999999999 -0.132474 0.04643493333333334 
    - vertices: p569(v46) p865(v16) p945(v5)
    - neighboring facets: f437 f402 f200
- f211
    - flags: top simplicial
    - normal:    0.5561  -0.8059  -0.2035
    - offset: -0.1245058
    - vertices: p576(v48) p872(v30) p849(v1)
    - neighboring facets: f120 f375 f212
- f212
    - flags: top simplicial
    - normal:     0.308  -0.9455  -0.1055
    - offset: -0.1347974
    - vertices: p576(v48) p824(v31) p872(v30)
    - neighboring facets: f284 f211 f291
- f215
    - flags: bottom simplicial
    - normal:    0.7399 -0.005561  -0.6727
    - offset: -0.03300643
    - vertices: p576(v48) p822(v42) p617(v24)
    - neighboring facets: f192 f297 f365
- f231
    - flags: bottom simplicial
    - normal:  -0.05565   0.2513  -0.9663
    - offset: -0.01833594
    - vertices: p835(v52) p360(v33) p785(v6)
    - neighboring facets: f305 f421 f314
- f234
    - flags: top simplicial
    - normal:   -0.9569   0.0959   0.2742
    - offset: -0.03645233
    - vertices: p330(v53) p423(v35) p151(v22)
    - neighboring facets: f390 f324 f326
- f245
    - flags: top simplicial
    - normal:   -0.1942   0.3765   0.9059
    - offset: -0.0493889
    - vertices: p65(v56) p423(v35) p898(v10)
    - neighboring facets: f147 f246 f341
- f246
    - flags: bottom simplicial
    - normal:   -0.3312   0.6422   0.6913
    - offset: -0.04603488
    - vertices: p65(v56) p607(v20) p898(v10)
    - neighboring facets: f74 f245 f247
- f247
    - flags: bottom simplicial
    - normal:   -0.1269   0.8225   0.5545
    - offset: -0.0430651
    - vertices: p65(v56) p508(v21) p607(v20)
    - neighboring facets: f79 f246 f248
- f248
    - flags: top simplicial
    - normal:  -0.04543   0.3578   0.9327
    - offset: -0.04964301
    - vertices: p65(v56) p508(v21) p20(v3)
    - neighboring facets: f163 f340 f247
- f254
    - flags: top simplicial
    - normal:   -0.2049   0.9386  -0.2776
    - offset: -0.01580908
    - vertices: p942(v58) p346(v37) p360(v33)
    - neighboring facets: f160 f256 f258
- f256
    - flags: bottom simplicial
    - normal:   -0.1025   0.9527  -0.2863
    - offset: -0.01594205
    - vertices: p942(v58) p191(v51) p360(v33)
    - neighboring facets: f306 f254 f309
- f257
    - flags: bottom simplicial
    - normal:   -0.2322   0.9725  0.01923
    - offset: -0.02644746
    - vertices: p942(v58) p607(v20) p200(v2)
    - neighboring facets: f79 f308 f258
- f258
    - flags: bottom simplicial
    - normal:   -0.2601   0.9653 -0.02317
    - offset: -0.02485236
    - vertices: p942(v58) p346(v37) p607(v20)
    - neighboring facets: f405 f257 f254
- f260
    - flags: top simplicial
    - normal:    0.5105   0.8577 -0.06024
    - offset: -0.02158747
    - vertices: p437(v59) p595(v39) p200(v2)
    - neighboring facets: f167 f307 f262
- f262
    - flags: bottom simplicial
    - normal:    0.6661   0.7446  0.04238
    - offset: -0.02476798
    - vertices: p437(v59) p595(v39) p519(v14)
    - neighboring facets: f264 f311 f260
- f264
    - flags: top simplicial
    - normal:    0.6831   0.7255  0.08454
    - offset: -0.02628161
    - vertices: p534(v60) p595(v39) p519(v14)
    - neighboring facets: f262 f266 f350
- f265
    - flags: top simplicial
    - normal:    0.9661   0.2152   0.1425
    - offset: -0.03075952
    - vertices: p534(v60) p897(v25) p794(v8)
    - neighboring facets: f184 f349 f266
- f266
    - flags: bottom simplicial
    - normal:    0.9621    0.272 -0.02157
    - offset: -0.02427762
    - vertices: p534(v60) p897(v25) p519(v14)
    - neighboring facets: f189 f264 f265
- f267
    - flags: top simplicial
    - normal:   -0.9994 -0.01503  0.03157
    - offset: -0.04110463
    - vertices: p902(v61) p59(v9) p299(v0)
    - neighboring facets: f128 f410 f356
- f274
    - flags: top simplicial
    - normal:    0.6936    0.119  -0.7104
    - offset: -0.02725855
    - vertices: p791(v63) p742(v44) p785(v6)
    - neighboring facets: f188 f276 f275
- f275
    - flags: bottom simplicial
    - normal:    0.7824   0.1033  -0.6142
    - offset: -0.02762195
    - vertices: p791(v63) p742(v44) p822(v42)
    - neighboring facets: f192 f277 f274
- f276
    - flags: bottom simplicial
    - normal:   0.04522  0.07857  -0.9959
    - offset: -0.01913416
    - vertices: p791(v63) p234(v18) p785(v6)
    - neighboring facets: f420 f274 f277
- f277
    - flags: bottom simplicial
    - normal:    0.2841  0.03903   -0.958
    - offset: -0.02439825
    - vertices: p791(v63) p822(v42) p234(v18)
    - neighboring facets: f364 f276 f275
- f278
    - flags: top simplicial
    - normal:    0.1516  -0.1104   0.9823
    - offset: -0.06851023
    - vertices: p845(v64) p442(v45) p525(v28)
    - neighboring facets: f197 f280 f279
- f279
    - flags: bottom simplicial
    - normal:    0.1624 -0.09764   0.9819
    - offset: -0.06810296
    - vertices: p845(v64) p442(v45) p141(v38)
    - neighboring facets: f195 f281 f278
- f280
    - flags: top simplicial
    - normal:  -0.03599 -0.08127    0.996
    - offset: -0.06727569
    - vertices: p845(v64) p525(v28) p20(v3)
    - neighboring facets: f337 f281 f278
- f281
    - flags: bottom simplicial
    - normal:   0.03837  0.08665   0.9955
    - offset: -0.06180034
    - vertices: p845(v64) p141(v38) p20(v3)
    - neighboring facets: f163 f280 f279
- f282
    - flags: bottom simplicial
    - normal:    0.4907  -0.8127   0.3142
    - offset: -0.1311551
    - vertices: p533(v65) p872(v30) p131(v15)
    - neighboring facets: f117 f283 f284
- f283
    - flags: top simplicial
    - normal:    0.2213  -0.8986   0.3789
    - offset: -0.1373529
    - vertices: p533(v65) p569(v46) p131(v15)
    - neighboring facets: f199 f282 f285
- f284
    - flags: bottom simplicial
    - normal:   0.09549  -0.9948  0.03488
    - offset:  -0.135255
    - vertices: p533(v65) p824(v31) p872(v30)
    - neighboring facets: f212 f282 f285
- f285
    - flags: bottom simplicial seen
    - normal:   0.02115  -0.9996   0.0169
    - offset: -0.1332804
    - center: 0.02054499333333333 -0.1323983333333333 0.02934535666666667 
    - vertices: p533(v65) p569(v46) p824(v31)
    - neighboring facets: f459 f284 f283
    - ridges:
- f291
    - flags: bottom simplicial seen
    - normal:  0.007909  -0.9999  -0.0135
    - offset: -0.1326497
    - center: 0.01501093333333333 -0.1323966666666667 -0.01115391 
    - vertices: p686(v66) p576(v48) p824(v31)
    - neighboring facets: f212 f458 f415
    - ridges:
- f297
    - flags: bottom simplicial
    - normal:    0.7406 -0.005834  -0.6719
    - offset: -0.0330438
    - vertices: p867(v67) p576(v48) p617(v24)
    - neighboring facets: f215 f374 f376
- f300
    - flags: top simplicial
    - normal:   -0.9782 -0.001892  -0.2078
    - offset: -0.03753262
    - center: -0.0377222 -0.08599283333333334 -0.002266646666666666 
    - vertices: p645(v68) p98(v32) p59(v9)
    - neighboring facets: f128 f369 f319
- f305
    - flags: top simplicial
    - normal:   0.02513   0.8026   -0.596
    - offset: -0.01885532
    - vertices: p18(v70) p360(v33) p785(v6)
    - neighboring facets: f231 f310 f306
- f306
    - flags: top simplicial
    - normal:   0.01933   0.9173  -0.3977
    - offset: -0.01708491
    - vertices: p18(v70) p191(v51) p360(v33)
    - neighboring facets: f256 f305 f309
- f307
    - flags: top simplicial
    - normal:     0.506   0.8581 -0.08701
    - offset: -0.02068348
    - vertices: p18(v70) p437(v59) p200(v2)
    - neighboring facets: f260 f308 f311
- f308
    - flags: bottom simplicial
    - normal:    0.1379    0.959  -0.2474
    - offset: -0.01748735
    - vertices: p18(v70) p942(v58) p200(v2)
    - neighboring facets: f257 f307 f309
- f309
    - flags: top simplicial
    - normal:    0.1346   0.9592  -0.2487
    - offset: -0.0174474
    - vertices: p18(v70) p942(v58) p191(v51)
    - neighboring facets: f256 f306 f308
- f310
    - flags: bottom simplicial
    - normal:       0.8   0.5964 -0.06606
    - offset: -0.02274493
    - vertices: p18(v70) p519(v14) p785(v6)
    - neighboring facets: f188 f305 f311
- f311
    - flags: bottom simplicial
    - normal:    0.6658   0.7443 -0.05162
    - offset: -0.02177331
    - vertices: p18(v70) p437(v59) p519(v14)
    - neighboring facets: f262 f310 f307
- f312
    - flags: top simplicial
    - normal:   -0.2766   0.4577   -0.845
    - offset: -0.01922077
    - vertices: p915(v71) p360(v33) p408(v17)
    - neighboring facets: f160 f313 f314
- f313
    - flags: bottom simplicial
    - normal:   -0.2941   0.4011  -0.8675
    - offset: -0.01953062
    - vertices: p915(v71) p835(v52) p408(v17)
    - neighboring facets: f315 f312 f314
- f314
    - flags: top simplicial
    - normal:    -0.192   0.3566  -0.9143
    - offset: -0.01898288
    - vertices: p915(v71) p835(v52) p360(v33)
    - neighboring facets: f231 f312 f313
- f315
    - flags: top simplicial
    - normal:   -0.7814   0.2406  -0.5758
    - offset: -0.02319071
    - center: -0.02209553333333333 -0.01753648666666667 -0.01761693333333333 
    - vertices: p653(v72) p835(v52) p408(v17)
    - neighboring facets: f313 f318 f424
- f316
    - flags: top simplicial
    - normal:    -0.917  0.01182  -0.3987
    - offset: -0.03588439
    - center: -0.03350296666666667 -0.05739936666666667 -0.01464909666666667 
    - vertices: p653(v72) p645(v68) p776(v50)
    - neighboring facets: f370 f456 f319
- f318
    - flags: bottom simplicial
    - normal:   -0.9496   0.2456  -0.1948
    - offset: -0.02087924
    - vertices: p653(v72) p98(v32) p408(v17)
    - neighboring facets: f130 f315 f319
- f319
    - flags: bottom simplicial
    - normal:   -0.9525   0.2102  -0.2205
    - offset: -0.02330057
    - vertices: p653(v72) p645(v68) p98(v32)
    - neighboring facets: f300 f318 f316
- f323
    - flags: top simplicial
    - normal:   -0.9746   0.1269   0.1847
    - offset: -0.0327708
    - vertices: p413(v73) p151(v22) p705(v7)
    - neighboring facets: f173 f325 f324
- f324
    - flags: top simplicial
    - normal:   -0.9697   0.1186   0.2134
    - offset: -0.03388028
    - vertices: p413(v73) p330(v53) p151(v22)
    - neighboring facets: f234 f323 f326
- f325
    - flags: bottom simplicial
    - normal:   -0.9512    0.126   0.2818
    - offset: -0.03582839
    - vertices: p413(v73) p423(v35) p705(v7)
    - neighboring facets: f143 f323 f326
- f326
    - flags: bottom simplicial
    - normal:   -0.9538   0.1164    0.277
    - offset: -0.03589587
    - vertices: p413(v73) p330(v53) p423(v35)
    - neighboring facets: f234 f325 f324
- f337
    - flags: bottom simplicial
    - normal:  -0.03967 -0.08259   0.9958
    - offset: -0.06731294
    - vertices: p262(v77) p525(v28) p20(v3)
    - neighboring facets: f280 f340 f435
- f340
    - flags: top simplicial
    - normal:   -0.1136   0.3556   0.9277
    - offset: -0.04962161
    - vertices: p262(v77) p65(v56) p20(v3)
    - neighboring facets: f248 f337 f341
- f341
    - flags: bottom simplicial
    - normal:   -0.1244   0.3576   0.9256
    - offset: -0.04960748
    - vertices: p262(v77) p65(v56) p423(v35)
    - neighboring facets: f245 f433 f340
- f342
    - flags: bottom simplicial
    - normal:   -0.5827   0.6382   0.5031
    - offset: -0.04162229
    - vertices: p505(v78) p873(v36) p249(v19)
    - neighboring facets: f155 f404 f345
- f344
    - flags: bottom simplicial
    - normal:   -0.8179   0.5385   0.2027
    - offset: -0.03195114
    - vertices: p505(v78) p385(v11) p705(v7)
    - neighboring facets: f58 f345 f347
- f345
    - flags: top simplicial
    - normal:   -0.8018   0.5294   0.2774
    - offset: -0.03429804
    - vertices: p505(v78) p873(v36) p705(v7)
    - neighboring facets: f155 f344 f342
- f347
    - flags: bottom simplicial
    - normal:   -0.5023   0.8318  -0.2362
    - offset: -0.01679708
    - vertices: p505(v78) p408(v17) p385(v11)
    - neighboring facets: f58 f344 f348
- f348
    - flags: bottom simplicial
    - normal:   -0.4456   0.8604  -0.2472
    - offset: -0.01610631
    - vertices: p505(v78) p346(v37) p408(v17)
    - neighboring facets: f160 f347 f406
- f349
    - flags: top simplicial
    - normal:    0.5284   0.3932   0.7525
    - offset: -0.04770509
    - vertices: p374(v79) p534(v60) p794(v8)
    - neighboring facets: f265 f352 f350
- f350
    - flags: bottom simplicial
    - normal:    0.6461   0.6722   0.3615
    - offset: -0.03657622
    - vertices: p374(v79) p534(v60) p595(v39)
    - neighboring facets: f264 f351 f349
- f351
    - flags: bottom simplicial
    - normal:    0.2864   0.5153   0.8078
    - offset: -0.04886648
    - vertices: p374(v79) p595(v39) p508(v21)
    - neighboring facets: f167 f353 f350
- f352
    - flags: bottom simplicial
    - normal:    0.2617   0.3513   0.8989
    - offset: -0.04982727
    - vertices: p374(v79) p141(v38) p794(v8)
    - neighboring facets: f195 f349 f353
- f353
    - flags: top simplicial
    - normal:    0.1967   0.3601   0.9119
    - offset: -0.04965019
    - vertices: p374(v79) p141(v38) p508(v21)
    - neighboring facets: f163 f351 f352
- f355
    - flags: top simplicial
    - normal:   -0.9408 -0.01762   0.3386
    - offset: -0.04446723
    - vertices: p956(v80) p968(v40) p151(v22)
    - neighboring facets: f173 f391 f407
- f356
    - flags: bottom simplicial
    - normal:   -0.9548  -0.2403    0.175
    - offset: -0.06972887
    - vertices: p956(v80) p902(v61) p59(v9)
    - neighboring facets: f267 f358 f408
- f358
    - flags: top simplicial
    - normal:    -0.859   -0.457   0.2307
    - offset: -0.09484992
    - center: -0.0372873 -0.13021 0.01434679333333333 
    - vertices: p956(v80) p507(v74) p59(v9)
    - neighboring facets: f397 f356 f359
- f359
    - flags: bottom simplicial
    - normal:    -0.838  -0.4779   0.2634
    - offset: -0.09741948
    - center: -0.03566413333333333 -0.1289426666666667 0.02243356666666666 
    - vertices: p956(v80) p507(v74) p841(v54)
    - neighboring facets: f398 f430 f358
- f364
    - flags: top simplicial
    - normal:    0.3273  0.02558  -0.9446
    - offset: -0.02593509
    - vertices: p760(v81) p822(v42) p234(v18)
    - neighboring facets: f277 f411 f365
- f365
    - flags: top simplicial
    - normal:    0.4519 0.003075  -0.8921
    - offset: -0.02929615
    - vertices: p760(v81) p576(v48) p822(v42)
    - neighboring facets: f215 f364 f416
- f369
    - flags: top simplicial tested
    - normal:   -0.9532  -0.0189  -0.3017
    - offset: -0.0384095
    - center: -0.03753593333333333 -0.1092381 -0.001872366666666666 
    - vertices: p357(v82) p645(v68) p59(v9)
    - neighboring facets: f300 f400 f370
- f370
    - flags: bottom simplicial tested
    - normal:   -0.9074 -0.02835  -0.4193
    - offset: -0.03822625
    - center: -0.03535036666666667 -0.08431100000000001 -0.008964793333333334 
    - vertices: p357(v82) p645(v68) p776(v50)
    - neighboring facets: f316 f454 f369
- f373
    - flags: bottom simplicial
    - normal:    0.9198 -0.05042  -0.3892
    - offset: -0.04008605
    - vertices: p251(v83) p617(v24) p849(v1)
    - neighboring facets: f90 f375 f374
- f374
    - flags: bottom simplicial
    - normal:     0.901 -0.04622  -0.4314
    - offset: -0.03948506
    - vertices: p251(v83) p867(v67) p617(v24)
    - neighboring facets: f297 f373 f376
- f375
    - flags: top simplicial
    - normal:    0.7474  -0.5756  -0.3319
    - offset:  -0.101463
    - vertices: p251(v83) p576(v48) p849(v1)
    - neighboring facets: f211 f373 f376
- f376
    - flags: top simplicial
    - normal:    0.8072  -0.3335   -0.487
    - offset: -0.07416217
    - vertices: p251(v83) p867(v67) p576(v48)
    - neighboring facets: f297 f375 f374
- f387
    - flags: top simplicial
    - normal:   -0.8434  -0.1071   0.5266
    - offset: -0.0575225
    - center: -0.02896813333333332 -0.1033727333333333 0.04182719999999999 
    - vertices: p606(v86) p680(v75) p841(v54)
    - neighboring facets: f399 f431 f389
- f389
    - flags: bottom simplicial
    - normal:   -0.6105  -0.1914   0.7685
    - offset: -0.07078657
    - center: -0.02433166666666667 -0.1047714 0.04667943333333333 
    - vertices: p606(v86) p680(v75) p945(v5)
    - neighboring facets: f396 f438 f387
- f390
    - flags: bottom simplicial
    - normal:   -0.9366 -0.009241   0.3503
    - offset: -0.04413256
    - vertices: p606(v86) p423(v35) p151(v22)
    - neighboring facets: f234 f391 f434
- f391
    - flags: top simplicial
    - normal:   -0.9356 -0.01893   0.3524
    - offset: -0.04474049
    - vertices: p606(v86) p956(v80) p151(v22)
    - neighboring facets: f355 f390 f432
- f396
    - flags: top simplicial tested
    - normal:   -0.6138   -0.285   0.7363
    - offset: -0.08185555
    - center: -0.02521719999999999 -0.1316926666666667 0.03918276666666666 
    - vertices: p720(v87) p680(v75) p945(v5)
    - neighboring facets: f389 f402 f399
- f397
    - flags: bottom simplicial tested
    - normal:   -0.3429  -0.9325   0.1139
    - offset: -0.1370194
    - center: -0.03383530000000001 -0.132096 0.01970996 
    - vertices: p720(v87) p507(v74) p59(v9)
    - neighboring facets: f358 f400 f398
- f398
    - flags: top simplicial tested
    - normal:   -0.7227   -0.626    0.293
    - offset: -0.1133176
    - center: -0.03221213333333332 -0.1308286666666667 0.02779673333333333 
    - vertices: p720(v87) p507(v74) p841(v54)
    - neighboring facets: f359 f399 f397
- f399
    - flags: bottom simplicial tested
    - normal:   -0.7767  -0.4844   0.4025
    - offset: -0.1001242
    - center: -0.02985366666666666 -0.130294 0.03433053333333333 
    - vertices: p720(v87) p680(v75) p841(v54)
    - neighboring facets: f387 f398 f396
- f400
    - flags: top simplicial tested seen
    - normal:   -0.1121  -0.9933  0.02864
    - offset:  -0.135691
    - center: -0.03426596666666667 -0.1323616666666667 0.01318576333333333 
    - vertices: p720(v87) p357(v82) p59(v9)
    - neighboring facets: f369 f397 f460
    - ridges:
- f402
    - flags: bottom simplicial tested seen
    - normal:  -0.002417       -1 0.006716
    - offset: -0.1328135
    - center: -0.01530017333333333 -0.132493 0.04272506666666667 
    - vertices: p720(v87) p569(v46) p945(v5)
    - neighboring facets: f203 f396 f459
    - ridges:
- f403
    - flags: top simplicial
    - normal:   -0.4811   0.6666   0.5693
    - offset: -0.04318632
    - vertices: p546(v88) p607(v20) p249(v19)
    - neighboring facets: f74 f404 f405
- f404
    - flags: bottom simplicial
    - normal:   -0.5004   0.6662    0.553
    - offset: -0.04278994
    - vertices: p546(v88) p505(v78) p249(v19)
    - neighboring facets: f342 f403 f406
- f405
    - flags: top simplicial
    - normal:   -0.2721   0.9618 -0.02952
    - offset: -0.02462778
    - vertices: p546(v88) p346(v37) p607(v20)
    - neighboring facets: f258 f403 f406
- f406
    - flags: top simplicial
    - normal:   -0.4444    0.862  -0.2438
    - offset: -0.01624782
    - vertices: p546(v88) p505(v78) p346(v37)
    - neighboring facets: f348 f405 f404
- f407
    - flags: bottom simplicial
    - normal:    -0.977 -0.01925   0.2125
    - offset: -0.04331546
    - vertices: p92(v89) p956(v80) p968(v40)
    - neighboring facets: f355 f409 f408
- f408
    - flags: top simplicial
    - normal:   -0.9836   -0.068   0.1668
    - offset: -0.04876714
    - vertices: p92(v89) p956(v80) p902(v61)
    - neighboring facets: f356 f410 f407
- f409
    - flags: bottom simplicial
    - normal:   -0.9864 -0.01557   0.1633
    - offset: -0.04239598
    - vertices: p92(v89) p968(v40) p299(v0)
    - neighboring facets: f172 f410 f407
- f410
    - flags: top simplicial
    - normal:   -0.9923 -0.01831   0.1226
    - offset: -0.04226634
    - vertices: p92(v89) p902(v61) p299(v0)
    - neighboring facets: f267 f409 f408
- f411
    - flags: top simplicial
    - normal:  -0.01526  -0.4559  -0.8899
    - offset: -0.08137375
    - vertices: p610(v90) p760(v81) p234(v18)
    - neighboring facets: f364 f422 f418
- f415
    - flags: top simplicial
    - normal:  -0.005535  -0.8165  -0.5774
    - offset: -0.1197824
    - vertices: p621(v91) p686(v66) p576(v48)
    - neighboring facets: f291 f416 f417
- f416
    - flags: bottom simplicial
    - normal:  -0.002326  -0.8118  -0.5839
    - offset: -0.1193812
    - vertices: p621(v91) p760(v81) p576(v48)
    - neighboring facets: f365 f415 f418
- f417
    - flags: top simplicial
    - normal:  -0.01199  -0.8032  -0.5956
    - offset: -0.1184672
    - center: -0.002917996666666667 -0.129925 -0.0236418 
    - vertices: p621(v91) p610(v90) p686(v66)
    - neighboring facets: f443 f415 f418
- f418
    - flags: bottom simplicial
    - normal:  -0.01111  -0.7616   -0.648
    - offset: -0.1144554
    - vertices: p621(v91) p610(v90) p760(v81)
    - neighboring facets: f411 f416 f417
- f419
    - flags: bottom simplicial
    - normal:   -0.1438    0.058  -0.9879
    - offset: -0.02151012
    - center: -0.009115396666666666 -0.07913862000000001 -0.02509296666666667 
    - vertices: p659(v92) p407(v84) p835(v52)
    - neighboring facets: f425 f421 f447
- f420
    - flags: top simplicial
    - normal:   0.02775  0.08037  -0.9964
    - offset: -0.01881754
    - vertices: p659(v92) p234(v18) p785(v6)
    - neighboring facets: f276 f421 f422
- f421
    - flags: bottom simplicial
    - normal:   0.02105  0.08148  -0.9965
    - offset: -0.01869802
    - vertices: p659(v92) p835(v52) p785(v6)
    - neighboring facets: f231 f420 f419
- f422
    - flags: top simplicial
    - normal:   -0.1305  -0.2489  -0.9597
    - offset: -0.05722382
    - center: -0.0003923333333333329 -0.12346 -0.02755236666666666 
    - vertices: p659(v92) p610(v90) p234(v18)
    - neighboring facets: f411 f420 f448
- f424
    - flags: bottom simplicial tested
    - normal:   -0.1977  0.05354  -0.9788
    - offset: -0.02228521
    - center: -0.01994723333333333 -0.05545532 -0.02177216666666667 
    - vertices: p920(v93) p653(v72) p835(v52)
    - neighboring facets: f315 f425 f446
- f425
    - flags: top simplicial tested
    - normal:   -0.1741  0.05521  -0.9832
    - offset: -0.02195556
    - center: -0.01233695666666667 -0.07552262 -0.0243871 
    - vertices: p920(v93) p407(v84) p835(v52)
    - neighboring facets: f419 f424 f444
- f430
    - flags: bottom simplicial
    - normal:    -0.921 -0.05942   0.3849
    - offset: -0.05002899
    - vertices: p199(v94) p956(v80) p841(v54)
    - neighboring facets: f359 f431 f432
- f431
    - flags: top simplicial
    - normal:   -0.9191  -0.0416   0.3917
    - offset: -0.04787296
    - vertices: p199(v94) p606(v86) p841(v54)
    - neighboring facets: f387 f430 f432
- f432
    - flags: bottom simplicial
    - normal:   -0.9347  -0.0204    0.355
    - offset: -0.04494451
    - vertices: p199(v94) p606(v86) p956(v80)
    - neighboring facets: f391 f430 f431
- f433
    - flags: bottom simplicial
    - normal:   -0.2095 -0.003413   0.9778
    - offset: -0.06645031
    - vertices: p912(v95) p262(v77) p423(v35)
    - neighboring facets: f341 f434 f435
- f434
    - flags: top simplicial
    - normal:   -0.7035 -0.07079   0.7072
    - offset: -0.06310824
    - vertices: p912(v95) p606(v86) p423(v35)
    - neighboring facets: f390 f433 f438
- f435
    - flags: top simplicial
    - normal:  -0.04531 -0.08958   0.9949
    - offset: -0.06758883
    - vertices: p912(v95) p262(v77) p525(v28)
    - neighboring facets: f337 f436 f433
- f436
    - flags: top simplicial
    - normal:  -0.06928  -0.1727   0.9825
    - offset: -0.07087035
    - vertices: p912(v95) p525(v28) p865(v16)
    - neighboring facets: f197 f437 f435
- f437
    - flags: top simplicial
    - normal:   -0.2978  -0.2135   0.9305
    - offset: -0.0743474
    - vertices: p912(v95) p865(v16) p945(v5)
    - neighboring facets: f203 f438 f436
- f438
    - flags: bottom simplicial
    - normal:   -0.3919  -0.2077   0.8963
    - offset: -0.07401338
    - vertices: p912(v95) p606(v86) p945(v5)
    - neighboring facets: f389 f437 f434
- f443
    - flags: bottom simplicial tested
    - normal:   -0.2952  -0.5485  -0.7823
    - offset: -0.09215939
    - center: -0.01181296333333334 -0.1279336666666667 -0.02364786666666667 
    - vertices: p994(v97) p610(v90) p686(v66)
    - neighboring facets: f417 f450 f448
- f444
    - flags: bottom simplicial tested
    - normal:   -0.2245  0.01813  -0.9743
    - offset: -0.02630022
    - center: -0.01211799 -0.114325 -0.02632846666666667 
    - vertices: p994(v97) p920(v93) p407(v84)
    - neighboring facets: f425 f447 f446
- f446
    - flags: top simplicial tested
    - normal:   -0.2574  0.03054  -0.9658
    - offset: -0.0251024
    - center: -0.01972826666666667 -0.0942577 -0.02371353333333333 
    - vertices: p994(v97) p920(v93) p653(v72)
    - neighboring facets: f424 f451 f444
- f447
    - flags: top simplicial tested
    - normal:   -0.2007 -4.162e-05  -0.9796
    - offset: -0.0282748
    - center: -0.00889643 -0.117941 -0.02703433333333333 
    - vertices: p994(v97) p659(v92) p407(v84)
    - neighboring facets: f419 f444 f448
- f448
    - flags: bottom simplicial tested
    - normal:   -0.1347   -0.247  -0.9596
    - offset: -0.05699929
    - center: -0.007977336666666666 -0.123452 -0.02650393333333332 
    - vertices: p994(v97) p659(v92) p610(v90)
    - neighboring facets: f422 f443 f447
- f449
    - flags: top simplicial tested seen
    - normal:   -0.4942  -0.5607  -0.6643
    - offset: -0.09402745
    - center: -0.02685176666666667 -0.129529 -0.01223366333333334 
    - vertices: p58(v98) p357(v82) p686(v66)
    - neighboring facets: f460 f450 f455
    - ridges:
- f450
    - flags: bottom simplicial tested
    - normal:    -0.493  -0.5547  -0.6703
    - offset: -0.09332864
    - center: -0.02003113333333334 -0.126296 -0.01999240000000001 
    - vertices: p58(v98) p994(v97) p686(v66)
    - neighboring facets: f443 f449 f451
- f451
    - flags: top simplicial tested
    - normal:   -0.6128 -0.05967   -0.788
    - offset: -0.03751809
    - center: -0.02614506666666667 -0.09938436666666667 -0.0197543 
    - vertices: p58(v98) p994(v97) p653(v72)
    - neighboring facets: f446 f457 f450
- f454
    - flags: bottom simplicial
    - normal:   -0.9034 -0.03027  -0.4278
    - offset: -0.03834994
    - vertices: p133(v99) p357(v82) p776(v50)
    - neighboring facets: f370 f456 f455
- f455
    - flags: bottom simplicial
    - normal:   -0.8592  -0.0762  -0.5059
    - offset: -0.04297513
    - vertices: p133(v99) p58(v98) p357(v82)
    - neighboring facets: f449 f454 f457
- f456
    - flags: top simplicial
    - normal:   -0.8575 -0.04425  -0.5126
    - offset: -0.03910902
    - vertices: p133(v99) p653(v72) p776(v50)
    - neighboring facets: f316 f454 f457
- f457
    - flags: top simplicial
    - normal:   -0.8551 -0.04501  -0.5165
    - offset: -0.03914836
    - vertices: p133(v99) p58(v98) p653(v72)
    - neighboring facets: f451 f456 f455
- f458
    - flags: bottom simplicial tricoplanar keepcentrum
    - owner of normal & centrum is facet f458
    - normal:         0       -1        0
    - offset:    -0.1325
    - center: -0.008468784000000002 -0.1325 0.014049416 
    - vertices: p720(v87) p686(v66) p824(v31)
    - neighboring facets: f291 f459 f460
- f459
    - flags: top simplicial tricoplanar
    - owner of normal & centrum is facet f458
    - normal:         0       -1        0
    - offset:    -0.1325
    - center: -0.008468784000000002 -0.1325 0.014049416 
    - vertices: p720(v87) p569(v46) p824(v31)
    - neighboring facets: f285 f458 f402
- f460
    - flags: bottom simplicial tricoplanar
    - owner of normal & centrum is facet f458
    - normal:         0       -1        0
    - offset:    -0.1325
    - center: -0.008468784000000002 -0.1325 0.014049416 
    - vertices: p720(v87) p357(v82) p686(v66)
    - neighboring facets: f449 f458 f400
