3
1000 248 372
0.0283985 0.00715969 0.00462312 
-0.00343963 -0.0297865 0.100282 
0.0343301 -0.0238686 0.0181855 
0.0361271 -0.0516801 0.0868732 
-0.00201175 -0.0121554 0.0714075 
-0.0328604 -0.0302621 0.0625761 
0.0222693 -0.0264343 0.0218484 
0.00474631 -0.0668879 0.038013 
0.0228649 -0.106963 0.0624462 
-0.0174438 -0.0270968 0.0595248 
0.0346791 0.00670284 0.0615759 
-0.0064098 -0.00922097 0.0833715 
-0.039794 -0.00531234 0.010144 
0.0523525 0.00380779 0.0633465 
0.0543301 -0.00222042 0.0609298 
0.0373301 -0.0130087 0.0770395 
0.0283301 0.0158539 0.07275959999999999 
0.00646113 -0.0421371 0.0518574 
0.0526301 -0.07633470000000001 0.0843695 
-0.00177162 -0.07676280000000001 0.0375484 
-0.00243997 -0.000850375 0.0826978 
0.0526301 -0.00180371 0.05089 
0.00658835 -0.0253124 0.07721740000000001 
-0.00366302 -0.013961 0.083526 
-0.0265432 0.0166768 0.0800115 
0.0339066 -0.0295874 0.0858117 
0.0126416 -0.09150659999999999 0.10652 
0.003137 0.0419064 0.014217 
-0.014071 -0.015161 0.0821688 
-0.00242905 -0.0341516 0.0456635 
0.00234827 -0.0389719 0.012155 
0.009330120000000001 -0.0669097 0.0383975 
-0.00246754 -0.0253171 0.100849 
-0.0100798 -0.0484227 0.108452 
-0.00101531 -0.025531 0.07908949999999999 
0.0218342 0.0393537 0.0218484 
-0.0107692 -0.012571 0.0941878 
0.0277712 0.032724 0.0120337 
0.0283301 0.00680212 0.0774455 
0.0525055 -0.0132353 0.0683923 
0.0154463 0.0341997 0.055755 
0.0450072 -0.07083639999999999 0.09401900000000001 
0.0418697 -0.0727165 0.06869 
0.0343301 -0.0631232 0.0505864 
0.0113489 -0.013961 0.07098889999999999 
0.0132972 -0.0665964 0.100841 
-0.0218917 -0.107467 0.08300730000000001 
-0.0165186 -0.023 0.06990349999999999 
0.00351284 -0.021261 0.0794431 
0.0157709 0.0190466 0.0179201 
0.0393018 -0.00288527 0.0137211 
0.0306563 0.0286197 0.00744904 
0.0156591 -0.0548606 0.106135 
0.0278897 -0.0404286 0.0485242 
-0.00184611 0.0388194 0.0126576 
0.0526301 -0.0151185 0.0609969 
-0.0068203 -0.0144974 0.0690484 
-0.0163134 -0.021261 0.08798930000000001 
0.0343301 0.0265247 0.034265 
0.0175104 -0.0228272 0.00658516 
-0.0146269 -0.0898288 0.10754 
0.0264572 0.009540119999999999 0.0199021 
0.0543301 -0.07197489999999999 0.0543335 
0.0343301 -0.00734824 0.0898925 
0.009330120000000001 -0.0974816 0.0550768 
0.0463219 -0.0180391 0.073314 
0.0474716 -0.038363 0.0802126 
-0.0169314 -0.0398549 0.0243969 
0.0119343 -0.016767 0.00378945 
0.0168067 -0.0225544 0.0766728 
-0.0231281 -0.00702238 0.0901319 
-0.00162678 -0.0195316 0.00324236 
-0.0127669   0.02 0.0793118 
0.020924 -0.106677 0.0765738 
0.0258558 -0.0321792 0.0758986 
0.0198635 -0.00702238 0.0721128 
-0.0336699 -0.00798518 0.0189047 
0.0483889 -0.06552139999999999 0.0706975 
0.0484388 -0.0585168 0.0907681 
0.0395167 -0.00644283 0.0424141 
0.0386915 -0.0185947 0.00887432 
-0.0336699 0.0187986 0.0237817 
0.0137461 -0.016761 0.0969994 
-0.008514499999999999 -0.0210541 0.00284839 
0.0246639 -0.0135785 0.0181324 
-0.00349139 -0.013961 0.083249 
0.0374808 -0.0213446 0.00322758 
-0.0005890030000000001 -0.0780589 0.0379365 
-0.00638316 -0.0248453 0.00284839 
-0.0228511 -0.0334362 0.0792952 
-0.00711285 -0.0288836 0.0912205 
-0.00749363 -0.009070969999999999 0.0968739 
0.0343301 -0.0196081 0.0202405 
0.0122832 -0.00964593 0.0916093 
-0.0104087 -0.02126 0.097992 
0.00180345 -0.0352831 0.0168484 
-0.00766744 -0.023 0.0998106 
-0.0282793 -0.0320993 0.09848800000000001 
0.0513541 -0.0645936 0.0659897 
0.0179531 -0.025 0.07359739999999999 
0.0543301 -0.040728 0.0685187 
-0.000861885 -0.00702238 0.09904010000000001 
0.00700533 -0.109889 0.0745176 
-0.0209239 -0.0924997 0.105512 
0.0148681 0.0233596 0.0214122 
-0.0149087 -0.01792 0.09388050000000001 
0.0383102 -0.06780559999999999 0.09266779999999999 
0.0543301 -0.0105215 0.0645505 
0.0543301 -0.0455299 0.0547654 
0.0105346 -0.038112 0.0110792 
-0.0334082 -0.0464515 0.0245511 
0.0219747 -0.0278519 0.0570893 
0.0251946 -0.033945 0.0609582 
0.0497401 -0.0445163 0.0827174 
0.000423447 -0.011421 0.07146180000000001 
-0.0181699 -0.0140278 0.07293139999999999 
0.0179357 0.0144815 0.00284839 
0.009643769999999999 -0.00245037 0.0743262 
0.00425798 -0.0448145 0.0290967 
-0.020819 -0.105777 0.0899621 
0.026363 0.0236456 0.0229799 
-0.00496976 -0.023 0.0740123 
0.0343301 0.00554307 0.0344365 
-0.00151678 0.0171452 0.0160021 
0.0446476 -0.0882754 0.07166400000000001 
0.0233301 -0.0380196 0.0546206 
0.0343301 0.000399181 0.0720108 
0.022779 -0.0131906 0.0179201 
0.0400808 -0.0277818 0.0761714 
0.00579732 -0.021271 0.0857163 
0.0056619 -0.025 0.08739 
-0.0291699 -0.0238379 0.0275302 
0.0397379 -0.0716672 0.0681554 
0.0343301 0.0247444 0.0428329 
0.008421049999999999 -0.036939 0.0226824 
-0.0237579 -0.00804381 0.0845419 
-0.00339834 -0.10398 0.09388879999999999 
-0.00633215 -0.107161 0.0583154 
0.038215 -0.0156299 0.0424413 
-0.0120798 -0.105196 0.053965 
0.0286466 -0.027169 0.100813 
0.00498573 -0.000850375 0.08570899999999999 
0.0253301 -0.0233764 0.07849399999999999 
0.0303301 0.00633709 0.06852080000000001 
-0.0067066 0.0400802 0.00634377 
-0.0176582 -0.0374419 0.00578167 
-0.0043166 -0.0811813 0.111207 
-0.008337829999999999 -0.0194186 0.00370671 
0.0480611 -0.06463339999999999 0.0656293 
0.0425921 -0.074226 0.0893654 
0.0526301 -0.000953999 0.0503897 
0.0492851 -0.067952 0.0791091 
0.0480698 -0.06866419999999999 0.06350069999999999 
0.009330120000000001 -0.0830524 0.0420007 
-0.0263199 0.0398263 0.0537695 
-0.033477 0.0240855 0.0131665 
0.0447053 0.000637731 0.0503732 
0.0543301 0.0165242 0.0536352 
0.0308986 -0.0296676 0.00396086 
-0.010873 -0.0196031 0.0969806 
0.0208484 -0.0744818 0.0400574 
0.009330120000000001 -0.102283 0.0822094 
0.00470886 -0.0730141 0.107616 
0.0447091 0.0171607 0.0413045 
-0.0289038 -0.0318277 0.0254781 
-0.0184278 -0.100435 0.0540525 
-0.0155309 -0.0432025 0.0262339 
0.00741896 -0.0412743 0.0250848 
-0.0291699 -0.0191354 0.0666485 
-0.0151355 -0.0463485 0.0217871 
0.047813 -0.0590624 0.0891947 
0.0343301 0.0161612 0.0350933 
0.000140043 -0.008622370000000001 0.076892 
-0.00646906 -0.008622370000000001 0.0732341 
0.0208783 -0.0323621 0.100291 
0.0369932 -0.0462343 0.0476477 
0.0381168 -0.0564678 0.064356 
0.00375328 -0.0192496 0.0107416 
-0.00534108 -0.06371930000000001 0.108049 
-0.0333515 0.0148194 0.0857528 
0.022894 -0.0204467 0.0090802 
0.0520275 -0.0142134 0.0406479 
-0.000764231 -0.011421 0.07739 
0.0111325 -0.00306063 0.07004970000000001 
0.0130591 -0.021401 0.0970746 
-0.0269413 -0.0305931 0.07589 
0.0184127 0.0368111 0.00937085 
0.0543301 -0.0544573 0.0553271 
-0.0279625 0.0189502 0.07659870000000001 
0.0526301 -0.0237142 0.0554782 
0.0428944 -0.0883056 0.0620611 
0.0526301 -0.0608542 0.0716005 
0.0233301 -0.0708869 0.104466 
-0.0291699 -0.0184267 0.0629001 
-0.0149379 -0.0149961 0.0823434 
0.0526301 0.00547729 0.0536136 
0.0233301 -0.0732269 0.103224 
-0.0320897 -0.044503 0.0415477 
0.0213579 -0.0356247 0.0696768 
0.0343301 -0.0127007 0.0237671 
0.0348061 -0.0598593 0.0830138 
0.0543301 -0.0358688 0.0574216 
-0.00347169 -0.100786 0.0473965 
-0.00362488 -0.104711 0.0636722 
0.0112321 -0.0962592 0.06315460000000001 
0.0122007 -0.0179872 0.008730430000000001 
0.0415437 -0.0789015 0.0561775 
-0.0291699 0.0386233 0.0290609 
0.009227310000000001 -0.0411655 0.00387369 
0.0191784 -0.06360590000000001 0.102588 
0.0334849 -0.0297999 0.0842606 
-0.0333376 -0.0313119 0.0571825 
-0.00143138 -0.0177444 0.0122597 
-0.0206362 -0.025 0.0740861 
-0.0316274 0.0335625 0.0521871 
0.00598873 -0.100287 0.0900619 
0.00108318 -0.00245037 0.07675129999999999 
0.0233301 -0.0639966 0.034258 
0.0276236 -0.0226507 0.0118484 
-0.0288308 -0.023362 0.09788719999999999 
0.0526301 -0.0332713 0.0484841 
0.00959958 -0.0788196 0.09951210000000001 
0.00259167  0.042 0.0192677 
-0.0336699 -0.0137253 0.0719484 
0.0445921 -0.08207109999999999 0.0837459 
0.00221151 0.0349755 0.0526974 
-0.0182374 -0.00702238 0.06982049999999999 
-0.0127192 -0.021261 0.07290779999999999 
0.00631648 -0.0763963 0.112314 
0.00107695 -0.025 0.0984307 
0.000819117 -0.015161 0.0964642 
0.035266 0.0187851 0.0645612 
0.0278554 -0.033198 0.0423843 
0.0370988 -0.02095 0.0426535 
-0.0336699 -0.0377376 0.0347158 
0.0179365 -0.044618 0.051937 
-0.034436 0.0196539 0.00465917 
0.0239466 -0.0253075 0.021971 
0.0527726 -0.0636292 0.09253069999999999 
0.00280348 -0.021271 0.08265260000000001 
-0.0222784 -0.00495641 0.08225970000000001 
-0.0291699 -0.00579429 0.069504 
0.0534004 -0.061317 0.0916082 
0.0131199 -0.050281 0.024846 
0.0539862 -0.0509811 0.0868043 
0.0526301 -0.0390472 0.06965159999999999 
0.0496067 -0.0152197 0.069978 
0.0148495 -0.0319513 0.0218484 
0.0343301 0.0288634 0.0645674 
0.0489215 -0.0334854 0.0798378 
-0.00411636 -0.103613 0.0606551 
0.0343301 -0.0408442 0.0289371 
0.0140359 0.0399509 0.00992928 
0.000167716 -0.0419666 0.0130684 
0.0460112 -0.0614037 0.0512914 
-0.0137017 -0.008249380000000001 0.0932219 
0.03531 -0.0524329 0.0745038 
0.0237028 0.0224189 0.0110787 
0.0343301 -0.0529808 0.0876894 
0.0283301 0.0346255 0.0417991 
-0.0325463 -0.0394331 0.0459235 
-0.00875416 -0.0272981 0.0588461 
-0.0224379 -0.00369915 0.08394699999999999 
0.00824707 -0.0631398 0.0387584 
0.0526301 -0.0537993 0.0587942 
-0.0403791 0.00297586 0.00709281 
0.0140989 -0.008622370000000001 0.07012500000000001 
-0.022575 -0.0487636 0.0238127 
0.0073898 0.0333712 0.0584488 
0.015186 -0.039584 0.00687353 
0.0243466 0.00146163 0.008923810000000001 
-0.00747525 -0.0966757 0.0488571 
0.00497845 -0.0363836 0.0639459 
-0.0315016 -0.0110221 0.0366196 
0.0383301 -0.0018992 0.0674902 
0.0543301 -0.00138155 0.0417613 
-0.009354929999999999 -0.013961 0.0704032 
-0.0112458 -0.0613132 0.0380719 
-0.023612 -0.0329777 0.06562369999999999 
0.0343301 -0.00329906 0.0766589 
-0.0193457 -0.00457772 0.0179201 
0.00903399 -0.07757310000000001 0.0336181 
0.0343301 0.00143994 0.0355368 
-0.0229534 -0.0276499 0.09979739999999999 
-0.0181489 -0.01872 0.0821518 
0.0543301 0.00152009 0.0446386 
0.00635468 0.0318103 0.0218484 
-0.0115069 -0.0356423 0.101431 
0.0416116 -0.0854341 0.0803256 
0.0233301 -0.105109 0.07490579999999999 
0.0369837 -0.0236469 0.0431788 
-0.0336699 0.009545379999999999 0.0726512 
-0.0261279 0.00446345 0.00689428 
-0.00397043 -0.008622370000000001 0.0977073 
0.0421866 -0.060012 0.0592674 
-0.0194405 -0.0488745 0.101698 
0.0330634 -0.0039799 0.0113128 
-0.0226615 -0.0246324 0.101691 
0.00581911 -0.0741829 0.0382698 
0.0363818 -0.0651817 0.07399550000000001 
0.0283301 -0.0007406789999999999 0.07575469999999999 
0.0540955 -0.0410403 0.046458 
-0.0326522 -0.033796 0.0538959 
0.0343301 0.025898 0.0517031 
-0.0291699 -0.0236211 0.0360028 
0.0543301 -0.0456025 0.0526925 
0.0045918 -0.0673865 0.112728 
-0.0237786 0.036167 0.0218484 
0.0343301 0.0106894 0.0633657 
-0.0372073 0.00919064 0.0122165 
-0.0221279 -0.00470352 0.0862047 
0.0217239 -0.0278235 0.0218484 
0.0259073 -0.0535948 0.0380959 
0.049463 0.0129604 0.0480287 
0.0051735 -0.07660110000000001 0.0385368 
0.00967693 -0.0584408 0.0474243 
-0.0210003 0.0356065 0.0518484 
-0.00502583 -0.00336854 0.09438970000000001 
-0.00841828 -0.01872 0.09873120000000001 
-0.008221590000000001 -0.0173033 0.010091 
0.039461 -0.0341526 0.0436965 
-0.0136847 -0.00947481 0.0726184 
-0.00989759 -0.023 0.09345870000000001 
0.016787 -0.0640071 0.105163 
0.00345816 -0.008622370000000001 0.0888639 
0.0102347 -0.0148988 0.016009 
0.00198134 -0.0626121 0.107854 
-0.00949296 0.0209712 0.0136656 
0.0369961 0.0195779 0.009068420000000001 
-0.0121302 -0.0204162 0.0795366 
0.0383336 0.0208771 0.0490397 
0.0543301 0.0143183 0.0453789 
-0.0336699 -0.0242395 0.06709859999999999 
-0.00748515 -0.0546974 0.105189 
-0.0145583 0.0156777 0.00284839 
0.0343301 0.0213537 0.0610772 
0.0354546 0.00551381 0.0392436 
-0.0345268 -0.016223 0.010931 
0.0373301 0.0258843 0.0478613 
0.00272293 -0.0285335 0.0902531 
-0.0129854 -0.010221 0.0785637 
-0.0288631 -0.0051349 0.02523 
0.00407658 -0.025 0.09821870000000001 
0.0453541 -0.0764881 0.0866445 
-0.0325413 -0.0327323 0.0563856 
0.036691 -0.0226154 0.00623467 
-0.0288108 0.009132980000000001 0.0238928 
0.0170866 -0.0435334 0.0876271 
0.0476629 -0.00808821 0.0408622 
0.0171928 -0.0592032 0.0365954 
0.050042 -0.0481436 0.0489556 
0.0206487 -0.054973 0.105066 
0.0142752 -0.0429324 0.0368383 
0.00771653 0.0309055 0.0161477 
0.0259775 -0.0548907 0.034841 
-0.0318037 0.000286267 0.09436899999999999 
-0.0230508 -0.026025 0.0218484 
0.0193947 0.0119181 0.0170987 
0.0148343 -0.0501519 0.100839 
0.038385 -0.0683704 0.0896383 
0.0523093 -0.0886924 0.07440529999999999 
0.0327885 0.0306387 0.0717986 
0.03574 -0.0825477 0.0550436 
0.0325947 0.0346751 0.0649817 
0.0543301 -0.0138773 0.0523973 
0.009763239999999999 -0.0849588 0.109944 
-0.00119689 -0.101904 0.0487295 
0.0170397 -0.0398897 0.0728056 
0.0343301 0.00752621 0.0804724 
0.0489482 -0.0787931 0.0693795 
0.00610012 -0.0109951 0.0781584 
0.0240751 -0.025 0.0939923 
0.0343301 -0.0161491 0.0706064 
-0.0154878 -0.0214052 0.0706138 
0.0486093 -0.0470376 0.0857594 
0.00478371 -0.00862605 0.07200230000000001 
-0.00071462 -0.020632 0.0943085 
0.00895891 -0.00702238 0.0970308 
0.0161101 0.0324081 0.0612284 
0.0543301 -0.0248215 0.0637031 
-0.0206912 0.0128514 0.08325929999999999 
-0.0196722 -0.0115608 0.0045091 
-0.00918018 -0.0611458 0.107595 
0.0423301 -8.88123e-05 0.069089 
0.00644986 -0.0927593 0.09918970000000001 
0.0145449 -0.0583535 0.10361 
-0.0336699 -0.0450598 0.0248742 
-0.0177793 -0.00501359 0.0984497 
-0.0208484 0.0407741 0.0204493 
0.0433606 -0.0352212 0.0482525 
0.00543488 -0.0416631 0.0119562 
-0.0175677 -0.00642225 0.009773749999999999 
-0.0117408 0.0278737 0.0218484 
0.00742023 -0.025 0.0978503 
0.0389333 -0.0211487 0.0752307 
-0.0178747 -0.0360323 0.0433671 
-0.011811 -0.015161 0.0824516 
0.0152495 -0.0176574 0.0967495 
-0.0401017 -0.00522413 0.00466239 
0.0268112 -0.052265 0.0386209 
-0.0335845 0.0382901 0.0476791 
0.0162709 -0.0934704 0.0404662 
0.0363301 0.0161819 0.0523082 
-0.0210716 -0.023 0.0969188 
0.0200369 -0.008622370000000001 0.0740011 
0.0425304 0.0170118 0.0497619 
-0.0165951 -0.0154186 0.08047899999999999 
-0.0336699 -0.0223542 0.094975 
0.0543301 -0.0793667 0.0859746 
-0.00248546 -0.0254574 0.0784596 
-0.0169046 -0.0167948 0.07345790000000001 
-0.0291699 -0.0370184 0.0298942 
-0.023008 -0.0103985 0.0179201 
0.0458145 0.0204369 0.0482019 
-0.0147198 -0.023 0.0967908 
0.0536736 -0.0456776 0.0847033 
-0.0125986 -0.015161 0.09608410000000001 
0.0324017 0.0243726 0.0794459 
-0.0224257 -0.10364 0.0878958 
0.0350598 -0.063583 0.09368029999999999 
-0.00520314 -0.0285026 0.09017310000000001 
0.0327715 -0.0298659 0.08033410000000001 
0.0343301 -0.0138765 0.0769789 
-0.0182705 -0.00481267 0.08467470000000001 
0.0437082 -0.0102238 0.0682536 
-0.0186074 -0.061484 0.0380418 
0.0397221 -0.0652151 0.0892114 
-0.0199056 -0.0256747 0.08032 
0.0316734 0.0395249 0.0523544 
0.00774408 0.0356776 0.0168484 
-0.0155718 -0.009819710000000001 0.0954784 
0.0213146 -9.76999e-05 0.00587696 
-0.0291699 -0.00622437 0.07000140000000001 
-0.00485567   0.02 0.08140459999999999 
-0.0075511 -0.00490198 0.08956450000000001 
-0.0336699 -0.00599082 0.0889605 
-0.0336699 0.0210226 0.0773389 
-0.0332312 -0.00566312 0.0657095 
0.0352814 0.0144614 0.0557964 
0.00221756 -0.0956409 0.0478809 
0.0513541 -0.07356790000000001 0.0808777 
-0.0119726 -0.0146333 0.00761242 
0.0287212 -0.00631037 0.0931722 
0.0194725 0.0374127 0.0518484 
0.0175069 -0.0236563 0.101848 
-0.0221818 -0.102281 0.0553294 
0.0327458 -0.0325549 0.0927684 
0.0411496 -0.0269544 0.0423929 
0.042242 0.00146206 0.0608688 
-0.0125042 -0.0407244 0.0521103 
0.0012435 -0.103367 0.0857175 
0.0075625 0.0189946 0.009581640000000001 
0.0433979 -0.0141668 0.0417607 
0.0166225 -0.043005 0.0633793 
0.0453541 -0.06315179999999999 0.0682975 
-0.0181699 -0.0105464 0.0805544 
-0.029759 -0.0288709 0.100301 
-0.00788583 -0.109358 0.079761 
-0.0208958 -0.025 0.0761691 
0.0494181 -0.06475359999999999 0.0661615 
-0.00888166 -0.0288859 0.100414 
-0.00224653 -0.0170541 0.0161224 
0.0348914 -0.0210614 0.0425182 
0.0401246 -0.0769721 0.0884585 
-0.0106472 -0.109882 0.0748654 
0.009330120000000001 -0.0397959 0.06301710000000001 
0.0543301 -0.0713177 0.0911102 
0.0343301 0.0159118 0.0696152 
-0.009815340000000001 -0.105632 0.0697043 
0.00658742 -0.0256978 0.0805181 
0.0155052 -0.0905562 0.09862079999999999 
-0.0031753 -0.0174565 0.0179201 
0.0125617 -0.08740530000000001 0.0368734 
-0.00515639 -0.041182 0.051565 
0.0506839 0.00709354 0.0542473 
-0.0308512 0.0321347 0.0156118 
0.00359257 -0.008622370000000001 0.0698073 
0.0283301 -0.0107981 0.0656513 
0.0491135 0.00728898 0.0446378 
-0.00869814 -0.01872 0.08279540000000001 
0.0199119 -0.0125318 0.009227920000000001 
-0.0173399 -0.025 0.101178 
0.0461306 0.0217517 0.0509994 
0.0312677 -0.0012373 0.009360820000000001 
-0.0336699 0.0286975 0.0303258 
-0.0335521 -0.0108092 0.0956828 
0.0543301 -0.0859386 0.0823252 
-0.00374606 -0.021271 0.0817938 
0.0486692 0.0131704 0.0363275 
0.0519843 -0.0597397 0.0496508 
0.015143 -0.0859592 0.0448747 
0.009330120000000001 -0.06793349999999999 0.10307 
-0.0256281 -0.0425301 0.0368585 
0.0017747 -0.08484170000000001 0.10999 
-0.0194979 0.039107 0.0565086 
0.00135208 -0.021271 0.0852353 
-0.000910453 -0.105611 0.0761796 
0.015615 -0.0555117 0.0453058 
-0.00567404 -0.010221 0.0807484 
-0.014946 -0.0618627 0.0300425 
0.0458541 0.00624048 0.0442928 
-0.00126718 -0.0719243 0.0325403 
-0.0336699 0.0176475 0.0769854 
0.00627454 -0.021271 0.09297039999999999 
0.0353345 -0.08158079999999999 0.0623088 
0.04761 -0.0453994 0.0482394 
-0.00603783 -0.01792 0.0897014 
0.0232174 0.0390394 0.056763 
0.0508266 0.0163598 0.0557103 
-0.0230672 -0.046024 0.0442823 
0.0306359 -0.0338204 0.0567675 
0.0139856 -0.0109833 0.08575919999999999 
0.0423435 -0.06528920000000001 0.0517986 
0.00247807 -0.0343544 0.0454159 
-0.0111174 -0.100297 0.0468206 
-0.019065 0.0355248 0.0071467 
0.0011134 -0.015161 0.0923991 
0.0472359 0.0111434 0.0516595 
0.0368265 -0.0852769 0.08841540000000001 
0.0160794 -0.0802636 0.109305 
0.0248409 0.033211 0.0576241 
-0.0336699 0.0253762 0.0221121 
0.0101304 -0.0951611 0.103918 
0.0186803 -0.06324639999999999 0.0304598 
0.0338914 -0.0281185 0.0658516 
0.00723823 -0.00248556 0.0887447 
0.0343301 -0.0142382 0.0328242 
0.0391492 0.0186702 0.0534317 
0.00289924 -0.00702238 0.0870956 
0.0133301 -0.0568475 0.105872 
-0.0192862 -0.0189386 0.00527868 
-0.0124364 0.0295254 0.0167417 
0.0196051 -0.0344241 0.0128565 
0.008957359999999999 0.0378661 0.0608493 
0.0356302 0.00476421 0.0374621 
-0.0015996 -0.0382862 0.0235068 
0.0032024 -0.025 0.0974262 
-0.0192658 0.0327853 0.0602309 
0.0495273 -0.0572533 0.0901352 
-0.0139934 -0.023 0.0769484 
0.0251633 -0.000852478 0.00392334 
-0.0162826 -0.0594325 0.0384654 
0.0543301 -0.0718036 0.0866228 
0.0416762 0.00696515 0.0550562 
-0.0187766 -0.0368648 0.010649 
-0.0242282 0.03312 0.00316289 
0.0468863 -0.0451156 0.0481317 
0.00706861 -0.013961 0.0773884 
-0.00412613 -0.07434880000000001 0.108412 
0.0543301 0.00432237 0.0418087 
0.0438301 -0.0193173 0.0710414 
-0.0195115 -0.104228 0.0521512 
-0.0299385 0.0279314 0.007938570000000001 
-0.0194538 -0.0255797 0.0795068 
0.0526301 -0.0139917 0.0603716 
0.0276019 0.0326937 0.00918739 
0.0367971 -0.00278234 0.07279629999999999 
0.0246753 0.0352854 0.0620479 
-0.0105007 -0.00922097 0.0734153 
0.00589806 -0.107679 0.08617089999999999 
0.0438301 -0.0810487 0.0595547 
0.0343301 0.0311983 0.0446477 
-0.0106432 0.0336635 0.0218484 
0.00275904 -0.0100658 0.073722 
0.0442968 -0.06471200000000001 0.0553586 
-0.00726057 -0.0394002 0.054106 
-0.0336699 -0.00563535 0.08226 
0.0438301 -0.0452523 0.08110630000000001 
0.0259413 0.0136979 0.00752019 
0.0268671 0.0398438 0.0535999 
0.0514053 -0.0176894 0.07277409999999999 
0.00585457 0.0345579 0.0218484 
0.00759983 -0.101325 0.0884236 
-0.00741348 -0.0116623 0.0820869 
0.0303301 -0.00480583 0.054158 
-0.009613109999999999 -0.025 0.09188449999999999 
-0.00470428 -0.0272807 0.00597001 
-0.022872 -0.008622370000000001 0.0856706 
-0.0147552 -0.0355452 0.08252039999999999 
0.0167762 -0.0622691 0.109899 
-0.0181699 -0.0218176 0.0937487 
0.00537028 -0.023 0.100938 
0.0270539 0.0123746 0.0813608 
-0.0147035 -0.0400545 0.0927881 
-0.00330305 -0.011421 0.0976172 
0.0526301 -0.0553591 0.0573187 
0.0386081 -0.08559029999999999 0.0621706 
0.0426443 -0.0579072 0.08461059999999999 
0.0161512 -0.043582 0.0621219 
0.000708022 0.0347693 0.0535355 
-0.0110923 0.0249022 0.00528624 
-0.01928 0.0349907 0.052588 
0.0526301 -0.0339076 0.0684135 
0.0166674 -0.028738 0.100494 
0.0343301 -0.0376715 0.0258025 
0.0496364 0.00576303 0.0608442 
0.0153316 -0.021188 0.0823747 
0.0101249 0.0147944 0.0878594 
-0.00490039 -0.008622370000000001 0.08563800000000001 
-0.00979733 -0.0354288 0.0441041 
-0.0199859 -0.00168273 0.00284839 
0.0343301 -0.0183719 0.055873 
0.0477285 -0.0703 0.0823219 
0.0283301 0.0368431 0.0422209 
-0.0151794 -0.023 0.0877888 
0.0295465 -0.0330706 0.085871 
-0.0218462 -0.00374555 0.0984497 
0.0415895 -0.000237933 0.0388764 
0.0343301 -0.00599476 0.0691708 
0.0512793 0.0134938 0.041764 
0.0343301 -0.0061631 0.0526142 
0.0269131 -0.0421645 0.027578 
-0.0138615 -0.008570049999999999 0.0975866 
-0.0214253 -0.108891 0.0672283 
-0.0110288 -0.0199845 0.0872935 
0.0385212 -0.0852951 0.079961 
0.0348061 -0.071337 0.0850643 
0.0445619 -0.0236096 0.0419745 
-0.0368116 0.0107748 0.0107414 
-0.0336699 -0.0221566 0.0294464 
0.0133301 -0.09135310000000001 0.0457017 
0.0180027 0.01368 0.0885546 
-0.00310886 0.0233436 0.00284839 
0.0209163 -0.0415873 0.089173 
0.000473416 -0.013961 0.0790656 
-0.0138476 -0.0656582 0.0373058 
0.0198601 -0.0429469 0.0592465 
-0.0102962 -0.00922097 0.0867708 
0.0116963 -0.00676837 0.07746210000000001 
0.0396043 -0.0339831 0.0760898 
0.0235909 -0.0365947 0.0426365 
0.0459617 -0.09093 0.07041070000000001 
0.0380441 0.00765849 0.014327 
0.0289129 -0.0110883 0.0509332 
0.0319458 -0.0299203 0.0136144 
0.0249475 -0.0566856 0.0306585 
0.0143847 -0.020261 0.0698739 
0.0159203 0.0205392 0.00284839 
0.0410513 -0.07300470000000001 0.0940899 
-0.0274749 0.0107152 0.0869636 
0.0300251 -0.052556 0.0299852 
-0.0336699 -0.0210968 0.0701919 
0.0171148 -0.0909538 0.106868 
-0.0177514   0.02 0.0802368 
0.0343301 -0.08515300000000001 0.0880071 
0.0513541 -0.0667065 0.0807711 
0.0233301 -0.0391276 0.0671533 
0.00234887 -0.0496229 0.102256 
-0.0301286 0.0274715 0.0782086 
0.009330120000000001 -0.0724967 0.0410356 
-0.0053152 0.020581 0.00284839 
-0.00347184 -0.0391436 0.024035 
-0.0291699 0.0266971 0.0750659 
0.0439852 -0.00930243 0.0335823 
-0.0036061 -0.00648264 0.0901443 
0.0215269 -0.00581019 0.0793232 
-0.0121056 -0.0395593 0.09190769999999999 
-0.0336699 0.00181716 0.085648 
0.0178755 -0.0328235 0.0658123 
-0.0336699 -0.0168201 0.0368831 
-0.0212369 -0.100363 0.047619 
0.0412777 -0.0807465 0.0609936 
0.0380377 0.00767021 0.0582028 
0.0194727 -0.00790455 0.00942841 
-0.0331937 0.0205988 0.0823256 
0.0223203 -0.0548884 0.105871 
0.0453956 -0.0508351 0.0857986 
0.0168301 -0.0223918 0.071837 
0.00713574 -0.103623 0.06358659999999999 
0.0526301 -0.0451859 0.05333 
0.0142568 0.0366843 0.0518484 
0.0141882 -0.0393109 0.0852349 
0.0445921 -0.0716526 0.0565706 
0.0445921 -0.06303690000000001 0.0877969 
0.0283301 -0.0212053 0.0549409 
-0.00157651 -0.0672832 0.108678 
-0.0404298 0.00437055 0.00856876 
-0.0154352 0.0137367 0.0179201 
0.046552 -0.0742033 0.0917941 
-0.0165251 -0.083964 0.0397044 
-0.0291699 -0.0106473 0.0824582 
0.0262374 -0.00181832 0.0179201 
0.00690887 -0.08235049999999999 0.10548 
0.0213639 -0.107271 0.07949349999999999 
0.0168135 -0.0441164 0.0890928 
-0.0130038 -0.0351273 0.0444722 
-0.00549776 0.0176339 0.08010440000000001 
0.0150896 -0.056278 0.0375673 
0.0306181 0.0194111 0.0426295 
0.0123483 -0.0353139 0.0442444 
0.00392345 -0.011421 0.09264319999999999 
0.008814590000000001 -0.018847 0.0749442 
0.0207901 -0.0549586 0.0404935 
-0.00386383 -0.023 0.0821293 
0.0384461 -0.07321179999999999 0.053088 
-0.0175384 -0.00642237 0.0921918 
0.00664222 -0.0415271 0.011796 
0.00306529 -0.105857 0.0551777 
0.0457401 -0.0638451 0.0656283 
0.0134649 -0.0291358 0.0542567 
-0.0136125 -0.00775904 0.08181579999999999 
-0.00248535 -0.104709 0.0530521 
-0.0291064 -0.0197404 0.0263325 
-0.0336699 -0.000336624 0.0832024 
0.0350948 0.0041748 0.07110470000000001 
0.0447797 0.0127398 0.0377019 
0.0466309 -0.021965 0.07314039999999999 
-0.0175483 0.0374969 0.0126056 
-0.0181699 -0.0107307 0.06960089999999999 
0.0233301 -0.0870037 0.09936449999999999 
0.0247173 0.033663 0.0075638 
0.0502014 -0.0158636 0.0425813 
0.0213754 -0.0420311 0.105473 
0.0252403 -0.0350625 0.012905 
0.000664893 -0.0404295 0.104794 
-0.0280348 -0.0245728 0.0843187 
0.0434494 -0.00894759 0.0695765 
-0.009120990000000001 -0.013961 0.0975003 
-0.0336699 -0.0286433 0.0455812 
-0.0288439 -0.008365350000000001 0.010698 
-0.0143168 0.0165622 0.08085920000000001 
0.019345 -0.10308 0.0689264 
-0.00151876 -0.0672061 0.0315006 
0.0381019 -0.00266802 0.0118484 
0.0150617 -0.013961 0.0807982 
0.0172195 -0.0481886 0.0482768 
0.0327103 0.0386843 0.0518942 
-0.00614825 -0.008622370000000001 0.07702440000000001 
0.0232681 -0.0592121 0.0366114 
0.0526301 -0.0283217 0.0587717 
-0.0301205 -0.0277225 0.009975700000000001 
-0.0120078 0.0284512 0.0218484 
-0.00589012 -0.00555525 0.0940797 
0.0213787 -0.0928189 0.0527754 
0.0168303 -0.0144907 0.0786476 
-0.0199486 -0.0558077 0.0277881 
-0.0111089 -0.021261 0.09014709999999999 
0.0543301 -0.0104438 0.0497476 
-0.0331912 -0.0265491 0.01485 
0.0132038 -0.0453169 0.107384 
0.040949 -0.0352218 0.0785807 
0.0171084 -0.0884322 0.0947762 
0.0526301 -0.0831602 0.0813627 
0.0422386 -0.0139475 0.0398975 
0.0136236 0.0123799 0.0140148 
-0.0240471 -0.0319518 0.07320110000000001 
0.0406585 -0.0146069 0.00551098 
-0.0124343   0.02 0.08046879999999999 
-0.00853745 0.0407804 0.008190869999999999 
0.0130289 -0.00104171 0.0829226 
-0.0139604 -0.105275 0.0790471 
-0.00135419 -0.0348559 0.0660849 
0.009330120000000001 -0.0574315 0.100364 
0.0512548 0.00140358 0.0375034 
-0.0144008 -0.0311702 0.0218484 
-0.0291699 -0.00681345 0.0741305 
0.0284963 0.0418155 0.0243311 
-0.00379433 -0.0442191 0.01948 
0.0466379 0.0218534 0.0503848 
0.0233301 -0.0644241 0.0342155 
-0.0101432 -0.0210257 0.00425748 
-0.0134163 -0.00702238 0.0894957 
0.0226524 0.036037 0.00654835 
-0.008452990000000001 0.0394017 0.0553986 
0.0173119 -0.00702238 0.0722587 
0.0343301 0.0345246 0.0524859 
-0.0155514 -0.0481022 0.0233123 
-0.0154631 -0.0624774 0.0302354 
0.0212129 -0.0550219 0.0407535 
0.008514229999999999 -0.023 0.0726912 
0.0210058 -0.0776994 0.0409893 
0.015029 -0.0195311 0.0981832 
0.0371836 0.0189512 0.0311829 
0.0309172 -0.00496927 0.0827971 
-0.0214092 -0.0526247 0.0409228 
0.0526301 -0.0482231 0.0567792 
0.0450587 -0.0122631 0.0391572 
0.0525309 -0.0453333 0.0468399 
9.348270000000001e-05 -0.021551 0.00350234 
-0.0151438 -0.01872 0.0751724 
-0.0125226 -0.009070969999999999 0.0828803 
0.0137295 -0.0820844 0.0347289 
-0.0224612 -0.00404356 0.0965497 
-0.000105898 -0.025 0.0965834 
-0.0336699 -0.007952259999999999 0.0715083 
0.0453301 -0.00498521 0.038059 
0.0296349 -0.0355407 0.054144 
-0.0224722 -0.0353661 0.0601203 
-0.0336699 7.020069999999999e-05 0.019253 
0.0504384 -0.0778336 0.0781372 
0.021196 -0.0557238 0.0379699 
0.0407326 -0.08822670000000001 0.0779672 
0.0543301 -0.0672765 0.05329 
0.00659317 -0.013961 0.0912377 
0.0248258 -0.00574688 0.0756814 
0.00143019 0.0359354 0.0168484 
0.0526301 -0.0554528 0.0744023 
0.0351073 -0.0789079 0.09273969999999999 
-0.0406585 0.000104973 0.00706527 
0.00163598 -0.106042 0.0556239 
0.0132503 -0.0128729 0.09621349999999999 
0.0303301 0.0253114 0.0484227 
0.00292524 -0.0169935 0.0990051 
0.0149928 -0.0661538 0.0396643 
0.00521868 -0.0633637 0.112179 
0.0343301 0.00757698 0.0673409 
-0.0159248 -0.10197 0.089311 
0.0081382 -0.0285997 0.09294910000000001 
0.0486047 -0.0007603380000000001 0.0394798 
-0.00239366 -0.0244638 0.101848 
0.0158543 -0.0687865 0.106712 
0.0526301 0.0127848 0.039786 
0.0348516 -0.0168988 0.0737496 
0.00658398 0.0337617 0.0618484 
0.0543301 -0.0207499 0.0606086 
0.0513245 0.0206974 0.0428544 
0.0184129 -0.0861459 0.109384 
0.018559 -0.0937337 0.0540345 
0.0182872 -0.00702238 0.08180519999999999 
0.00346584 -0.0193577 0.098178 
-0.021353 -0.00283469 0.08114970000000001 
0.0279519 -0.00331641 0.018928 
0.0382096 -0.0849929 0.064721 
0.0453541 -0.0655771 0.0634035 
-0.0160744 0.0193121 0.07882210000000001 
0.00337848 -0.0257384 0.08086550000000001 
0.0129421 0.025593 0.0218484 
-0.0286823 -0.0400216 0.0165831 
0.0218451 -0.09865500000000001 0.0481126 
0.0543301 -0.0305804 0.0465479 
0.0211061 -0.0648851 0.0310991 
-0.0139239 -0.039493 0.0242198 
0.0134404 -0.106839 0.0781915 
0.0156051 -0.105866 0.0905082 
0.0298743 -0.0305377 0.008476869999999999 
-0.0172454 -0.023 0.0732134 
-0.0336699 -0.0119736 0.06276420000000001 
0.0451062 -0.0468986 0.0859661 
-0.0193512 -0.0255411 0.07917639999999999 
-0.0207558 0.0341218 0.0218484 
0.0184195 0.0371196 0.0617843 
0.0343301 -0.00591179 0.0224477 
-0.0060688 -0.0342434 0.0700556 
0.000422788 -0.015161 0.07652870000000001 
0.0241569 0.0264753 0.0220027 
0.008988990000000001 -0.000850375 0.0773397 
-0.0296088 -0.0135492 0.0437297 
-0.0162492 0.00901017 0.00562021 
-0.00155354 0.0358431 0.0168484 
-0.0291699 0.020818 0.0705855 
0.0349969 0.0234972 0.00284839 
-0.021077 -0.0814883 0.0387006 
0.0307718 0.0298968 0.00641221 
0.00152028 -0.0693426 0.0320154 
0.0438301 -0.0193023 0.0704658 
-0.00129741 -0.054505 0.0272008 
0.0194048 -0.0605442 0.041382 
-0.0205865 -0.0941433 0.0413373 
-0.0109196 -0.0350378 0.0803796 
-0.024811 -0.00668128 0.0194533 
-0.008250540000000001 -0.011421 0.07935449999999999 
0.0184359 -0.07510559999999999 0.110235 
0.0303301 0.0261019 0.0347617 
-0.00846089 -0.023 0.0688656 
0.0283301 -0.0164244 0.0834268 
0.00484161 -0.0277288 0.00694198 
0.0110294 -0.00663388 0.0751845 
-0.0336699 -0.0228746 0.0165535 
0.0104614 -0.025 0.0945304 
0.0164722 -0.0606489 0.0998744 
0.0123926 -0.00170233 0.0729156 
-0.00323974 -0.105573 0.076502 
-0.0291699 -0.0131324 0.0346663 
0.046791 -0.029231 0.07629030000000001 
-0.0336699 -0.0169043 0.0504077 
0.0334379 0.0270522 0.0100298 
-0.0336699 -0.008575289999999999 0.09169579999999999 
-0.0136881 -0.01792 0.0838946 
-0.009082160000000001 -0.0468953 0.107951 
0.00944117 -0.07197290000000001 0.0325528 
0.0238112 -0.038092 0.0998223 
0.00854798 -0.01872 0.07824109999999999 
0.0458541 0.00560708 0.0440342 
0.00766123 -0.00245037 0.07559680000000001 
-0.00563994 -0.025 0.0829355 
0.0364217 0.00510411 0.0621387 
0.0348061 -0.0687668 0.0618366 
0.0303301 0.020963 0.0660723 
0.0231085 0.0104071 0.0179201 
0.0339191 -0.0297525 0.08650389999999999 
0.0104652 -0.023 0.0680004 
0.0173051 -0.0911836 0.0389915 
0.0328 -0.0463466 0.0239655 
-0.0259756 -0.0102923 0.0222403 
0.0147363 0.0400344 0.0159559 
0.0512125 0.0192441 0.0551707 
0.0166166 -0.101379 0.0583396 
0.0408466 -0.016019 0.0419452 
0.0464057 -0.0221503 0.0750967 
-0.00825529 -0.100598 0.0471731 
0.0233301 -0.0511607 0.0982948 
-0.00405615 -0.0368053 0.0424818 
0.0343301 0.0109395 0.0270565 
0.00171155 -0.0458211 0.0212901 
0.0526301 0.00768577 0.0398629 
0.030796 -0.0358406 0.0159573 
-0.0166787 -0.010221 0.0977258 
-0.019381 -0.056171 0.0279493 
0.0502985 -0.0156242 0.0701012 
0.033762 -0.0288414 0.0153645 
-0.012214 -0.0333613 0.0168484 
-0.0166918 -0.0248113 0.0986663 
-0.0184379 -0.00692635 0.0813811 
-0.0124663 -0.0141396 0.009678839999999999 
0.0303301 0.017932 0.0641829 
0.0518506 -0.0474227 0.0837783 
-0.0227557 -0.0472671 0.04361 
0.0507654 -0.07194299999999999 0.051978 
0.0526301 0.00442752 0.0572713 
0.00711267 -0.0973386 0.101934 
0.0373993 -0.0194234 0.00649589 
0.0378301 -0.07047630000000001 0.0553727 
0.0136313 -0.028575 0.09036039999999999 
0.0097952 -0.021261 0.08715970000000001 
0.00277467 -0.008622370000000001 0.0784827 
-0.00834202 -0.008622370000000001 0.09825010000000001 
-0.0219018 -0.098015 0.0964235 
0.00614994 -0.025 0.0858179 
0.0343301 -0.0179938 0.0592355 
0.0143302 -0.01872 0.0947667 
-0.0154676 -0.00702238 0.09482640000000001 
0.0145984 -0.018042 0.0727899 
0.0526301 -0.0583816 0.07839110000000001 
0.000880491 -0.0269307 0.0179201 
-0.0083099 0.0370894 0.0518484 
0.00170732 -0.0634832 0.0376893 
-0.0336699 -0.0343969 0.0467173 
-0.0110703 -0.025 0.07364279999999999 
0.0025539 -0.00504614 0.0906623 
-0.0251814 0.00112758 0.0179201 
0.0343301 -0.0603681 0.049353 
-0.00389465 0.0231535 0.0179201 
0.0453541 -0.0817253 0.0692706 
0.00384178 -0.00245037 0.0845713 
0.0233301 -0.07253469999999999 0.104022 
0.00402499 -0.027837 0.00716265 
0.0440714 -0.0572449 0.08868910000000001 
0.0343301 0.00304017 0.080625 
0.0475657 -0.00651207 0.0663441 
0.0205721 0.00478608 0.007907010000000001 
0.0459237 -0.0607916 0.07059269999999999 
-0.0128234 -0.0256563 0.0801626 
-0.0336699 0.0253537 0.0233045 
0.0417278 -0.0873584 0.0822585 
0.0107504 -0.00702238 0.0785906 
0.0526301 0.00393278 0.0476776 
0.0343301 -0.0225261 0.015528 
-0.009844230000000001 -0.021261 0.07371999999999999 
0.0343301 -0.00342494 0.0376358 
-0.0070656 -0.0994066 0.0999297 
0.0200924 -0.0244523 0.0692675 
0.0355681 -0.0605775 0.08671520000000001 
-0.0167664 -0.0281207 0.10052 
0.0343301 -0.0289684 0.0433538 
-0.0210597 0.014794 0.0202765 
-0.000105678 -0.0231128 0.00983229 
0.0280633 0.0162338 0.076123 
0.0343301 -0.0169678 0.035424 
0.0505666 -0.0651892 0.0716537 
0.0227478 -0.0381961 0.06507739999999999 
-0.0291699 -0.0183132 0.0715108 
0.0283301 -0.0143528 0.034133 
-0.035112 -0.009929469999999999 0.0141215 
-0.00050928 -0.09239890000000001 0.100875 
0.0154686 -0.020438 0.0784803 
0.00742378 -0.0977682 0.0440899 
0.0543301 0.0103699 0.041515 
0.000278524 -0.01792 0.0987744 
0.00332941 -0.0408658 0.00613289 
0.011535 -0.0390158 0.0740941 
0.0343301 -0.0548722 0.0485761 
0.0343301 0.0109799 0.070997 
0.0343301 -0.0224447 0.0912925 
-0.0173523 -0.025 0.0694684 
-0.0041757 -0.01872 0.09612859999999999 
0.0283301 -0.0180637 0.0935571 
0.0234465 -0.0409028 0.0972642 
-0.00600129 -0.0358643 0.0618297 
0.017734 0.038627 0.00557144 
0.0182372 -0.09647119999999999 0.0616499 
0.00209305 -0.0194392 0.0108203 
-0.0126447 -0.0138757 0.08045670000000001 
0.0422546 0.0128613 0.0470582 
0.00330013 -0.025 0.099222 
0.0343301 0.00635481 0.0356214 
0.0381371 0.00327411 0.0435393 
0.0169381 -0.007822580000000001 0.0149654 
0.0163233 -0.08265790000000001 0.0984869 
-0.00793871 -0.0964058 0.0486025 
-0.0161127 -0.0239306 0.0218484 
3 275 301 829 
3 13 244 417 
3 355 606 456 
3 418 407 926 
3 407 103 926 
3 103 407 456 
3 360 486 62 
3 828 360 62 
3 208 145 857 
3 401 208 857 
3 301 792 829 
3 792 301 62 
3 110 660 857 
3 660 110 445 
3 398 110 857 
3 145 398 857 
3 407 398 798 
3 110 613 445 
3 613 660 445 
3 613 464 102 
3 242 63 417 
3 244 242 417 
3 242 244 466 
3 238 242 466 
3 861 238 466 
3 621 101 606 
3 63 442 417 
3 442 621 417 
3 417 597 648 
3 621 597 417 
3 597 606 648 
3 597 621 606 
3 606 297 456 
3 804 739 712 
3 804 101 739 
3 101 804 606 
3 355 179 606 
3 386 407 418 
3 398 386 110 
3 386 398 407 
3 485 179 355 
3 485 407 798 
3 485 355 456 
3 407 485 456 
3 208 158 86 
3 158 62 86 
3 158 828 62 
3 828 8 360 
3 8 828 697 
3 208 88 145 
3 88 398 145 
3 88 208 86 
3 850 88 86 
3 486 833 642 
3 919 833 136 
3 559 833 102 
3 146 60 103 
3 297 33 456 
3 33 103 456 
3 33 146 103 
3 146 33 306 
3 33 297 606 
3 33 804 306 
3 804 33 606 
3 26 60 642 
3 959 919 136 
3 363 840 507 
3 157 244 13 
3 157 13 417 
3 244 157 466 
3 756 252 988 
3 545 850 988 
3 398 545 236 
3 746 850 86 
3 746 301 275 
3 62 746 86 
3 301 746 62 
3 852 850 756 
3 457 559 102 
3 464 457 102 
3 660 514 857 
3 46 613 110 
3 46 386 418 
3 386 46 110 
3 613 46 464 
3 46 457 464 
3 613 551 660 
3 551 514 660 
3 861 579 238 
3 579 804 712 
3 579 861 306 
3 804 579 306 
3 228 146 306 
3 861 228 306 
3 739 444 712 
3 101 444 739 
3 444 101 621 
3 664 179 436 
3 664 400 648 
3 400 664 436 
3 606 664 648 
3 179 664 606 
3 828 891 401 
3 158 891 828 
3 891 208 401 
3 891 158 208 
3 833 522 642 
3 522 833 919 
3 522 26 642 
3 522 959 103 
3 959 522 919 
3 60 522 103 
3 26 522 60 
3 683 8 102 
3 833 683 102 
3 8 683 360 
3 683 833 486 
3 683 486 360 
3 60 816 642 
3 816 228 861 
3 816 861 466 
3 486 816 466 
3 816 486 642 
3 361 363 895 
3 361 157 417 
3 157 361 895 
3 361 417 648 
3 363 361 840 
3 569 363 507 
3 363 726 895 
3 726 157 895 
3 976 746 275 
3 746 976 850 
3 676 400 436 
3 179 676 436 
3 400 676 236 
3 676 485 798 
3 485 676 179 
3 252 27 988 
3 27 748 988 
3 27 252 756 
3 748 144 988 
3 144 545 988 
3 545 144 748 
3 475 545 207 
3 545 475 236 
3 400 475 207 
3 475 400 236 
3 545 388 207 
3 388 545 748 
3 388 400 207 
3 27 388 748 
3 762 756 988 
3 762 852 756 
3 850 762 988 
3 852 762 850 
3 975 828 401 
3 828 975 697 
3 975 401 857 
3 514 975 857 
3 457 119 559 
3 46 119 457 
3 833 119 136 
3 119 833 559 
3 119 959 136 
3 959 119 103 
3 119 46 418 
3 103 119 926 
3 119 418 926 
3 137 551 613 
3 137 613 102 
3 8 137 102 
3 137 8 697 
3 701 551 697 
3 444 140 712 
3 442 140 621 
3 140 444 621 
3 140 579 712 
3 579 140 238 
3 140 242 238 
3 242 140 63 
3 140 442 63 
3 493 60 146 
3 493 816 60 
3 428 569 756 
3 726 428 756 
3 569 428 363 
3 428 726 363 
3 976 815 850 
3 850 815 756 
3 815 726 756 
3 726 815 157 
3 265 676 798 
3 676 265 236 
3 398 265 798 
3 265 398 236 
3 840 533 507 
3 533 361 648 
3 361 533 840 
3 600 334 545 
3 600 545 398 
3 88 600 398 
3 545 622 850 
3 334 622 545 
3 388 154 400 
3 569 154 756 
3 400 154 648 
3 154 569 507 
3 763 154 507 
3 551 139 697 
3 137 139 551 
3 551 366 514 
3 701 366 551 
3 975 366 697 
3 366 701 697 
3 365 493 146 
3 493 365 816 
3 228 365 146 
3 816 365 228 
3 815 331 157 
3 331 815 976 
3 222 388 27 
3 222 154 388 
3 222 27 756 
3 154 222 756 
3 494 154 763 
3 494 763 507 
3 533 494 507 
3 494 533 648 
3 154 494 648 
3 799 137 697 
3 139 799 697 
3 799 139 137 
3 202 975 514 
3 202 366 975 
3 366 899 514 
3 899 202 514 
3 202 899 366 
3 622 88 850 
3 600 622 334 
3 622 600 88 
3 486 331 62 
3 157 331 466 
3 331 275 829 
3 331 792 62 
3 331 486 466 
3 792 331 829 
3 331 976 275 
Vertices and facets:
- p301(v29): 0.054 -0.041 0.046
  neighbors: f110 f218 f219 f432 f434
- p275(v26): 0.054 -0.0014 0.042
  neighbors: f110 f432 f524 f674 f678
- p829(v13): 0.054 -0.031 0.047
  neighbors: f110 f218 f674 f677
- p244(v34): 0.054 -0.051 0.087
  neighbors: f133 f298 f299 f399 f405
- p13(v33): 0.052 0.0038 0.063
  neighbors: f133 f399 f400
- p417(v9): 0.032 0.024 0.079
  neighbors: f133 f297 f298 f312 f313 f319 f320 f400 f508 f510
- p355(v46): -0.032 0.00029 0.094
  neighbors: f183 f338 f343 f345
- p606(v24): -0.022 -0.0037 0.098
  neighbors: f183 f308 f321 f322 f323 f330 f338 f380 f382 f478 f479
- p456(v12): -0.03 -0.029   0.1
  neighbors: f183 f193 f323 f345 f346 f376 f377
- p407(v47): -0.034 -0.022 0.095
  neighbors: f191 f192 f193 f284 f340 f342 f344 f346
- p418(v39): -0.022  -0.1 0.088
  neighbors: f191 f340 f448 f576 f578
- p926(v7): -0.022 -0.098 0.096
  neighbors: f191 f192 f577 f578
- p103(v31): -0.021 -0.092  0.11
  neighbors: f192 f193 f375 f377 f378 f487 f489 f575 f577
- p486(v48): 0.054 -0.086 0.082
  neighbors: f197 f365 f498 f499 f505 f506 f672 f676
- p360(v27): 0.052 -0.089 0.074
  neighbors: f197 f206 f353 f497 f499
- p62(v14): 0.054 -0.072 0.054
  neighbors: f197 f206 f219 f351 f352 f433 f434 f672 f675
- p828(v50): 0.022 -0.099 0.048
  neighbors: f206 f352 f353 f356 f480 f481 f566 f567
- p208(v51): 0.0092 -0.041 0.0039
  neighbors: f215 f216 f349 f359 f362 f482 f483
- p145(v19): -0.018 -0.037 0.0058
  neighbors: f215 f283 f359 f360
- p857(v10): -0.021 -0.094 0.041
  neighbors: f215 f216 f276 f282 f283 f444 f568 f569
- p401(v28): 0.016 -0.093  0.04
  neighbors: f216 f480 f482 f566 f568
- p792(v52): 0.054 -0.067 0.053
  neighbors: f218 f219 f675 f677
- p660(v64): -0.021  -0.1 0.048
  neighbors: f276 f277 f292 f444 f458 f460
- p110(v40): -0.033 -0.046 0.025
  neighbors: f276 f277 f282 f289 f341 f447 f449
- p445(v20): -0.022  -0.1 0.055
  neighbors: f277 f289 f292
- p398(v65): -0.04 -0.0052 0.0047
  neighbors: f282 f283 f284 f341 f342 f360 f429 f610 f611 f619 f621
- p798(v0): -0.041 0.0001 0.0071
  neighbors: f284 f344 f530 f608 f610
- p613(v66): -0.021 -0.11 0.067
  neighbors: f289 f292 f295 f447 f450 f458 f580 f581
- p464(v63): -0.011 -0.11 0.075
  neighbors: f295 f439 f450 f451
- p102(v2): 0.007 -0.11 0.075
  neighbors: f295 f371 f438 f439 f495 f496 f581 f582
- p242(v67): 0.053 -0.061 0.092
  neighbors: f297 f298 f299 f300 f593 f594
- p63(v17): 0.034 -0.0073  0.09
  neighbors: f297 f312 f594 f595
- p466(v8): 0.054 -0.071 0.091
  neighbors: f299 f300 f303 f405 f504 f505 f673 f676
- p238(v41): 0.053 -0.064 0.093
  neighbors: f300 f303 f462 f592 f593
- p861(v68): 0.018 -0.075  0.11
  neighbors: f303 f462 f464 f469 f503 f504
- p101(v69): -0.00086 -0.007 0.099
  neighbors: f308 f329 f330 f471 f473
- p621(v42): 0.018 0.014 0.089
  neighbors: f308 f313 f320 f322 f473 f589 f590
- p442(v70): 0.029 -0.0063 0.093
  neighbors: f312 f313 f589 f595
- p597(v71):  0.01 0.015 0.088
  neighbors: f319 f320 f321 f322
- p648(v5): -0.03 0.027 0.078
  neighbors: f319 f321 f476 f478 f510 f615 f629 f656 f657
- p297(v72): -0.023 -0.025   0.1
  neighbors: f323 f376 f380
- p804(v73): 0.0052 -0.063  0.11
  neighbors: f326 f329 f330 f381 f382 f463 f465
- p739(v44): 0.013 -0.045  0.11
  neighbors: f326 f329 f470 f471
- p712(v23): 0.021 -0.042  0.11
  neighbors: f326 f463 f470 f588 f591
- p179(v74): -0.033 0.015 0.086
  neighbors: f338 f343 f475 f479 f527 f531
- p386(v75): -0.034 -0.045 0.025
  neighbors: f340 f341 f342 f448 f449
- p485(v76): -0.034 -0.011 0.096
  neighbors: f343 f344 f345 f346 f530 f531
- p158(v77): 0.031 -0.03 0.004
  neighbors: f349 f351 f352 f481 f483
- p86(v6): 0.037 -0.021 0.0032
  neighbors: f349 f351 f362 f363 f430 f433
- p8(v78): 0.023 -0.11 0.062
  neighbors: f353 f356 f495 f497 f582 f583
- p697(v49): 0.0031 -0.11 0.055
  neighbors: f356 f567 f583 f584 f634 f640 f641 f658 f659
- p88(v79): -0.0064 -0.025 0.0028
  neighbors: f359 f360 f362 f363 f621 f667 f669
- p850(v62): 0.035 0.023 0.0028
  neighbors: f363 f423 f430 f437 f525 f563 f564 f604 f605 f623 f667
- p833(v80): 0.016 -0.11 0.091
  neighbors: f365 f368 f371 f484 f485 f496 f498 f572 f573
- p642(v15): 0.017 -0.091  0.11
  neighbors: f365 f385 f484 f486 f500 f506
- p919(v55): 0.0071 -0.097   0.1
  neighbors: f368 f387 f485 f488
- p136(v30): -0.0034  -0.1 0.094
  neighbors: f368 f387 f572 f574
- p559(v53): 0.0059 -0.11 0.086
  neighbors: f371 f438 f570 f573
- p60(v81): -0.015 -0.09  0.11
  neighbors: f375 f385 f489 f490 f500 f596 f598
- p146(v54): -0.0043 -0.081  0.11
  neighbors: f375 f378 f379 f468 f596 f642 f644
- p33(v82): -0.01 -0.048  0.11
  neighbors: f376 f377 f378 f379 f380 f381 f382
- p306(v3): 0.0046 -0.067  0.11
  neighbors: f379 f381 f464 f465 f468 f469
- p26(v83): 0.013 -0.092  0.11
  neighbors: f385 f486 f490
- p959(v84): -0.0071 -0.099   0.1
  neighbors: f387 f487 f488 f574 f575
- p363(v85): 0.033 0.035 0.065
  neighbors: f392 f507 f512 f513 f517 f601 f602
- p840(v59): 0.018 0.037 0.062
  neighbors: f392 f512 f612 f616
- p507(v36): 0.023 0.039 0.057
  neighbors: f392 f513 f612 f630 f631 f654 f655
- p157(v86): 0.054 0.017 0.054
  neighbors: f399 f400 f405 f508 f509 f518 f607 f647 f673
- p252(v88): 0.014  0.04 0.0099
  neighbors: f415 f539 f541
- p756(v60): 0.028 0.042 0.024
  neighbors: f415 f437 f541 f561 f562 f599 f600 f605 f606 f628 f651 f652
- p988(v35): 0.018 0.039 0.0056
  neighbors: f415 f423 f539 f540 f545 f546 f561 f563
- p545(v90): -0.024 0.033 0.0032
  neighbors: f423 f429 f546 f547 f551 f552 f555 f556 f618 f619 f623 f624
- p236(v61): -0.034  0.02 0.0047
  neighbors: f429 f529 f552 f554 f609 f611
- p746(v91): 0.041 -0.015 0.0055
  neighbors: f430 f432 f433 f434 f524 f525
- p852(v92): 0.031  0.03 0.0064
  neighbors: f437 f562 f564
- p457(v93): -0.0079 -0.11  0.08
  neighbors: f438 f439 f451 f570 f571
- p514(v94): -0.011  -0.1 0.047
  neighbors: f444 f460 f569 f638 f661 f664 f665
- p46(v95): -0.022 -0.11 0.083
  neighbors: f447 f448 f449 f450 f451 f571 f576
- p551(v96): -0.02  -0.1 0.052
  neighbors: f458 f460 f580 f584 f634 f636 f638 f639
- p579(v97): 0.017 -0.062  0.11
  neighbors: f462 f463 f464 f465 f591 f592
- p228(v98): 0.0063 -0.076  0.11
  neighbors: f468 f469 f503 f644 f645
- p444(v99): 0.018 -0.024   0.1
  neighbors: f470 f471 f473 f588 f590
- p664(v100): -0.033 0.021 0.082
  neighbors: f475 f476 f477 f478 f479
- p436(v45): -0.034 0.021 0.077
  neighbors: f475 f477 f526 f527
- p400(v87): -0.034 0.038 0.048
  neighbors: f476 f477 f526 f529 f553 f554 f557 f627 f629
- p891(v101): 0.017 -0.091 0.039
  neighbors: f480 f481 f482 f483
- p522(v102):  0.01 -0.095   0.1
  neighbors: f484 f485 f486 f487 f488 f489 f490
- p683(v104): 0.021 -0.11 0.079
  neighbors: f495 f496 f497 f498 f499
- p816(v105): 0.018 -0.086  0.11
  neighbors: f500 f503 f504 f505 f506 f598 f643 f645
- p361(v106): 0.033 0.031 0.072
  neighbors: f507 f508 f509 f510 f512 f615 f616
- p895(v56): 0.051 0.019 0.055
  neighbors: f507 f509 f517 f518
- p569(v107): 0.027  0.04 0.054
  neighbors: f513 f599 f601 f628 f630
- p726(v108): 0.033 0.039 0.052
  neighbors: f517 f518 f600 f602 f606 f607
- p976(v109): 0.054  0.01 0.042
  neighbors: f524 f525 f604 f648 f678
- p676(v110): -0.04 0.0044 0.0086
  neighbors: f526 f527 f529 f530 f531 f608 f609
- p27(v112): 0.0031 0.042 0.014
  neighbors: f539 f540 f541 f558 f649 f651
- p748(v89): -0.0085 0.041 0.0082
  neighbors: f540 f545 f547 f556 f558
- p144(v113): -0.0067  0.04 0.0063
  neighbors: f545 f546 f547
- p475(v115): -0.031 0.032 0.016
  neighbors: f551 f552 f553 f554
- p207(v57): -0.029 0.039 0.029
  neighbors: f551 f553 f555 f557
- p388(v116): -0.021 0.041  0.02
  neighbors: f555 f556 f557 f558 f627 f649 f650
- p762(v117): 0.023 0.036 0.0065
  neighbors: f561 f562 f563 f564
- p975(v118): 0.0074 -0.098 0.044
  neighbors: f566 f567 f568 f569 f640 f661 f663
- p119(v119): -0.021 -0.11  0.09
  neighbors: f570 f571 f572 f573 f574 f575 f576 f577 f578
- p137(v120): -0.0063 -0.11 0.058
  neighbors: f580 f581 f582 f583 f636 f658 f660
- p701(v121): -0.0025  -0.1 0.053
  neighbors: f584 f639 f641
- p140(v122): 0.029 -0.027   0.1
  neighbors: f588 f589 f590 f591 f592 f593 f594 f595
- p493(v123): 0.0018 -0.085  0.11
  neighbors: f596 f598 f642 f643
- p428(v124): 0.032  0.04 0.052
  neighbors: f599 f600 f601 f602
- p815(v125): 0.051 0.021 0.043
  neighbors: f604 f605 f606 f607 f647 f648
- p265(v126): -0.04 0.003 0.0071
  neighbors: f608 f609 f610 f611
- p533(v127): 0.009 0.038 0.061
  neighbors: f612 f615 f616 f655 f656
- p600(v128): -0.02 -0.0017 0.0028
  neighbors: f618 f619 f621 f668 f669
- p334(v114): -0.015 0.016 0.0028
  neighbors: f618 f624 f668
- p622(v129): -0.0031 0.023 0.0028
  neighbors: f623 f624 f667 f668 f669
- p154(v130): -0.026  0.04 0.054
  neighbors: f627 f628 f629 f630 f631 f650 f652 f653 f657
- p763(v111): -0.0085 0.039 0.055
  neighbors: f631 f653 f654
- p139(v131): -0.012 -0.11 0.054
  neighbors: f634 f636 f659 f660
- p366(v132): -0.0012  -0.1 0.049
  neighbors: f638 f639 f640 f641 f663 f664 f666
- p365(v133): 0.0098 -0.085  0.11
  neighbors: f642 f643 f644 f645
- p331(v134): 0.054 0.014 0.045
  neighbors: f647 f648 f672 f673 f674 f675 f676 f677 f678
- p222(v135): 0.0026 0.042 0.019
  neighbors: f649 f650 f651 f652
- p494(v136): -0.019 0.039 0.057
  neighbors: f653 f654 f655 f656 f657
- p799(v137): 0.0016 -0.11 0.056
  neighbors: f658 f659 f660
- p202(v138): -0.0035  -0.1 0.047
  neighbors: f661 f663 f665 f666
- p899(v139): -0.0083  -0.1 0.047
  neighbors: f664 f665 f666
- f110
    - flags: bottom simplicial tested seen
    - normal:    0.9914 -0.02113  -0.1289
    - offset: -0.0485114
    - center: 0.0542519 -0.02433408333333334 0.0449224 
    - vertices: p301(v29) p275(v26) p829(v13)
    - neighboring facets: f674 f218 f432
    - ridges:
- f133
    - flags: bottom simplicial tested
    - normal:    0.7594   0.2751   0.5896
    - offset: -0.07815416
    - center: 0.04624680000000001 -0.007600236666666665 0.07653223333333332 
    - vertices: p244(v34) p13(v33) p417(v9)
    - neighboring facets: f400 f298 f399
- f183
    - flags: top simplicial
    - normal:   -0.3148    0.168   0.9342
    - offset: -0.09821711
    - vertices: p355(v46) p606(v24) p456(v12)
    - neighboring facets: f323 f345 f338
- f191
    - flags: bottom simplicial
    - normal:   -0.9761  -0.1488   0.1581
    - offset: -0.05121043
    - vertices: p407(v47) p418(v39) p926(v7)
    - neighboring facets: f578 f192 f340
- f192
    - flags: top simplicial
    - normal:     -0.97  -0.1472   0.1937
    - offset: -0.05434198
    - vertices: p407(v47) p103(v31) p926(v7)
    - neighboring facets: f577 f191 f193
- f193
    - flags: bottom simplicial
    - normal:   -0.8448 -0.07391   0.5299
    - offset: -0.08042657
    - vertices: p407(v47) p103(v31) p456(v12)
    - neighboring facets: f377 f346 f192
- f197
    - flags: bottom simplicial tested seen
    - normal:    0.9477  -0.2856  -0.1425
    - offset: -0.0643045
    - center: 0.05365650000000001 -0.08220196666666667 0.07035466666666666 
    - vertices: p486(v48) p360(v27) p62(v14)
    - neighboring facets: f206 f672 f499
    - ridges:
- f206
    - flags: top simplicial
    - normal:    0.6126  -0.6366  -0.4685
    - offset: -0.05364177
    - vertices: p828(v50) p360(v27) p62(v14)
    - neighboring facets: f197 f352 f353
- f215
    - flags: top simplicial
    - normal:   -0.1321  -0.5217  -0.8428
    - offset: -0.01699249
    - vertices: p208(v51) p145(v19) p857(v10)
    - neighboring facets: f283 f216 f359
- f216
    - flags: bottom simplicial
    - normal:  -0.008872   -0.574  -0.8188
    - offset: -0.02037628
    - vertices: p208(v51) p401(v28) p857(v10)
    - neighboring facets: f568 f215 f482
- f218
    - flags: bottom simplicial tested seen
    - normal:     0.993 -0.02128  -0.1158
    - offset: -0.04921221
    - center: 0.05425189999999999 -0.04629906666666667 0.0487653 
    - vertices: p792(v52) p301(v29) p829(v13)
    - neighboring facets: f110 f677 f219
    - ridges:
- f219
    - flags: top simplicial tested seen
    - normal:    0.9726 -0.05042   -0.227
    - offset: -0.0441344
    - center: 0.0542519 -0.06009723333333333 0.0513605 
    - vertices: p792(v52) p301(v29) p62(v14)
    - neighboring facets: f434 f675 f218
    - ridges:
- f276
    - flags: bottom simplicial
    - normal:   -0.8054  -0.3774  -0.4571
    - offset: -0.03321614
    - vertices: p660(v64) p110(v40) p857(v10)
    - neighboring facets: f282 f444 f277
- f277
    - flags: top simplicial
    - normal:   -0.9378   -0.292  -0.1876
    - offset: -0.04029025
    - vertices: p660(v64) p110(v40) p445(v20)
    - neighboring facets: f289 f292 f276
- f282
    - flags: top simplicial
    - normal:   -0.7114  -0.3957  -0.5808
    - offset: -0.02788859
    - vertices: p398(v65) p110(v40) p857(v10)
    - neighboring facets: f276 f283 f341
- f283
    - flags: bottom simplicial
    - normal:    -0.564  -0.4176  -0.7124
    - offset: -0.02147573
    - vertices: p398(v65) p145(v19) p857(v10)
    - neighboring facets: f215 f282 f360
- f284
    - flags: bottom simplicial
    - normal:   -0.9911  -0.1247  0.04693
    - offset: -0.0406144
    - vertices: p398(v65) p407(v47) p798(v0)
    - neighboring facets: f344 f610 f342
- f289
    - flags: bottom simplicial
    - normal:   -0.9703  -0.2322 -0.06731
    - offset: -0.04155162
    - vertices: p613(v66) p110(v40) p445(v20)
    - neighboring facets: f277 f292 f447
- f292
    - flags: top simplicial
    - normal:   -0.8325  -0.5051  -0.2277
    - offset: -0.05753245
    - vertices: p613(v66) p660(v64) p445(v20)
    - neighboring facets: f277 f289 f458
- f295
    - flags: top simplicial
    - normal:  -0.002851  -0.9922  -0.1247
    - offset: -0.09971636
    - vertices: p613(v66) p464(v63) p102(v2)
    - neighboring facets: f439 f581 f450
- f297
    - flags: top simplicial
    - normal:    0.6876   0.2645   0.6762
    - offset: -0.08244496
    - vertices: p242(v67) p63(v17) p417(v9)
    - neighboring facets: f312 f298 f594
- f298
    - flags: bottom simplicial
    - normal:    0.7043    0.266   0.6582
    - offset: -0.08159519
    - vertices: p242(v67) p244(v34) p417(v9)
    - neighboring facets: f133 f297 f299
- f299
    - flags: top simplicial
    - normal:    0.9575  0.07515   0.2784
    - offset: -0.07203139
    - center: 0.05390556666666667 -0.06120526666666667 0.0898409 
    - vertices: p242(v67) p244(v34) p466(v8)
    - neighboring facets: f405 f300 f298
- f300
    - flags: bottom simplicial
    - normal:    0.7756  0.04073   0.6299
    - offset: -0.09662502
    - vertices: p242(v67) p238(v41) p466(v8)
    - neighboring facets: f303 f299 f593
- f303
    - flags: top simplicial
    - normal:    0.4746 -0.06602   0.8777
    - offset: -0.1104628
    - center: 0.04184620000000001 -0.0700175 0.09795863333333334 
    - vertices: p861(v68) p238(v41) p466(v8)
    - neighboring facets: f300 f504 f462
- f308
    - flags: bottom simplicial
    - normal:    0.0404   0.4219   0.9057
    - offset: -0.08670587
    - vertices: p101(v69) p621(v42) p606(v24)
    - neighboring facets: f322 f330 f473
- f312
    - flags: bottom simplicial
    - normal:    0.5224   0.2952      0.8
    - offset: -0.08767599
    - vertices: p442(v70) p63(v17) p417(v9)
    - neighboring facets: f297 f313 f595
- f313
    - flags: top simplicial
    - normal:     0.292   0.3612   0.8856
    - offset: -0.08862184
    - vertices: p442(v70) p621(v42) p417(v9)
    - neighboring facets: f320 f312 f589
- f319
    - flags: bottom simplicial
    - normal:   0.01639   0.6381   0.7698
    - offset: -0.07724006
    - vertices: p597(v71) p417(v9) p648(v5)
    - neighboring facets: f510 f321 f320
- f320
    - flags: bottom simplicial
    - normal:     0.021   0.6318   0.7748
    - offset: -0.07763744
    - vertices: p597(v71) p621(v42) p417(v9)
    - neighboring facets: f313 f319 f322
- f321
    - flags: top simplicial
    - normal:  -0.03268   0.5376   0.8425
    - offset: -0.08164854
    - vertices: p597(v71) p606(v24) p648(v5)
    - neighboring facets: f478 f319 f322
- f322
    - flags: top simplicial
    - normal:  -0.005173   0.5027   0.8644
    - offset: -0.08333432
    - vertices: p597(v71) p621(v42) p606(v24)
    - neighboring facets: f308 f321 f320
- f323
    - flags: bottom simplicial
    - normal:   -0.2797   0.1579    0.947
    - offset: -0.09875228
    - vertices: p297(v72) p606(v24) p456(v12)
    - neighboring facets: f183 f376 f380
- f326
    - flags: top simplicial
    - normal:    0.1499   0.1914     0.97
    - offset: -0.09746716
    - vertices: p804(v73) p739(v44) p712(v23)
    - neighboring facets: f470 f463 f329
- f329
    - flags: top simplicial
    - normal:   0.05732   0.2326   0.9709
    - offset: -0.09447347
    - vertices: p804(v73) p101(v69) p739(v44)
    - neighboring facets: f471 f326 f330
- f330
    - flags: bottom simplicial
    - normal:  0.008201   0.2279   0.9736
    - offset: -0.09482172
    - vertices: p804(v73) p101(v69) p606(v24)
    - neighboring facets: f308 f382 f329
- f338
    - flags: bottom simplicial
    - normal:   -0.1521    0.492   0.8572
    - offset: -0.08587089
    - vertices: p179(v74) p355(v46) p606(v24)
    - neighboring facets: f183 f479 f343
- f340
    - flags: top simplicial
    - normal:    -0.989  -0.1408   0.0456
    - offset: -0.04077683
    - vertices: p386(v75) p407(v47) p418(v39)
    - neighboring facets: f191 f448 f342
- f341
    - flags: bottom simplicial
    - normal:   -0.9836  -0.1768 -0.03536
    - offset: -0.04020335
    - vertices: p386(v75) p398(v65) p110(v40)
    - neighboring facets: f282 f449 f342
- f342
    - flags: top simplicial
    - normal:   -0.9895  -0.1372  0.04445
    - offset: -0.04060643
    - vertices: p386(v75) p398(v65) p407(v47)
    - neighboring facets: f284 f340 f341
- f343
    - flags: top simplicial
    - normal:   -0.8576   0.1917   0.4773
    - offset: -0.07237311
    - vertices: p485(v76) p179(v74) p355(v46)
    - neighboring facets: f338 f345 f531
- f344
    - flags: top simplicial
    - normal:   -0.9967  0.00523  0.08057
    - offset: -0.04109557
    - vertices: p485(v76) p407(v47) p798(v0)
    - neighboring facets: f284 f530 f346
- f345
    - flags: top simplicial
    - normal:   -0.3451   0.1638   0.9241
    - offset: -0.09823425
    - vertices: p485(v76) p355(v46) p456(v12)
    - neighboring facets: f183 f346 f343
- f346
    - flags: bottom simplicial
    - normal:    -0.821 -0.02659   0.5703
    - offset: -0.08240346
    - vertices: p485(v76) p407(v47) p456(v12)
    - neighboring facets: f193 f345 f344
- f349
    - flags: bottom simplicial
    - normal:   0.08608  -0.1548  -0.9842
    - offset: -0.003353808
    - vertices: p158(v77) p208(v51) p86(v6)
    - neighboring facets: f362 f351 f483
- f351
    - flags: top simplicial
    - normal:    0.5509  -0.4949   -0.672
    - offset: -0.02904487
    - vertices: p158(v77) p62(v14) p86(v6)
    - neighboring facets: f433 f349 f352
- f352
    - flags: top simplicial
    - normal:    0.5417  -0.5024  -0.6739
    - offset: -0.02897279
    - vertices: p158(v77) p828(v50) p62(v14)
    - neighboring facets: f206 f351 f481
- f353
    - flags: bottom simplicial
    - normal:    0.5957  -0.6758  -0.4341
    - offset: -0.05880013
    - vertices: p8(v78) p828(v50) p360(v27)
    - neighboring facets: f206 f497 f356
- f356
    - flags: top simplicial
    - normal:    0.1374  -0.8527   -0.504
    - offset: -0.06287488
    - vertices: p8(v78) p828(v50) p697(v49)
    - neighboring facets: f567 f583 f353
- f359
    - flags: bottom simplicial
    - normal:  -0.09044  -0.1484  -0.9848
    - offset: -0.001458558
    - vertices: p88(v79) p208(v51) p145(v19)
    - neighboring facets: f215 f360 f362
- f360
    - flags: top simplicial
    - normal:   -0.1226  -0.1197  -0.9852
    - offset: -0.000949349
    - center: -0.02138102 -0.02250377666666667 0.004430816666666667 
    - vertices: p88(v79) p398(v65) p145(v19)
    - neighboring facets: f283 f359 f621
- f362
    - flags: top simplicial
    - normal:   0.01267 -0.05062  -0.9986
    - offset: 0.001667807
    - vertices: p88(v79) p208(v51) p86(v6)
    - neighboring facets: f349 f363 f359
- f363
    - flags: bottom simplicial seen
    - normal:  0.009278 -0.007942  -0.9999
    - offset: 0.002710088
    - center: 0.02203151333333334 -0.007564233333333333 0.002974786666666667 
    - vertices: p88(v79) p850(v62) p86(v6)
    - neighboring facets: f430 f362 f667
    - ridges:
- f365
    - flags: bottom simplicial
    - normal:    0.4677  -0.6743   0.5715
    - offset: -0.1304046
    - center: 0.02901666666666667 -0.0942528 0.09323380000000001 
    - vertices: p833(v80) p486(v48) p642(v15)
    - neighboring facets: f506 f484 f498
- f368
    - flags: bottom simplicial
    - normal:   0.03052    -0.79   0.6123
    - offset: -0.1395325
    - vertices: p833(v80) p919(v55) p136(v30)
    - neighboring facets: f387 f572 f485
- f371
    - flags: bottom simplicial
    - normal:   0.09556  -0.9763   0.1942
    - offset: -0.1224265
    - vertices: p833(v80) p559(v53) p102(v2)
    - neighboring facets: f438 f496 f573
- f375
    - flags: bottom simplicial
    - normal:   -0.2756 -0.07767   0.9581
    - offset: -0.1140447
    - center: -0.01328913333333333 -0.0878366 0.1080863333333333 
    - vertices: p60(v81) p146(v54) p103(v31)
    - neighboring facets: f378 f489 f596
- f376
    - flags: bottom simplicial
    - normal:   -0.2654   0.1311   0.9552
    - offset: -0.09991822
    - vertices: p33(v82) p297(v72) p456(v12)
    - neighboring facets: f323 f377 f380
- f377
    - flags: top simplicial
    - normal:   -0.3601  0.02638   0.9326
    - offset: -0.1034898
    - vertices: p33(v82) p103(v31) p456(v12)
    - neighboring facets: f193 f376 f378
- f378
    - flags: top simplicial
    - normal:   -0.3365  0.01998   0.9415
    - offset: -0.1045294
    - vertices: p33(v82) p146(v54) p103(v31)
    - neighboring facets: f375 f377 f379
- f379
    - flags: bottom simplicial
    - normal:     -0.23  0.04131   0.9723
    - offset: -0.1057676
    - vertices: p33(v82) p146(v54) p306(v3)
    - neighboring facets: f468 f381 f378
- f380
    - flags: top simplicial
    - normal:   -0.2187    0.158   0.9629
    - offset: -0.09898535
    - vertices: p33(v82) p297(v72) p606(v24)
    - neighboring facets: f323 f382 f376
- f381
    - flags: top simplicial
    - normal:  -0.09426    0.149   0.9843
    - offset: -0.1004867
    - vertices: p33(v82) p804(v73) p306(v3)
    - neighboring facets: f465 f379 f382
- f382
    - flags: bottom simplicial
    - normal:  -0.03285   0.2101   0.9771
    - offset: -0.09612844
    - vertices: p33(v82) p804(v73) p606(v24)
    - neighboring facets: f330 f380 f381
- f385
    - flags: top simplicial
    - normal:  -0.0007527  -0.5284    0.849
    - offset:  -0.138777
    - center: 0.005043166666666666 -0.09076306666666667 0.106976 
    - vertices: p26(v83) p60(v81) p642(v15)
    - neighboring facets: f500 f486 f490
- f387
    - flags: top simplicial
    - normal:   0.02821  -0.7887   0.6142
    - offset:  -0.139574
    - vertices: p959(v84) p919(v55) p136(v30)
    - neighboring facets: f368 f574 f488
- f392
    - flags: top simplicial
    - normal:   0.06454     0.91   0.4096
    - offset: -0.06027299
    - vertices: p363(v85) p840(v59) p507(v36)
    - neighboring facets: f612 f513 f512
- f399
    - flags: top simplicial tested
    - normal:    0.8525    0.227   0.4709
    - offset: -0.07532268
    - center: 0.05355626666666666 -0.01021637 0.06792866666666666 
    - vertices: p157(v86) p244(v34) p13(v33)
    - neighboring facets: f133 f400 f405
- f400
    - flags: top simplicial tested
    - normal:    0.7692   0.3079   0.5599
    - offset: -0.07690981
    - center: 0.04636143333333333 0.01490153 0.06547586666666666 
    - vertices: p157(v86) p13(v33) p417(v9)
    - neighboring facets: f133 f508 f399
- f405
    - flags: bottom simplicial tested seen
    - normal:    0.9964  0.03345  0.07841
    - offset: -0.0588905
    - center: 0.05421546666666666 -0.0352582 0.07718323333333334 
    - vertices: p157(v86) p244(v34) p466(v8)
    - neighboring facets: f299 f673 f399
    - ridges:
- f415
    - flags: bottom simplicial
    - normal:   0.09144   0.9717  -0.2176
    - offset: -0.03794453
    - vertices: p252(v88) p756(v60) p988(v35)
    - neighboring facets: f561 f539 f541
- f423
    - flags: top simplicial
    - normal:   0.02872   0.2087  -0.9776
    - offset: -0.003124698
    - center: 0.0095009 0.03174806666666666 0.003860906666666666 
    - vertices: p545(v90) p850(v62) p988(v35)
    - neighboring facets: f563 f546 f623
- f429
    - flags: bottom simplicial
    - normal:   -0.2046  0.04648  -0.9777
    - offset: -0.00340458
    - center: -0.03292196666666666 0.01584992333333333 0.004161483333333333 
    - vertices: p545(v90) p398(v65) p236(v61)
    - neighboring facets: f611 f552 f619
- f430
    - flags: top simplicial
    - normal:    0.5502  0.02342  -0.8347
    - offset: -0.01742655
    - center: 0.03771206666666666 -0.004151433333333334 0.003862316666666664 
    - vertices: p746(v91) p850(v62) p86(v6)
    - neighboring facets: f363 f433 f525
- f432
    - flags: top simplicial
    - normal:    0.9401 -0.04558  -0.3379
    - offset: -0.03702548
    - center: 0.04969469999999999 -0.01900958333333333 0.03124342666666667 
    - vertices: p746(v91) p301(v29) p275(v26)
    - neighboring facets: f110 f524 f434
- f433
    - flags: bottom simplicial
    - normal:    0.8367  -0.2254  -0.4992
    - offset: -0.03455943
    - vertices: p746(v91) p62(v14) p86(v6)
    - neighboring facets: f351 f430 f434
- f434
    - flags: bottom simplicial
    - normal:    0.9293 -0.08447  -0.3595
    - offset: -0.03703736
    - vertices: p746(v91) p301(v29) p62(v14)
    - neighboring facets: f219 f433 f432
- f437
    - flags: top simplicial
    - normal:    0.6864   0.6427  -0.3403
    - offset: -0.03815375
    - center: 0.03142166666666667 0.0317365 0.01119723333333334 
    - vertices: p852(v92) p850(v62) p756(v60)
    - neighboring facets: f605 f562 f564
- f438
    - flags: top simplicial
    - normal:    0.0316  -0.9814   0.1891
    - offset: -0.1221647
    - vertices: p457(v93) p559(v53) p102(v2)
    - neighboring facets: f371 f439 f570
- f439
    - flags: bottom simplicial
    - normal:  0.001684  -0.9944   0.1055
    - offset: -0.1171482
    - vertices: p457(v93) p464(v63) p102(v2)
    - neighboring facets: f295 f438 f451
- f444
    - flags: bottom simplicial
    - normal:  -0.05104   -0.707  -0.7053
    - offset: -0.03845623
    - vertices: p514(v94) p660(v64) p857(v10)
    - neighboring facets: f276 f569 f460
- f447
    - flags: top simplicial
    - normal:   -0.9806  -0.1959  -0.0113
    - offset: -0.04158131
    - vertices: p46(v95) p613(v66) p110(v40)
    - neighboring facets: f289 f449 f450
- f448
    - flags: top simplicial
    - normal:   -0.9859  -0.1656  0.02196
    - offset: -0.04120583
    - vertices: p46(v95) p386(v75) p418(v39)
    - neighboring facets: f340 f576 f449
- f449
    - flags: bottom simplicial
    - normal:   -0.9828  -0.1849 0.0005811
    - offset: -0.04143669
    - vertices: p46(v95) p386(v75) p110(v40)
    - neighboring facets: f341 f447 f448
- f450
    - flags: bottom simplicial
    - normal:   -0.1504   -0.985  0.08445
    - offset: -0.1161586
    - vertices: p46(v95) p613(v66) p464(v63)
    - neighboring facets: f295 f451 f447
- f451
    - flags: top simplicial
    - normal:  -0.09577  -0.9826   0.1592
    - offset: -0.1209066
    - vertices: p46(v95) p457(v93) p464(v63)
    - neighboring facets: f439 f450 f571
- f458
    - flags: bottom simplicial
    - normal:   -0.6992  -0.6531  -0.2907
    - offset: -0.06655077
    - vertices: p551(v96) p613(v66) p660(v64)
    - neighboring facets: f292 f460 f580
- f460
    - flags: top simplicial
    - normal:  -0.04534  -0.7686  -0.6382
    - offset: -0.04770966
    - vertices: p551(v96) p514(v94) p660(v64)
    - neighboring facets: f444 f458 f638
- f462
    - flags: bottom simplicial
    - normal:    0.4356  0.07979   0.8966
    - offset: -0.1008735
    - vertices: p579(v97) p861(v68) p238(v41)
    - neighboring facets: f303 f592 f464
- f463
    - flags: top simplicial
    - normal:    0.1749   0.1723   0.9694
    - offset: -0.09874433
    - vertices: p579(v97) p804(v73) p712(v23)
    - neighboring facets: f326 f591 f465
- f464
    - flags: top simplicial
    - normal:     0.205  0.05209   0.9774
    - offset: -0.1076074
    - vertices: p579(v97) p861(v68) p306(v3)
    - neighboring facets: f469 f465 f462
- f465
    - flags: bottom simplicial
    - normal:    0.1829   0.1049   0.9775
    - offset: -0.1039646
    - vertices: p579(v97) p804(v73) p306(v3)
    - neighboring facets: f381 f464 f463
- f468
    - flags: top simplicial
    - normal:  -0.07645 -0.06037   0.9952
    - offset: -0.1159087
    - center: 0.002197226666666667 -0.07498803333333333 0.112083 
    - vertices: p228(v98) p146(v54) p306(v3)
    - neighboring facets: f379 f469 f644
- f469
    - flags: bottom simplicial
    - normal:    0.1704 -0.01266   0.9853
    - offset: -0.1127063
    - center: 0.009781393333333334 -0.07296279999999999 0.111759 
    - vertices: p228(v98) p861(v68) p306(v3)
    - neighboring facets: f464 f468 f503
- f470
    - flags: bottom simplicial
    - normal:    0.1376   0.2195   0.9659
    - offset: -0.09558661
    - vertices: p444(v99) p739(v44) p712(v23)
    - neighboring facets: f326 f588 f471
- f471
    - flags: bottom simplicial
    - normal:   0.06459    0.235   0.9698
    - offset: -0.09434661
    - vertices: p444(v99) p101(v69) p739(v44)
    - neighboring facets: f329 f470 f473
- f473
    - flags: top simplicial
    - normal:     0.156   0.3295   0.9312
    - offset: -0.08977666
    - vertices: p444(v99) p101(v69) p621(v42)
    - neighboring facets: f308 f590 f471
- f475
    - flags: top simplicial
    - normal:   -0.9909  0.08758   0.1021
    - offset: -0.04309917
    - vertices: p664(v100) p179(v74) p436(v45)
    - neighboring facets: f527 f477 f479
- f476
    - flags: top simplicial
    - normal:   -0.8048   0.5249   0.2771
    - offset: -0.06033975
    - vertices: p664(v100) p400(v87) p648(v5)
    - neighboring facets: f629 f478 f477
- f477
    - flags: bottom simplicial
    - normal:   -0.9751   0.1929   0.1095
    - offset: -0.04535617
    - vertices: p664(v100) p400(v87) p436(v45)
    - neighboring facets: f526 f475 f476
- f478
    - flags: bottom simplicial
    - normal:  -0.05862   0.5321   0.8446
    - offset: -0.08244221
    - vertices: p664(v100) p606(v24) p648(v5)
    - neighboring facets: f321 f476 f479
- f479
    - flags: bottom simplicial
    - normal:   -0.1198   0.5088   0.8525
    - offset: -0.08463998
    - vertices: p664(v100) p179(v74) p606(v24)
    - neighboring facets: f338 f478 f475
- f480
    - flags: bottom simplicial
    - normal:     0.376  -0.6163   -0.692
    - offset: -0.03572044
    - vertices: p891(v101) p828(v50) p401(v28)
    - neighboring facets: f566 f482 f481
- f481
    - flags: bottom simplicial
    - normal:    0.5336  -0.5045  -0.6788
    - offset: -0.0287648
    - vertices: p891(v101) p158(v77) p828(v50)
    - neighboring facets: f352 f480 f483
- f482
    - flags: top simplicial
    - normal:   0.07663  -0.5646  -0.8218
    - offset: -0.02076607
    - vertices: p891(v101) p208(v51) p401(v28)
    - neighboring facets: f216 f480 f483
- f483
    - flags: top simplicial
    - normal:    0.2797   -0.521  -0.8064
    - offset: -0.02090502
    - vertices: p891(v101) p158(v77) p208(v51)
    - neighboring facets: f349 f482 f481
- f484
    - flags: bottom simplicial
    - normal:    0.1666  -0.7363   0.6558
    - offset: -0.1399069
    - vertices: p522(v102) p833(v80) p642(v15)
    - neighboring facets: f365 f486 f485
- f485
    - flags: top simplicial
    - normal:    0.1167  -0.7524   0.6483
    - offset: -0.1401499
    - vertices: p522(v102) p833(v80) p919(v55)
    - neighboring facets: f368 f488 f484
- f486
    - flags: top simplicial
    - normal:   0.00904  -0.5841   0.8116
    - offset: -0.1400182
    - vertices: p522(v102) p26(v83) p642(v15)
    - neighboring facets: f385 f484 f490
- f487
    - flags: top simplicial
    - normal:  -0.01649  -0.6483   0.7612
    - offset:  -0.140629
    - vertices: p522(v102) p959(v84) p103(v31)
    - neighboring facets: f575 f489 f488
- f488
    - flags: bottom simplicial
    - normal:  -0.007903  -0.6675   0.7446
    - offset: -0.1408139
    - vertices: p522(v102) p959(v84) p919(v55)
    - neighboring facets: f387 f485 f487
- f489
    - flags: bottom simplicial
    - normal:  -0.009224  -0.5908   0.8068
    - offset: -0.1399655
    - vertices: p522(v102) p60(v81) p103(v31)
    - neighboring facets: f375 f487 f490
- f490
    - flags: bottom simplicial
    - normal:  -0.005014  -0.5777   0.8162
    - offset: -0.1397453
    - vertices: p522(v102) p26(v83) p60(v81)
    - neighboring facets: f385 f489 f486
- f495
    - flags: top simplicial
    - normal:      0.18  -0.9837 -0.001922
    - offset: -0.1092115
    - vertices: p683(v104) p8(v78) p102(v2)
    - neighboring facets: f582 f496 f497
- f496
    - flags: bottom simplicial
    - normal:    0.1142  -0.9762   0.1842
    - offset: -0.1218041
    - vertices: p683(v104) p833(v80) p102(v2)
    - neighboring facets: f371 f495 f498
- f497
    - flags: bottom simplicial
    - normal:    0.5181  -0.8548  0.03018
    - offset:   -0.10516
    - vertices: p683(v104) p8(v78) p360(v27)
    - neighboring facets: f353 f499 f495
- f498
    - flags: top simplicial
    - normal:     0.486  -0.7982   0.3559
    - offset: -0.1243008
    - vertices: p683(v104) p833(v80) p486(v48)
    - neighboring facets: f365 f499 f496
- f499
    - flags: top simplicial
    - normal:    0.5272  -0.8353   0.1559
    - offset: -0.1132665
    - vertices: p683(v104) p486(v48) p360(v27)
    - neighboring facets: f197 f497 f498
- f500
    - flags: bottom simplicial tested
    - normal:  0.002302  -0.4641   0.8858
    - offset: -0.1369141
    - center: 0.006966933333333332 -0.08897616666666668 0.1079306666666667 
    - vertices: p816(v105) p60(v81) p642(v15)
    - neighboring facets: f385 f506 f598
- f503
    - flags: top simplicial tested
    - normal:    0.1764 -0.07601   0.9814
    - offset: -0.1171434
    - center: 0.01438842666666667 -0.07921593333333334 0.1106443333333333 
    - vertices: p816(v105) p228(v98) p861(v68)
    - neighboring facets: f469 f504 f645
- f504
    - flags: top simplicial tested
    - normal:    0.4748 -0.06862   0.8774
    - offset: -0.1106311
    - center: 0.03039296666666666 -0.07752306666666665 0.1035764 
    - vertices: p816(v105) p861(v68) p466(v8)
    - neighboring facets: f303 f505 f503
- f505
    - flags: bottom simplicial tested seen
    - normal:    0.5442  -0.4321   0.7191
    - offset: -0.1259011
    - center: 0.0423577 -0.08113406666666667 0.09427313333333333 
    - vertices: p816(v105) p486(v48) p466(v8)
    - neighboring facets: f676 f504 f506
    - ridges:
- f506
    - flags: top simplicial tested
    - normal:    0.5223  -0.5018   0.6895
    - offset: -0.1282636
    - center: 0.0299526 -0.08767943333333333 0.09952573333333332 
    - vertices: p816(v105) p486(v48) p642(v15)
    - neighboring facets: f365 f500 f505
- f507
    - flags: top simplicial
    - normal:    0.7002   0.6229   0.3489
    - offset: -0.06709525
    - vertices: p361(v106) p363(v85) p895(v56)
    - neighboring facets: f517 f509 f512
- f508
    - flags: top simplicial
    - normal:    0.7242    0.515   0.4586
    - offset: -0.07245285
    - vertices: p361(v106) p157(v86) p417(v9)
    - neighboring facets: f400 f510 f509
- f509
    - flags: bottom simplicial
    - normal:    0.7075   0.6008   0.3722
    - offset: -0.06832651
    - vertices: p361(v106) p157(v86) p895(v56)
    - neighboring facets: f518 f507 f508
- f510
    - flags: top simplicial
    - normal:   0.02574   0.7726   0.6344
    - offset: -0.07006199
    - vertices: p361(v106) p417(v9) p648(v5)
    - neighboring facets: f319 f615 f508
- f512
    - flags: bottom simplicial
    - normal:   0.03368   0.8604   0.5085
    - offset: -0.06397549
    - vertices: p361(v106) p363(v85) p840(v59)
    - neighboring facets: f392 f616 f507
- f513
    - flags: top simplicial
    - normal:    0.1115   0.9248   0.3638
    - offset: -0.05934375
    - vertices: p569(v107) p363(v85) p507(v36)
    - neighboring facets: f392 f630 f601
- f517
    - flags: bottom simplicial
    - normal:    0.6883   0.6919    0.218
    - offset: -0.06059369
    - vertices: p726(v108) p363(v85) p895(v56)
    - neighboring facets: f507 f518 f602
- f518
    - flags: top simplicial
    - normal:    0.6962   0.6937   0.1847
    - offset: -0.05919151
    - center: 0.04608429999999999 0.02481753333333333 0.0535667 
    - vertices: p726(v108) p157(v86) p895(v56)
    - neighboring facets: f509 f517 f607
- f524
    - flags: top simplicial tested seen
    - normal:    0.9365 -0.007347  -0.3505
    - offset: -0.03625327
    - center: 0.04977289999999999 -0.001872850000000001 0.02959576 
    - vertices: p976(v109) p746(v91) p275(v26)
    - neighboring facets: f432 f678 f525
    - ridges:
- f525
    - flags: bottom simplicial tested
    - normal:    0.9033   0.1051  -0.4159
    - offset: -0.03289828
    - center: 0.04332849999999999 0.006420066666666665 0.01662479 
    - vertices: p976(v109) p746(v91) p850(v62)
    - neighboring facets: f430 f604 f524
- f526
    - flags: top simplicial
    - normal:   -0.9903   0.1215  0.06791
    - offset: -0.04114914
    - vertices: p676(v110) p400(v87) p436(v45)
    - neighboring facets: f477 f527 f529
- f527
    - flags: bottom simplicial
    - normal:   -0.9947   0.0614  0.08291
    - offset: -0.04119282
    - vertices: p676(v110) p179(v74) p436(v45)
    - neighboring facets: f475 f526 f531
- f529
    - flags: bottom simplicial
    - normal:   -0.9341    0.334  -0.1262
    - offset: -0.03814273
    - vertices: p676(v110) p400(v87) p236(v61)
    - neighboring facets: f554 f609 f526
- f530
    - flags: top simplicial
    - normal:   -0.9963   0.0242  0.08287
    - offset: -0.04109475
    - vertices: p676(v110) p485(v76) p798(v0)
    - neighboring facets: f344 f608 f531
- f531
    - flags: bottom simplicial
    - normal:   -0.9955  0.04101  0.08574
    - offset: -0.04116071
    - vertices: p676(v110) p485(v76) p179(v74)
    - neighboring facets: f343 f527 f530
- f539
    - flags: bottom simplicial
    - normal:   0.08735   0.9714   -0.221
    - offset: -0.03783875
    - vertices: p27(v112) p252(v88) p988(v35)
    - neighboring facets: f415 f540 f541
- f540
    - flags: top simplicial
    - normal:   0.05092   0.9593  -0.2779
    - offset: -0.03640821
    - vertices: p27(v112) p748(v89) p988(v35)
    - neighboring facets: f545 f539 f558
- f541
    - flags: top simplicial
    - normal:   0.08956   0.9723  -0.2158
    - offset: -0.03795928
    - vertices: p27(v112) p252(v88) p756(v60)
    - neighboring facets: f415 f651 f539
- f545
    - flags: bottom simplicial
    - normal:   0.04649   0.9485  -0.3135
    - offset: -0.0357142
    - vertices: p144(v113) p748(v89) p988(v35)
    - neighboring facets: f540 f546 f547
- f546
    - flags: top simplicial
    - normal:  -0.003489   0.4229  -0.9062
    - offset: -0.01122524
    - vertices: p144(v113) p545(v90) p988(v35)
    - neighboring facets: f423 f545 f547
- f547
    - flags: bottom simplicial
    - normal:   -0.2268   0.8147  -0.5336
    - offset: -0.03079086
    - vertices: p144(v113) p545(v90) p748(v89)
    - neighboring facets: f556 f545 f546
- f551
    - flags: top simplicial
    - normal:   -0.6248   0.7309  -0.2745
    - offset: -0.03847776
    - vertices: p475(v115) p545(v90) p207(v57)
    - neighboring facets: f555 f553 f552
- f552
    - flags: bottom simplicial
    - normal:   -0.7616    0.537  -0.3627
    - offset: -0.03509191
    - vertices: p475(v115) p545(v90) p236(v61)
    - neighboring facets: f429 f554 f551
- f553
    - flags: bottom simplicial
    - normal:   -0.7971   0.5769  -0.1787
    - offset: -0.04033827
    - vertices: p475(v115) p400(v87) p207(v57)
    - neighboring facets: f557 f551 f554
- f554
    - flags: top simplicial
    - normal:   -0.9061   0.3945   -0.153
    - offset: -0.03824238
    - vertices: p475(v115) p400(v87) p236(v61)
    - neighboring facets: f529 f552 f553
- f555
    - flags: bottom simplicial
    - normal:    -0.493   0.8271  -0.2698
    - offset: -0.03848559
    - vertices: p388(v116) p545(v90) p207(v57)
    - neighboring facets: f551 f557 f556
- f556
    - flags: top simplicial
    - normal:   -0.3274    0.886  -0.3283
    - offset: -0.03623826
    - vertices: p388(v116) p545(v90) p748(v89)
    - neighboring facets: f547 f558 f555
- f557
    - flags: top simplicial
    - normal:   -0.3026   0.9516 -0.05471
    - offset: -0.04398805
    - vertices: p388(v116) p400(v87) p207(v57)
    - neighboring facets: f553 f555 f627
- f558
    - flags: bottom simplicial
    - normal:  -0.06344    0.996  -0.0632
    - offset: -0.04064052
    - vertices: p388(v116) p27(v112) p748(v89)
    - neighboring facets: f540 f556 f649
- f561
    - flags: top simplicial
    - normal:    0.4874   0.7706  -0.4106
    - offset: -0.03612314
    - vertices: p762(v117) p756(v60) p988(v35)
    - neighboring facets: f415 f563 f562
- f562
    - flags: top simplicial
    - normal:    0.5442   0.7288  -0.4156
    - offset: -0.03586798
    - vertices: p762(v117) p852(v92) p756(v60)
    - neighboring facets: f437 f561 f564
- f563
    - flags: bottom simplicial
    - normal:    0.4578   0.6344  -0.6228
    - offset: -0.02915498
    - vertices: p762(v117) p850(v62) p988(v35)
    - neighboring facets: f423 f561 f564
- f564
    - flags: bottom simplicial
    - normal:    0.4792   0.6468  -0.5934
    - offset: -0.03027705
    - vertices: p762(v117) p852(v92) p850(v62)
    - neighboring facets: f437 f563 f562
- f566
    - flags: top simplicial
    - normal:    0.1245  -0.7767  -0.6174
    - offset: -0.04964417
    - vertices: p975(v118) p828(v50) p401(v28)
    - neighboring facets: f480 f568 f567
- f567
    - flags: bottom simplicial
    - normal:    0.1053  -0.8226  -0.5587
    - offset: -0.05657354
    - vertices: p975(v118) p828(v50) p697(v49)
    - neighboring facets: f356 f640 f566
- f568
    - flags: top simplicial
    - normal:  -0.006603  -0.6366  -0.7712
    - offset: -0.02819095
    - vertices: p975(v118) p401(v28) p857(v10)
    - neighboring facets: f216 f569 f566
- f569
    - flags: bottom simplicial
    - normal:  -0.01563  -0.6785  -0.7344
    - offset: -0.03383659
    - vertices: p975(v118) p514(v94) p857(v10)
    - neighboring facets: f444 f568 f661
- f570
    - flags: bottom simplicial
    - normal:  -0.02483  -0.9527   0.3029
    - offset: -0.1285428
    - vertices: p119(v119) p457(v93) p559(v53)
    - neighboring facets: f438 f573 f571
- f571
    - flags: bottom simplicial
    - normal:  -0.07343  -0.9664   0.2462
    - offset: -0.1259018
    - vertices: p119(v119) p46(v95) p457(v93)
    - neighboring facets: f451 f570 f576
- f572
    - flags: bottom simplicial
    - normal:  -0.008908  -0.8937   0.4485
    - offset: -0.1350713
    - vertices: p119(v119) p833(v80) p136(v30)
    - neighboring facets: f368 f574 f573
- f573
    - flags: top simplicial
    - normal:  -0.008255  -0.9159   0.4013
    - offset: -0.1331568
    - vertices: p119(v119) p833(v80) p559(v53)
    - neighboring facets: f371 f570 f572
- f574
    - flags: top simplicial
    - normal:   -0.0481  -0.8102   0.5842
    - offset: -0.1392557
    - vertices: p119(v119) p959(v84) p136(v30)
    - neighboring facets: f387 f572 f575
- f575
    - flags: bottom simplicial
    - normal:    -0.117  -0.7557   0.6444
    - offset: -0.1403416
    - vertices: p119(v119) p959(v84) p103(v31)
    - neighboring facets: f487 f577 f574
- f576
    - flags: top simplicial
    - normal:   -0.8728   -0.426   0.2381
    - offset: -0.08465343
    - vertices: p119(v119) p46(v95) p418(v39)
    - neighboring facets: f448 f578 f571
- f577
    - flags: bottom simplicial
    - normal:   -0.8558  -0.3962   0.3325
    - offset: -0.08963841
    - vertices: p119(v119) p103(v31) p926(v7)
    - neighboring facets: f192 f578 f575
- f578
    - flags: top simplicial
    - normal:   -0.8789  -0.3716   0.2991
    - offset: -0.08451128
    - vertices: p119(v119) p418(v39) p926(v7)
    - neighboring facets: f191 f577 f576
- f580
    - flags: top simplicial
    - normal:  -0.06988  -0.9505  -0.3028
    - offset: -0.08463697
    - vertices: p137(v120) p551(v96) p613(v66)
    - neighboring facets: f458 f581 f636
- f581
    - flags: top simplicial
    - normal:   0.01007  -0.9847  -0.1741
    - offset: -0.09530403
    - vertices: p137(v120) p613(v66) p102(v2)
    - neighboring facets: f295 f582 f580
- f582
    - flags: bottom simplicial
    - normal:   0.03396  -0.9806  -0.1931
    - offset: -0.09360813
    - vertices: p137(v120) p8(v78) p102(v2)
    - neighboring facets: f495 f581 f583
- f583
    - flags: top simplicial
    - normal:   0.04434  -0.9626  -0.2673
    - offset: -0.08728796
    - vertices: p137(v120) p8(v78) p697(v49)
    - neighboring facets: f356 f658 f582
- f584
    - flags: top simplicial
    - normal:  0.0003333  -0.8795  -0.4759
    - offset: -0.06684548
    - vertices: p701(v121) p551(v96) p697(v49)
    - neighboring facets: f634 f641 f639
- f588
    - flags: bottom simplicial
    - normal:    0.1598   0.2233   0.9616
    - offset: -0.09544671
    - vertices: p140(v122) p444(v99) p712(v23)
    - neighboring facets: f470 f591 f590
- f589
    - flags: bottom simplicial
    - normal:    0.2292   0.3341   0.9142
    - offset: -0.08965763
    - vertices: p140(v122) p442(v70) p621(v42)
    - neighboring facets: f313 f590 f595
- f590
    - flags: top simplicial
    - normal:    0.1892   0.3271   0.9258
    - offset: -0.08986907
    - vertices: p140(v122) p444(v99) p621(v42)
    - neighboring facets: f473 f589 f588
- f591
    - flags: top simplicial
    - normal:    0.3377   0.1272   0.9326
    - offset: -0.1002373
    - vertices: p140(v122) p579(v97) p712(v23)
    - neighboring facets: f463 f588 f592
- f592
    - flags: bottom simplicial
    - normal:    0.4356  0.08467   0.8962
    - offset: -0.1005219
    - vertices: p140(v122) p579(v97) p238(v41)
    - neighboring facets: f462 f593 f591
- f593
    - flags: top simplicial
    - normal:    0.5483   0.1772   0.8173
    - offset: -0.09328564
    - vertices: p140(v122) p242(v67) p238(v41)
    - neighboring facets: f300 f592 f594
- f594
    - flags: bottom simplicial
    - normal:    0.6115     0.24   0.7539
    - offset: -0.08700327
    - vertices: p140(v122) p242(v67) p63(v17)
    - neighboring facets: f297 f595 f593
- f595
    - flags: top simplicial
    - normal:    0.5225   0.2916   0.8012
    - offset: -0.08781831
    - vertices: p140(v122) p442(v70) p63(v17)
    - neighboring facets: f312 f594 f589
- f596
    - flags: top simplicial
    - normal:   -0.0299  -0.3598   0.9325
    - offset: -0.1330444
    - vertices: p493(v123) p60(v81) p146(v54)
    - neighboring facets: f375 f642 f598
- f598
    - flags: top simplicial
    - normal:  -0.001492   -0.437   0.8995
    - offset:  -0.136004
    - vertices: p493(v123) p816(v105) p60(v81)
    - neighboring facets: f500 f596 f643
- f599
    - flags: top simplicial
    - normal:   0.08451   0.9938  0.07165
    - offset: -0.0457097
    - vertices: p428(v124) p569(v107) p756(v60)
    - neighboring facets: f628 f600 f601
- f600
    - flags: bottom simplicial
    - normal:    0.6277   0.7784 -0.007538
    - offset: -0.05025367
    - center: 0.03095999999999999 0.04000823333333333 0.0428599 
    - vertices: p428(v124) p726(v108) p756(v60)
    - neighboring facets: f606 f599 f602
- f601
    - flags: bottom simplicial
    - normal:    0.1508   0.9265   0.3448
    - offset: -0.05944908
    - vertices: p428(v124) p569(v107) p363(v85)
    - neighboring facets: f513 f602 f599
- f602
    - flags: top simplicial
    - normal:    0.6716   0.7067   0.2224
    - offset: -0.06085034
    - vertices: p428(v124) p726(v108) p363(v85)
    - neighboring facets: f517 f601 f600
- f604
    - flags: bottom simplicial tested
    - normal:    0.8895   0.3032  -0.3418
    - offset: -0.03728095
    - center: 0.04688383333333333 0.01818816666666667 0.02907259666666667 
    - vertices: p815(v125) p976(v109) p850(v62)
    - neighboring facets: f525 f605 f648
- f605
    - flags: bottom simplicial tested
    - normal:    0.7628   0.5875  -0.2702
    - offset: -0.03973006
    - center: 0.03827256666666667 0.02867003333333333 0.02334463 
    - vertices: p815(v125) p850(v62) p756(v60)
    - neighboring facets: f437 f606 f604
- f606
    - flags: top simplicial tested
    - normal:    0.6889   0.7245 -0.02302
    - offset: -0.04936598
    - center: 0.03751036666666666 0.0337324 0.03969323333333333 
    - vertices: p815(v125) p726(v108) p756(v60)
    - neighboring facets: f600 f605 f607
- f607
    - flags: bottom simplicial tested
    - normal:     0.711   0.6994   0.0725
    - offset: -0.05407672
    - center: 0.04612163333333333 0.02530196666666666 0.04946126666666667 
    - vertices: p815(v125) p726(v108) p157(v86)
    - neighboring facets: f518 f647 f606
- f608
    - flags: top simplicial
    - normal:   -0.9873  0.09729  -0.1258
    - offset: -0.03926189
    - vertices: p265(v126) p676(v110) p798(v0)
    - neighboring facets: f530 f610 f609
- f609
    - flags: bottom simplicial
    - normal:   -0.9122   0.2817  -0.2975
    - offset: -0.03556331
    - vertices: p265(v126) p676(v110) p236(v61)
    - neighboring facets: f529 f611 f608
- f610
    - flags: bottom simplicial
    - normal:   -0.9056   0.0921  -0.4141
    - offset: -0.03390255
    - vertices: p265(v126) p398(v65) p798(v0)
    - neighboring facets: f284 f608 f611
- f611
    - flags: top simplicial
    - normal:   -0.7392   0.1683  -0.6521
    - offset: -0.02572509
    - vertices: p265(v126) p398(v65) p236(v61)
    - neighboring facets: f429 f609 f610
- f612
    - flags: bottom simplicial
    - normal:   0.03464    0.922   0.3856
    - offset: -0.05868731
    - vertices: p533(v127) p840(v59) p507(v36)
    - neighboring facets: f392 f655 f616
- f615
    - flags: top simplicial
    - normal:   0.01171   0.8461    0.533
    - offset: -0.06457261
    - vertices: p533(v127) p361(v106) p648(v5)
    - neighboring facets: f510 f656 f616
- f616
    - flags: bottom simplicial
    - normal:   0.01478    0.849   0.5282
    - offset: -0.06442169
    - vertices: p533(v127) p361(v106) p840(v59)
    - neighboring facets: f512 f612 f615
- f618
    - flags: top simplicial tested seen
    - normal:  -0.02079   0.0065  -0.9998
    - offset: 0.002443124
    - center: -0.0195908 0.01570499 0.002953223333333333 
    - vertices: p600(v128) p334(v114) p545(v90)
    - neighboring facets: f624 f619 f668
    - ridges:
- f619
    - flags: top simplicial tested
    - normal:  -0.08948 -0.001907   -0.996
    - offset: 0.001045406
    - center: -0.02810526666666667 0.008737713333333333 0.00355789 
    - vertices: p600(v128) p545(v90) p398(v65)
    - neighboring facets: f429 f621 f618
- f621
    - flags: bottom simplicial tested seen
    - normal:  -0.08136 -0.04778  -0.9955
    - offset: 0.001129156
    - center: -0.02215692 -0.01058405333333333 0.003453056666666666 
    - vertices: p600(v128) p88(v79) p398(v65)
    - neighboring facets: f360 f619 f669
    - ridges:
- f623
    - flags: bottom simplicial tested seen
    - normal:  -0.0001285  0.03188  -0.9995
    - offset: 0.002102457
    - center: 0.002553279999999999 0.0266536 0.002953223333333333 
    - vertices: p622(v129) p545(v90) p850(v62)
    - neighboring facets: f423 f667 f624
    - ridges:
- f624
    - flags: bottom simplicial tested seen
    - normal:  -0.008803  0.01315  -0.9999
    - offset: 0.00251374
    - center: -0.01396512 0.0240471 0.002953223333333334 
    - vertices: p622(v129) p334(v114) p545(v90)
    - neighboring facets: f618 f623 f668
    - ridges:
- f627
    - flags: bottom simplicial
    - normal:   -0.2025   0.9793 -0.005405
    - offset: -0.04404059
    - vertices: p154(v130) p388(v116) p400(v87)
    - neighboring facets: f557 f629 f650
- f628
    - flags: bottom simplicial
    - normal:  -0.000114   0.9977  0.06721
    - offset: -0.04335292
    - vertices: p154(v130) p569(v107) p756(v60)
    - neighboring facets: f599 f652 f630
- f629
    - flags: bottom simplicial
    - normal:   -0.4602   0.8191   0.3424
    - offset: -0.06314508
    - vertices: p154(v130) p400(v87) p648(v5)
    - neighboring facets: f476 f657 f627
- f630
    - flags: top simplicial
    - normal:  0.0004687    0.969    0.247
    - offset: -0.05185974
    - vertices: p154(v130) p569(v107) p507(v36)
    - neighboring facets: f513 f631 f628
- f631
    - flags: bottom simplicial
    - normal:  0.0003879   0.9687   0.2482
    - offset: -0.05191648
    - vertices: p154(v130) p763(v111) p507(v36)
    - neighboring facets: f654 f630 f653
- f634
    - flags: bottom simplicial
    - normal:  -0.001199  -0.8843   -0.467
    - offset: -0.06783285
    - vertices: p139(v131) p551(v96) p697(v49)
    - neighboring facets: f584 f659 f636
- f636
    - flags: bottom simplicial
    - normal:   -0.0273   -0.924  -0.3813
    - offset: -0.07695783
    - vertices: p139(v131) p137(v120) p551(v96)
    - neighboring facets: f580 f634 f660
- f638
    - flags: bottom simplicial
    - normal:  -0.01226  -0.7954  -0.6059
    - offset: -0.0515481
    - vertices: p366(v132) p551(v96) p514(v94)
    - neighboring facets: f460 f664 f639
- f639
    - flags: bottom simplicial
    - normal:  0.005029  -0.8395  -0.5433
    - offset: -0.05907164
    - vertices: p366(v132) p701(v121) p551(v96)
    - neighboring facets: f584 f638 f641
- f640
    - flags: bottom simplicial
    - normal:   0.09075  -0.8212  -0.5634
    - offset: -0.05611913
    - vertices: p366(v132) p975(v118) p697(v49)
    - neighboring facets: f567 f641 f663
- f641
    - flags: top simplicial
    - normal:   0.03152  -0.8427  -0.5374
    - offset: -0.05964786
    - vertices: p366(v132) p701(v121) p697(v49)
    - neighboring facets: f584 f640 f639
- f642
    - flags: top simplicial
    - normal:  0.0008608  -0.3142   0.9494
    - offset: -0.1310788
    - vertices: p365(v133) p493(v123) p146(v54)
    - neighboring facets: f596 f644 f643
- f643
    - flags: bottom simplicial
    - normal:  -0.001167  -0.4336   0.9011
    - offset: -0.1358975
    - vertices: p365(v133) p493(v123) p816(v105)
    - neighboring facets: f598 f645 f642
- f644
    - flags: bottom simplicial
    - normal:   0.01671  -0.2605   0.9653
    - offset: -0.1284253
    - vertices: p365(v133) p228(v98) p146(v54)
    - neighboring facets: f468 f642 f645
- f645
    - flags: bottom simplicial
    - normal:   0.02736  -0.2564   0.9662
    - offset: -0.1282774
    - vertices: p365(v133) p816(v105) p228(v98)
    - neighboring facets: f503 f644 f643
- f647
    - flags: bottom simplicial tested seen
    - normal:     0.915   0.3899  -0.1042
    - offset: -0.0505652
    - center: 0.05332823333333333 0.01717996666666666 0.04728950000000001 
    - vertices: p331(v134) p815(v125) p157(v86)
    - neighboring facets: f607 f673 f648
    - ridges:
- f648
    - flags: top simplicial tested seen
    - normal:    0.9016   0.3025  -0.3091
    - offset: -0.03929034
    - center: 0.05332823333333333 0.01512853333333333 0.04324943333333334 
    - vertices: p331(v134) p815(v125) p976(v109)
    - neighboring facets: f604 f678 f647
    - ridges:
- f649
    - flags: top simplicial
    - normal:  -0.05343   0.9983 -0.02427
    - offset: -0.04132152
    - vertices: p222(v135) p388(v116) p27(v112)
    - neighboring facets: f558 f651 f650
- f650
    - flags: top simplicial
    - normal:  -0.05121   0.9985  0.01999
    - offset: -0.04218897
    - vertices: p222(v135) p154(v130) p388(v116)
    - neighboring facets: f627 f649 f652
- f651
    - flags: top simplicial
    - normal:   0.01052   0.9998 -0.01739
    - offset: -0.04168348
    - vertices: p222(v135) p27(v112) p756(v60)
    - neighboring facets: f541 f652 f649
- f652
    - flags: bottom simplicial
    - normal:  -0.004454   0.9982  0.05916
    - offset: -0.04305434
    - vertices: p222(v135) p154(v130) p756(v60)
    - neighboring facets: f628 f651 f650
- f653
    - flags: top simplicial
    - normal:  -0.0002247   0.9671   0.2545
    - offset: -0.05220588
    - vertices: p494(v136) p154(v130) p763(v111)
    - neighboring facets: f631 f654 f657
- f654
    - flags: top simplicial
    - normal:  1.238e-06   0.9665   0.2566
    - offset: -0.05229848
    - vertices: p494(v136) p763(v111) p507(v36)
    - neighboring facets: f631 f655 f653
- f655
    - flags: bottom simplicial
    - normal:  -0.0001201   0.9613   0.2756
    - offset: -0.05316823
    - vertices: p494(v136) p533(v127) p507(v36)
    - neighboring facets: f612 f654 f656
- f656
    - flags: top simplicial
    - normal:  -0.03152   0.8872   0.4603
    - offset: -0.06132067
    - vertices: p494(v136) p533(v127) p648(v5)
    - neighboring facets: f615 f657 f655
- f657
    - flags: bottom simplicial
    - normal:  -0.08211   0.8945   0.4394
    - offset: -0.06141388
    - vertices: p494(v136) p154(v130) p648(v5)
    - neighboring facets: f629 f656 f653
- f658
    - flags: top simplicial
    - normal:  -0.004317  -0.9188  -0.3948
    - offset: -0.07546306
    - vertices: p799(v137) p137(v120) p697(v49)
    - neighboring facets: f583 f659 f660
- f659
    - flags: bottom simplicial
    - normal:  -0.007606  -0.9149  -0.4037
    - offset: -0.07454792
    - vertices: p799(v137) p139(v131) p697(v49)
    - neighboring facets: f634 f658 f660
- f660
    - flags: top simplicial
    - normal:  -0.007679  -0.9151  -0.4032
    - offset: -0.07459843
    - vertices: p799(v137) p139(v131) p137(v120)
    - neighboring facets: f636 f658 f659
- f661
    - flags: top simplicial
    - normal:  0.002851  -0.7433   -0.669
    - offset: -0.04319572
    - vertices: p202(v138) p975(v118) p514(v94)
    - neighboring facets: f569 f665 f663
- f663
    - flags: top simplicial
    - normal:   0.01119  -0.7567  -0.6537
    - offset: -0.04523844
    - vertices: p202(v138) p366(v132) p975(v118)
    - neighboring facets: f640 f661 f666
- f664
    - flags: bottom simplicial
    - normal:  -0.003189  -0.7731  -0.6343
    - offset: -0.04787922
    - vertices: p899(v139) p366(v132) p514(v94)
    - neighboring facets: f638 f665 f666
- f665
    - flags: top simplicial
    - normal:  0.0007045  -0.7576  -0.6527
    - offset: -0.04542289
    - vertices: p899(v139) p202(v138) p514(v94)
    - neighboring facets: f661 f664 f666
- f666
    - flags: bottom simplicial
    - normal:  -0.0001101  -0.7663  -0.6425
    - offset: -0.04677874
    - vertices: p899(v139) p202(v138) p366(v132)
    - neighboring facets: f663 f664 f665
- f667
    - flags: top simplicial tricoplanar keepcentrum
    - owner of normal & centrum is facet f667
    - normal:         0        0       -1
    - offset: 0.00284839
    - center: -0.001807864000000001 0.007198093999999999 0.00284839 
    - vertices: p622(v129) p88(v79) p850(v62)
    - neighboring facets: f363 f623 f669
- f668
    - flags: bottom simplicial tricoplanar
    - owner of normal & centrum is facet f667
    - normal:         0        0       -1
    - offset: 0.00284839
    - center: -0.001807864000000001 0.007198093999999999 0.00284839 
    - vertices: p622(v129) p600(v128) p334(v114)
    - neighboring facets: f618 f624 f669
- f669
    - flags: top simplicial tricoplanar
    - owner of normal & centrum is facet f667
    - normal:         0        0       -1
    - offset: 0.00284839
    - center: -0.001807864000000001 0.007198093999999999 0.00284839 
    - vertices: p622(v129) p600(v128) p88(v79)
    - neighboring facets: f621 f667 f668
- f672
    - flags: bottom simplicial tricoplanar keepcentrum
    - owner of normal & centrum is facet f672
    - normal:         1        0       -0
    - offset: -0.0543301
    - center: 0.0543301 -0.03191747222222222 0.05665524444444445 
    - vertices: p331(v134) p486(v48) p62(v14)
    - neighboring facets: f197 f675 f676
- f673
    - flags: bottom simplicial tricoplanar
    - owner of normal & centrum is facet f672
    - normal:         1        0       -0
    - offset: -0.0543301
    - center: 0.0543301 -0.03191747222222222 0.05665524444444445 
    - vertices: p331(v134) p157(v86) p466(v8)
    - neighboring facets: f405 f676 f647
- f674
    - flags: top simplicial tricoplanar
    - owner of normal & centrum is facet f672
    - normal:         1        0       -0
    - offset: -0.0543301
    - center: 0.0543301 -0.03191747222222222 0.05665524444444445 
    - vertices: p331(v134) p275(v26) p829(v13)
    - neighboring facets: f110 f677 f678
- f675
    - flags: top simplicial tricoplanar
    - owner of normal & centrum is facet f672
    - normal:         1        0       -0
    - offset: -0.0543301
    - center: 0.0543301 -0.03191747222222222 0.05665524444444445 
    - vertices: p331(v134) p792(v52) p62(v14)
    - neighboring facets: f219 f672 f677
- f676
    - flags: top simplicial tricoplanar
    - owner of normal & centrum is facet f672
    - normal:         1        0       -0
    - offset: -0.0543301
    - center: 0.0543301 -0.03191747222222222 0.05665524444444445 
    - vertices: p331(v134) p486(v48) p466(v8)
    - neighboring facets: f505 f673 f672
- f677
    - flags: bottom simplicial tricoplanar
    - owner of normal & centrum is facet f672
    - normal:         1        0       -0
    - offset: -0.0543301
    - center: 0.0543301 -0.03191747222222222 0.05665524444444445 
    - vertices: p331(v134) p792(v52) p829(v13)
    - neighboring facets: f218 f674 f675
- f678
    - flags: top simplicial tricoplanar
    - owner of normal & centrum is facet f672
    - normal:         1        0       -0
    - offset: -0.0543301
    - center: 0.0543301 -0.03191747222222222 0.05665524444444445 
    - vertices: p331(v134) p976(v109) p275(v26)
    - neighboring facets: f524 f674 f648
