3
1000 236 354
0.0116968 0.0228746 0.00529945 
0.0358078 0.0265266 0.120043 
0.00962608   0.08 0.0247073 
0.0124296 0.07149999999999999 0.091045 
0.00413488 0.0680461 0.132756 
0.0197348 0.0725452 0.0516555 
-0.00833249 0.0606085 0.00663736 
0.0025 0.0607881 0.0796494 
-0.0220896 0.0546031 0.111962 
-0.0239484 0.079607 0.0336463 
0.00390719 0.07149999999999999 0.08715639999999999 
-0.0180239 0.0455036 0.133532 
0.0095 0.052815 0.0121387 
0.0009849749999999999 0.07149999999999999 0.0805913 
0.0327907 -0.00172367 0.11037 
-0.009438129999999999 0.0661504 0.0929277 
-0.0229149 -0.000591795 0.00448756 
0.00123797 0.0737 0.0586947 
-0.0335756 0.0659829 0.107406 
0.00242241 0.0796 0.08379499999999999 
0.0101097 0.0472584 0.136962 
-0.0200436 0.0504038 0.100732 
0.0243263 0.0783001 0.0879827 
0.0164827 0.0527258 0.109962 
-0.0394932 0.0490844 0.121986 
-0.0032414 0.07762910000000001 0.0192964 
-0.0154409 0.0432303 0.0176672 
-0.00641306 -0.0292186 0.00703233 
0.00376734 0.0574158 0.109962 
0.0152142  0.074 0.0985327 
0.0008 0.06638869999999999 0.0436039 
0.0326255 0.0832454 0.0980454 
  0.04 0.0776265 0.0727343 
0.00196293  0.079 0.08890149999999999 
0.0161975 0.0759937 0.09318890000000001 
0.0163467 0.06274449999999999 0.0283688 
0.0359307 -0.0189237 0.109962 
0.00202562 0.0655525 0.0698283 
-0.00941116 -0.0209636 0.00427152 
-0.0402801 0.0649097 0.117525 
-0.021947 -0.0075651 0.00923129 
-0.0295584 0.0144438 0.114506 
0.0113459 -0.037151 0.117962 
-0.0108504 0.06573370000000001 0.108211 
0.0137297 0.0521914 0.109962 
-0.0330281 0.0557934 0.118163 
0.0109537 0.0768242 0.0729873 
0.0246113 0.026797 0.114334 
0.0317054 0.0139472 0.116318 
-0.0168508 0.07704220000000001 0.0714861 
-0.00327939 0.0775425 0.0466879 
-0.0319606 0.0744949 0.0806777 
-0.0386245 0.07149999999999999 0.0573052 
-0.00169031 0.0663308 0.00663736 
  0.04 0.0761255 0.102247 
0.0387748 0.0313324 0.109657 
-0.018863 0.0427035 0.109962 
0.0344835 0.0147384 0.111425 
-0.0156233   0.08 0.0255114 
-0.0140831 0.0220207 0.00824251 
-0.0141925 0.0464566 0.0185799 
-0.0110036 0.0734402 0.0445169 
-0.0182883 -0.0273988 0.110475 
0.0101798 0.0500643 0.0196374 
0.0360055 0.0838214 0.0699724 
0.0332206 0.07149999999999999 0.0415215 
0.0198941 0.07149999999999999 0.0926022 
-0.00110127 0.071323 0.09186130000000001 
-0.0202191 0.0215571 0.00263736 
0.0293147 0.0195259 0.116461 
0.0219761 0.0617855 0.113826 
-0.0260299 0.00842269 0.00263736 
-0.0296088 0.0713621 0.0418896 
-0.00551476 0.0485259 0.0103334 
0.0394281 0.0718316 0.053694 
0.0219761 0.0486009 0.117969 
0.0258696 0.07361379999999999 0.102816 
0.0193502 -0.0372422 0.117962 
0.00374054 0.0585677 0.0871526 
0.0419437 0.0293695 0.114991 
0.0230665 0.0771669 0.0264485 
-0.0218352 0.0739879 0.100084 
-0.0106877 0.0340158 0.109962 
-0.0152957 -0.0174405 0.00263736 
-0.00738258 0.0705929 0.0248004 
0.0135514 0.036336 0.109962 
0.0247603 -0.0169326 0.00886807 
0.001911 0.0796 0.0827336 
0.0229522 -0.0137256 0.0037385 
0.0385675 0.0527902 0.122177 
0.0366852 0.0177292 0.118589 
-0.0180239 0.0655033 0.125648 
-0.0130071   0.08 0.0928624 
0.0368407 0.0188052 0.109962 
-0.0370267 0.0178387 0.109962 
0.0008 0.06354650000000001 0.0304585 
0.0152145 0.0660041 0.0975763 
0.0387535 0.07120659999999999 0.122201 
-0.0157984 0.0367313 0.117962 
0.0327712 0.0472485 0.107112 
0.0299428 -0.0134302 0.110515 
0.0219761 0.0435139 0.134547 
-0.0187093 0.07522239999999999 0.0528882 
0.0159693 0.07827190000000001 0.07582940000000001 
-0.0114191 0.07239950000000001 0.0466493 
-0.0301653 -0.0155313 0.109962 
-0.0237562 0.0530708 0.10959 
0.0234499 0.0509387 0.10978 
0.00576532 -0.0323188 0.112795 
0.00309832 0.0593669 0.00766078 
-0.0223524 0.06498080000000001 0.107283 
-0.0167661  0.074 0.0933247 
0.0397653 0.07891380000000001 0.0553561 
0.0198013 0.07149999999999999 0.09547799999999999 
0.0194151 0.0655826 0.111962 
-0.0191817 0.0320822 0.109962 
-0.0194927 0.0227161 0.00262795 
-0.000514125 0.0411334 0.136962 
-0.00295689 0.0401835 0.115553 
0.0170586 0.07824929999999999 0.0744619 
-0.0300838 0.0268618 0.115548 
0.0404972 0.0598019 0.113472 
0.0351988 0.0826765 0.06782729999999999 
0.023208 -0.00181375 0.00263736 
0.0378408 -0.0187565 0.117962 
0.0289323 0.0587825 0.111962 
-0.00344819 0.0619643 0.109645 
-0.0129011 0.07452 0.0702995 
0.0171905 0.07149999999999999 0.0832331 
0.0131384 -0.0346887 0.115738 
0.0391266 0.0374558 0.10936 
0.0260656 0.0765776 0.0607413 
0.013931 -0.0394535 0.117962 
-0.0329333   0.08 0.0454095 
-0.00389755 0.0618316 0.0233491 
0.0175251 0.0680461 0.121002 
-0.0227933 -0.00867865 0.009387360000000001 
-0.00741259 0.074433 0.0404475 
0.025447 -0.0346501 0.111756 
-0.0121802 0.0472728 0.0196374 
-0.0329591 0.034739 0.111962 
0.0156213 0.0590962 0.136962 
0.027823 0.0477291 0.104924 
-0.0157865 0.0685876 0.0112387 
-0.0361931 0.0824501 0.0605557 
-0.0033456 0.0266656 0.00263736 
0.0159001 0.0261831 0.009387360000000001 
-0.0298525  0.079 0.075541 
0.0316681 0.0249532 0.117962 
-0.0304151 -0.030369 0.116312 
-0.0217946 0.0540238 0.101792 
-0.00247329 0.0353827 0.117962 
-0.0138019 0.07149999999999999 0.0551356 
0.0370621 0.0833753 0.09625309999999999 
-0.00250791 0.0341241 -0.000362644 
0.0095 0.0454015 0.0173057 
-0.009567249999999999 0.07149999999999999 0.0418549 
0.0286081 -0.0162224 0.112699 
0.027648 -0.0113797 0.0044764 
0.0348974 0.0291126 0.109962 
-0.0025 0.0669057 0.0400718 
0.0339442 0.0816079 0.0449196 
0.0025 0.07011539999999999 0.0292694 
-0.017878 0.07149999999999999 0.0514368 
 -0.04 0.0727125 0.116061 
0.0152503 0.0796 0.0614608 
0.00779519 0.0397028 0.114033 
0.000892085 0.07106899999999999 0.09142 
-0.0227245 0.076047 0.0892496 
0.00303878 0.0236437 0.009387360000000001 
0.0109696 0.07149999999999999 0.06648419999999999 
-0.024221 0.0466076 0.106804 
0.00743215 0.0680461 0.119169 
-0.014378 0.0680461 0.122526 
0.0340686 0.0440835 0.121618 
0.0245773 0.07149999999999999 0.0478524 
-0.0253502 0.0714066 0.09920080000000001 
-0.0191639 -0.0219498 0.00263736 
-0.00368653 0.0796 0.0326805 
0.0179174 0.0683079 0.105759 
0.0123922 0.0407896 0.111962 
-0.0181847 -0.0300068 0.117962 
0.0047897 0.06607499999999999 0.111962 
0.00752225 0.0410461 0.127762 
0.0357415 -0.00153074 0.112601 
0.0336327 0.0596802 0.122534 
-0.0067335 0.0599946 0.0123062 
-0.000458775 -0.0327594 0.116093 
-0.035354 0.0496709 0.122013 
-0.0235545 0.0563307 0.102716 
0.0152363 0.0290006 0.114439 
-0.0185315 0.0558396 0.0997733 
0.0280978 0.0420802 0.111962 
-0.0134591 0.07595689999999999 0.0391672 
0.0192182 0.0464859 0.109962 
0.0276123 0.0407108 0.10602 
-0.019918 0.0607595 0.111962 
0.0227822 0.07339320000000001 0.0650873 
-0.0224601 0.0565526 0.105583 
-0.00307165   0.08 0.0957306 
0.0375054 0.00764467 0.117962 
-0.0154347 -0.0288965 0.11348 
-0.019775 0.0320283 0.00626307 
0.0233928 0.07411520000000001 0.0635998 
0.0335836 0.0441067 0.114084 
-0.0134784  0.079 0.08791839999999999 
-0.0419284 0.0296762 0.11352 
0.00119592 0.0289535 0.00262684 
0.0297963 -0.00295814 0.00330451 
-0.0312539 0.0721579 0.10987 
0.0016541 0.0778382 0.0191923 
-0.00305926 -0.0329002 0.117904 
-0.0197511 -0.0206235 0.00263736 
0.0268756 -0.0247832 0.116319 
-0.0394055 0.07149999999999999 0.07106850000000001 
-0.00547019 0.0763244 0.0193052 
0.00349337 0.0454713 0.136962 
0.0254927 0.0489521 0.111962 
0.00223312 0.0553305 0.0010235 
  0.04 0.07280440000000001 0.116744 
-0.0014559 0.0594823 0.08294840000000001 
0.0147411 0.0562134 0.100857 
0.0114918 0.07123930000000001 0.007939389999999999 
0.0282893 0.06290800000000001 0.111872 
-0.009026899999999999 -0.0321124 0.117962 
0.000459141 0.0227731 0.00889465 
0.0219761 0.0593316 0.127457 
-0.00159082 -0.0359657 0.115714 
0.0243819 -0.0013161 0.009387360000000001 
 -0.04 0.0819802 0.07608479999999999 
0.00339094 0.0471338 0.109962 
-0.0384099 0.0437542 0.109037 
0.0344856 0.0262847 0.119974 
0.0264855 0.07149999999999999 0.0814641 
0.0317753 0.0777959 0.083583 
-0.0169164 0.0564576 0.102334 
-0.0357676 0.0810039 0.0650768 
 -0.04 0.07853019999999999 0.111138 
-0.0320726 0.00763765 0.111494 
0.0149782 -0.0342437 0.110458 
-0.0105193 0.0410461 0.127436 
-0.0117681 0.0772422 0.0356203 
-0.0409249 0.049737 0.120958 
-0.0116661 0.0277127 0.009387360000000001 
-0.040604 0.0572874 0.119681 
0.0259751 0.0375192 0.107676 
0.0289958 0.07149999999999999 0.0953089 
0.0101559 0.06660199999999999 0.00663736 
-0.0268253 0.07948819999999999 0.06714390000000001 
0.0359493 0.07149999999999999 0.0437879 
0.0214605 0.0796 0.0600784 
-0.00593316 0.0639115 0.0224516 
-0.000724616 -0.0299117 0.00530038 
0.029776 0.00076896 0.008502600000000001 
0.0334385 0.07149999999999999 0.0533202 
-0.008699159999999999 0.0680461 0.113798 
0.0231828 0.0270701 0.117962 
0.00379304 0.06734469999999999 0.008737119999999999 
0.009282540000000001 0.06880650000000001 0.105508 
0.0204601 -0.0100014 0.00517175 
0.0157515 0.0734906 0.0554221 
-0.0234565  0.074 0.0988286 
-0.0129963 0.0410461 0.122233 
-0.0182891 0.07698770000000001 0.0234772 
-0.0325969 0.0372863 0.107771 
-0.0297938 -0.00250279 0.00761356 
-0.0113457 0.0680461 0.1279 
0.00524612 0.0377833 0.009387360000000001 
0.0217966 0.0254708 0.000764337 
0.0297606 0.00361266 0.00542162 
-0.000448174  0.079 0.09105729999999999 
-0.0204972 0.0796 0.057599 
-0.000711194 0.0737 0.0517646 
-0.0321147 0.07149999999999999 0.0696017 
-0.0402134 0.0593671 0.109702 
0.0324223 0.00475786 0.114138 
-0.0160839 0.0680461 0.125934 
0.0222501 0.0796 0.0510055 
0.0345349 0.0660984 0.122761 
0.0141151 0.0466569 0.0158855 
 -0.04 0.0785975 0.102644 
-0.00592204 0.0736899 0.0844458 
0.0107916   0.08 0.0942376 
0.0025 0.0693912 0.0572427 
-0.0429831 -0.00234363 0.109962 
-0.0288845 -0.0158221 0.110797 
0.0135303 0.0652525 0.0262529 
0.0389437 0.0371399 0.121084 
-0.0333473 -0.0271202 0.110574 
0.0249667 0.0550865 0.111962 
0.008588800000000001 0.07149999999999999 0.0434358 
-0.0287654 0.066701 0.110997 
0.0267113 -0.0005177339999999999 0.00331853 
0.00863331 0.0680461 0.125381 
-0.0299323 0.0712965 0.100062 
-0.011083 0.0796 0.0421439 
0.0237498 0.0712568 0.0356671 
0.0243385 -0.0265241 0.111396 
-0.00289313 0.0716659 0.0145155 
-0.0404012 0.00687399 0.117962 
0.0110684 0.0199486 0.00286546 
-0.009962149999999999 0.0617637 0.0934378 
0.0172328 0.0726089 0.0524702 
0.0191471   0.08 0.0285181 
-0.008718719999999999  0.079 0.0297714 
0.00462251 -0.0326005 0.112924 
-0.00214087 -0.0270957 0.009387360000000001 
0.0123851 0.0604242 0.0115 
-0.00669478 0.0679424 0.0189192 
-0.0119499 0.0743919 0.0543795 
-0.00508607 0.0410461 0.122054 
-0.0068531 0.0615262 0.00663736 
-0.0105314 0.0624754 0.00114362 
-0.00421287 0.07149999999999999 0.0438273 
-5.89518e-05 0.07169639999999999 0.0145415 
0.0143033 0.0606194 0.10057 
-0.0157718 0.0405783 0.0149274 
0.00405682 0.0410461 0.127489 
0.0430998 0.00767265 0.109962 
-0.0249252 0.0132046 0.00263736 
-0.0372329 -0.0142097 0.117962 
-0.0180239 0.0673339 0.127812 
0.0210177 0.0533039 0.101335 
-0.0315213 0.07149999999999999 0.0601218 
0.0198417 0.0680461 0.133904 
0.0260873 0.00255459 0.00263736 
-0.015662 0.0796 0.036191 
0.0278934  0.079 0.04839 
-0.00614859 0.0605835 0.008944239999999999 
0.000659009 0.0374234 0.114846 
0.0259437 0.07149999999999999 0.0600232 
0.0293307 0.0150442 0.11766 
-0.0219377 0.0658537 0.111196 
-0.0174115 0.0796 0.0796076 
0.0236627 -0.0118516 0.00263736 
-0.0258296 0.0790423 0.0707029 
-0.0217701 0.07149999999999999 0.0902177 
0.0245634 0.0752752 0.0604174 
-0.0115579 0.0691225 0.0947168 
-0.0157883 0.0751443 0.0933846 
-0.0180239 0.0561764 0.136094 
 -0.04 0.07429719999999999 0.101405 
-0.0205043 0.030522 0.109978 
-0.0135296 0.07149999999999999 0.0781081 
0.0175705 0.0719019 0.0522999 
0.0286063 -0.00840316 0.00717595 
-0.0342186 0.07149999999999999 0.0813931 
0.0025 0.0579786 0.0335672 
0.0310015 0.07149999999999999 0.0859636 
-0.0100694 0.05658 0.0974793 
0.0232468 0.07149999999999999 0.0690818 
-0.0339346 0.07149999999999999 0.0493489 
-0.0340435 0.0286724 0.114354 
0.0008 0.0679507 0.0748096 
-0.0120466 0.0661118 0.00161435 
0.024122 0.0616699 0.107203 
-0.00278904 0.0584341 0.00663736 
0.0069169 0.0553132 -0.000362644 
-0.0025 0.0566384 0.0298369 
-0.0359931 0.0170063 0.117962 
-0.0414334 0.0377737 0.114299 
0.0361193 0.07613200000000001 0.0420243 
0.0242606 0.0222731 0.111727 
0.0361427 0.07519530000000001 0.0421404 
-0.0233596 -0.0230713 0.11576 
-0.0155795 0.0428718 0.00714132 
-0.0158288 0.0422275 0.010216 
0.0025 0.0653248 0.0493433 
0.00112103 0.07149999999999999 0.0118158 
-0.00311434 0.07149999999999999 0.0637009 
-0.00382927 0.0639353 0.111962 
0.0258102 0.055962 0.103883 
0.00726886 0.0643417 0.0196226 
-0.00262208 0.0547559 0.109962 
0.00439426 0.0605998 0.08814569999999999 
0.015781 0.0680461 0.133495 
-0.0133391 0.0317769 0.114648 
0.0219761 0.06581720000000001 0.128925 
-0.0143077 0.0687757 0.00282088 
0.0299429 -0.0134299 0.112214 
0.0144585 0.0395809 -0.000362644 
-0.033617  0.079 0.0577523 
-0.00523887 0.0796 0.0360319 
-0.0348553 0.0586576 0.107905 
0.00371534 0.0764866 0.0192025 
-0.0243627 0.07149999999999999 0.0629599 
0.0315456 0.0738867 0.101114 
0.0102607 0.0410461 0.119256 
  0.04 0.0770911 0.0774087 
0.0403186 0.0640027 0.110043 
0.0294195 0.00513379 0.00590199 
-0.0278391 -0.00998518 0.00263736 
0.0159639 0.0690134 0.00495962 
 -0.04 0.07846690000000001 0.07050530000000001 
0.00337602 0.0701886 0.0865023 
-0.0249795  0.074 0.0995484 
0.00327482 0.0406184 0.109962 
-0.00379469 0.0539222 0.109962 
-0.0290808 -0.00643929 0.00441624 
-0.0101 0.0614399 0.00143127 
0.0157468 0.0689029 0.101886 
-0.0138588 0.0473193 0.00986096 
-0.0207085 0.07149999999999999 0.0942288 
0.00593894 0.0575611 0.08999360000000001 
0.0108875 0.0680461 0.136364 
-0.0368241 0.07149999999999999 0.0924024 
0.0326416 -0.00781632 0.109962 
-0.00956313 0.0627105 0.111821 
-0.00377803 0.0713017 0.100104 
0.023137 0.07660640000000001 0.0889233 
0.00223373 -0.0392964 0.109962 
-0.0201336  0.079 0.0358004 
-0.0118739 0.0745618 0.07538830000000001 
0.0259507 0.07149999999999999 0.0618249 
0.00604613 0.0695355 0.0900881 
-0.0403953 0.0621993 0.119093 
-0.0058973 0.0462007 0.109962 
0.0361702 0.0720022 0.042406 
0.0130138 0.0619331 0.0112376 
-0.0325349 0.00383075 0.110646 
-0.00918415 0.0752694 0.09571490000000001 
-0.00514362 0.078321 0.0194528 
-0.011782 0.0569571 0.00365818 
-0.0178065 0.0410461 0.128207 
0.0257428 0.07149999999999999 0.08783150000000001 
0.0213878 0.0796 0.0518063 
-0.0277341 -0.0328465 0.11625 
0.0141762 0.0794614 0.0941555 
-0.0395489 0.081155 0.0532769 
  0.04 0.07513110000000001 0.109349 
0.0175951 0.0680461 0.136028 
-0.0139427 0.0239527 0.00263736 
-0.0112806 0.078026 0.0359115 
-0.00341059 0.0713775 0.0256379 
0.00508321 0.0410461 0.12696 
0.0176544 0.0729993 0.104718 
0.007972 0.0716657 0.107009 
-0.0384046 0.07149999999999999 0.0797268 
-0.0160516 0.07149999999999999 0.0884042 
0.0171295 0.0796 0.0773215 
-0.0146293 0.07149999999999999 0.0813362 
-0.0243889 0.0142636 0.00263736 
-0.00301024 0.0549819 0.136962 
-0.0134201 0.0392977 0.0115463 
0.0293746 0.0601299 0.10562 
0.0132975 0.0576428 0.0232458 
-0.0298149 0.07787620000000001 0.0324458 
0.0400439 0.07049560000000001 0.106999 
0.0434414 0.0177596 0.112137 
-0.0219428 0.0796 0.0650572 
-0.00181654 0.0742471 0.0182054 
0.023266 -0.0169444 0.00263736 
0.0240345 0.07149999999999999 0.0775329 
 0.031 0.0780858 0.116162 
-0.00535379 0.06563430000000001 0.08942799999999999 
-0.0180239 0.0467281 0.124635 
0.0121779 0.0720156 0.0474081 
-0.0250487 0.009255330000000001 0.009387360000000001 
0.0266333 -0.0244477 0.113387 
0.0284308 0.023416 0.117962 
0.0397891 0.0218502 0.119511 
0.0151407 0.0209736 0.00263736 
0.0219785 0.07149999999999999 0.0779261 
-0.0305401 -0.0302446 0.114686 
-0.0177127 0.0754708 0.0604899 
0.0335046 0.08211540000000001 0.109196 
0.00715077 0.0712339 0.100364 
-0.00785487 0.0669468 0.0193151 
0.0174733 0.0754452 0.0565596 
0.0174188 0.07460410000000001 0.0926048 
-0.00552659 0.0454549 0.013758 
 -0.04 0.0795095 0.06597740000000001 
-0.0358343 0.0816991 0.0456768 
-0.0237592 0.0796 0.0648125 
-0.0213859 0.07149999999999999 0.0445874 
0.0315459 0.0766845 0.119214 
0.018038 0.0680461 0.126157 
-0.00531561 -0.0221662 0.008145049999999999 
-0.0125391 0.07149999999999999 0.0521256 
-0.0396803 -0.0107452 0.109962 
-0.00751489  0.079 0.0908818 
0.025355 -0.0238829 0.112311 
0.0167626 0.07149999999999999 0.0341357 
0.00308619 0.0593216 0.0177811 
-0.0225266 0.0704969 0.108433 
0.020058 0.0657517 0.104358 
0.011738 0.070788 0.101978 
-0.0136987 -0.0316805 0.11627 
0.0242045 0.07149999999999999 0.0424844 
-0.019409 -0.0274963 0.117962 
0.0214032 0.0431338 0.105017 
0.00266181 0.0794613 0.0726556 
-0.0315332 0.0326379 0.113206 
-0.0171877 0.0387154 0.00404639 
-0.00385149 0.0438557 -0.000362644 
0.0132932 -0.0347301 0.115515 
-0.00355861 0.0734587 0.0176451 
0.015764 0.0501915 0.101601 
-0.0180239 0.0552292 0.120121 
0.014257 0.0462901 0.00607877 
-0.00578668 0.07149999999999999 0.07004870000000001 
0.0250809 0.018315 0.00574281 
-0.0310926 0.07116840000000001 0.107616 
0.0153355 -0.0331064 0.112058 
-0.0222654 -0.0271723 0.117962 
0.028741 0.07149999999999999 0.0722136 
0.0104828 0.0328918 0.109962 
0.00423397 0.0447518 -0.000362644 
0.0136699 0.07149999999999999 0.0666534 
0.0425511 0.007986409999999999 0.118008 
-0.0136533 0.0699678 0.00663116 
0.00798517 0.0351661 0.113673 
0.0331582 0.07149999999999999 0.0509145 
0.0070495  0.074 0.09821000000000001 
-0.0175716 0.0377232 0.00829425 
-0.0357857 0.0812532 0.0538657 
-0.00649393 0.036954 0.109962 
-0.0159937 0.07149999999999999 0.0673805 
-0.0239213 0.0225737 0.111171 
-0.0374356 0.07149999999999999 0.0475046 
-0.0360236 0.0318315 0.120593 
0.00210386 0.073894 0.101034 
0.017665 -0.0159957 0.009387360000000001 
0.0137848 0.0475104 0.009951079999999999 
0.0169771 0.0789204 0.0228687 
0.0219761 0.0431859 0.114474 
-0.008983680000000001   0.08 0.0228133 
0.0410217 -0.0126285 0.114733 
0.0219761 0.0456897 0.121393 
-0.0324479 0.07149999999999999 0.0790759 
-0.0209793 0.0120102 0.00628279 
0.0008 0.0691092 0.0748854 
0.0008 0.0674881 0.0355518 
0.0146909 0.0318502 -0.000362644 
0.0393544 0.07149999999999999 0.09541520000000001 
0.00169222 0.0603254 0.0324618 
-0.0193924 0.0304176 0.1105 
0.0131098 0.0711333 0.0104374 
0.0387215 0.07004829999999999 0.103518 
-0.034579 -0.0129103 0.117149 
-0.00381327 0.0671493 0.0104677 
0.00872295 0.0796 0.038931 
-0.000343727 0.07084169999999999 0.101878 
-0.00336884 0.07149999999999999 0.028264 
0.00541166 0.0240812 0.00263736 
-0.0240052 -0.0179897 0.00288371 
0.0288029 0.07149999999999999 0.0738181 
0.00818955 0.0428256 0.109962 
0.0227883 0.0693752 0.0267079 
0.0325989 0.00330294 0.11498 
-0.0142132 -0.0403584 0.114499 
-0.013459 0.0482589 0.0196374 
-0.0259642 -0.0146175 0.00314078 
0.0207671 0.07558769999999999 0.09079760000000001 
-0.0291501 0.0613109 0.105483 
0.008465490000000001 -0.0286419 0.00756284 
-0.0412841 0.0412856 0.110039 
-0.036261 0.0279685 0.120201 
-0.0180239 0.0440442 0.13667 
0.0246441 0.00914541 0.009387360000000001 
-0.0178411 -0.0390554 0.110559 
-0.0342915   0.08 0.06995170000000001 
0.0151687 0.067105 0.00561533 
-0.0180239 0.044735 0.133082 
0.0404556 -0.0119111 0.117962 
-0.0257945 0.0796 0.06281589999999999 
0.00252563 0.0725812 0.105499 
-0.00756104 -0.0422158 0.110686 
0.008209899999999999 0.06734179999999999 0.00896802 
-0.000940645 0.0506741 -0.000362644 
0.0034677 0.07149999999999999 0.0469628 
0.00501669 0.06822599999999999 0.023468 
-0.0138098 0.0722445 0.0181001 
0.0308743 -0.025111 0.109962 
-0.017967 0.0627368 0.0268374 
-0.0198678 0.0291685 0.115017 
-0.0132136 0.0233094 0.00731978 
0.00278082 0.0680461 0.114579 
0.00735568 0.0796 0.0446107 
-0.0276837 0.07149999999999999 0.0550526 
0.0346068 -0.00077191 0.116384 
0.0153895 0.0644136 0.0976988 
-0.0390778 0.0414403 0.121436 
-0.000886877 0.0796 0.0763615 
-0.00131738 0.0628351 0.111962 
-0.0278869 0.0334373 0.109113 
-0.0438784 0.00863364 0.116365 
-0.0321204 0.00875855 0.117962 
 0.031 0.0776024 0.115535 
0.00178994 0.0228881 0.009010850000000001 
0.0217743 0.0114829 0.0041537 
-0.00793984 0.0214761 0.008965300000000001 
-0.0263107 0.0551414 0.104067 
0.0395786 0.0278546 0.120192 
0.0166175 0.07149999999999999 0.0135826 
0.0356838 0.07149999999999999 0.0953466 
0.008010730000000001 0.035355 0.112027 
0.0158417 0.0375545 -0.000362644 
0.00403917 0.0680461 0.123419 
-0.0138991  0.074 0.0990172 
0.0202149 -0.0125431 0.00263736 
0.0117003 0.0557199 0.00403051 
-0.0316171 0.07149999999999999 0.08881840000000001 
0.0198611 -0.011313 0.00645194 
0.00872092 0.062652 0.0924276 
-0.0119249 0.0658198 0.00369444 
-0.0125917 0.0410461 0.12362 
0.0382824 0.07149999999999999 0.0823985 
-0.0118265 0.0573065 0.00111868 
-0.0204711 0.07149999999999999 0.0413565 
0.0105813 0.0535719 0.0106374 
0.0161347 0.0370771 0.115399 
-0.0124701 0.0680461 0.135037 
0.0112263 0.0738871 0.07446410000000001 
0.0152133 -0.0296059 0.109962 
-0.0408703 0.0304828 0.120451 
0.0216101 -0.0307026 0.117962 
0.0436419 0.00271445 0.117064 
0.0119228 0.07475710000000001 0.0374987 
0.031379 0.0740891 0.1085 
-0.0025 0.0699417 0.0643635 
0.0119168 0.0651398 0.000337003 
-0.000259271 -0.0242195 0.00447825 
-0.0020611 0.058563 0.0908574 
0.00541085 0.0545611 0.109962 
0.023737 0.0796 0.0544145 
-0.0397183 0.08256380000000001 0.101761 
-0.0285725 -0.0275747 0.109962 
0.0163537 0.0410461 0.120864 
-0.0411429 -0.0121687 0.115086 
0.0177842 0.0362666 0.117166 
-0.000874695 0.0327594 0.111438 
0.00429307 0.0785091 0.0468774 
0.011093 0.0438828 0.0164582 
0.00708795 0.07814409999999999 0.0699327 
0.0173247 0.07959960000000001 0.0451845 
0.00264346 0.052694 0.109962 
-0.0115262 -0.0225547 0.00915084 
-0.0286487 0.0161635 0.113906 
-0.00853336 0.07143960000000001 0.0270419 
-0.00964272 0.0603425 0.0015073 
0.008965000000000001 0.0651501 0.111336 
-0.014595 0.0454165 0.0188134 
-0.0171035 0.0685158 0.0279181 
0.0055684 0.0691363 0.105108 
-0.02093 0.0339713 0.117962 
0.0315628 0.035281 0.111962 
-0.000640546 0.0796 0.0804185 
  0.04 0.073115 0.09083430000000001 
0.0335564 0.0835635 0.09354030000000001 
0.00134537 -0.0255173 0.00782893 
0.0010456 0.0686486 0.057125 
0.0113095 0.0275866 0.00205539 
-0.0144814 0.0637665 0.0970526 
0.0219761 0.0433422 0.12915 
-0.0117217 0.0670871 0.136962 
0.009238039999999999 0.0796 0.0762867 
-0.0207298 0.0727869 0.105115 
-0.000871195 0.0583451 0.0904831 
-0.0224852 0.07329629999999999 0.103864 
0.0124445 0.074577 0.075959 
-0.0333266 0.068565 0.105814 
0.0424704 0.0253474 0.118534 
-0.0233991 0.0169272 0.00263736 
-0.0152706 0.06963800000000001 0.102216 
-0.0278832 0.07149999999999999 0.0513187 
0.0126613 0.07149999999999999 0.0800921 
0.0343357 -0.00692095 0.110683 
0.00701531 0.07229969999999999 0.0165364 
-0.0309588 0.0343925 0.108846 
-0.0133199 0.0400366 0.0125096 
-0.0025 0.06825929999999999 0.0328309 
-0.009203080000000001 -0.0346595 0.117962 
-0.0333297 -0.00863617 0.117962 
0.0221312 0.0060427 0.00363234 
-0.0114544 0.0796 0.0344889 
-0.0297616 0.00342504 0.00934398 
 -0.04 0.0823427 0.0730387 
-0.0232514 0.0586361 0.109818 
0.000390073 0.0796 0.0789251 
0.0140461  0.079 0.0323577 
-0.00261123 0.0740999 0.0807727 
-0.00410821 0.0737 0.0707479 
-0.00798258 0.0405 0.0115747 
0.0025 0.0624836 0.0440228 
-0.00414404  0.074 0.0992281 
-0.00951217 0.0392698 -0.000362644 
-0.00451099 0.0558969 0.0927255 
-0.0223937 -0.0140169 0.00312336 
0.008622640000000001  0.074 0.0989995 
0.0188618 0.06565600000000001 0.111962 
-0.0122767 0.0336331 0.110044 
-0.00929784 0.0645809 0.0968898 
0.0266023 0.026495 0.114485 
0.00516111 0.07149999999999999 0.0334457 
0.0041667 0.0410461 0.120771 
0.0297056 0.00400353 0.00807886 
-0.00149532 0.0429776 0.0122909 
-0.0137288 0.07149999999999999 0.07644529999999999 
-0.0307132  0.074 0.0937798 
0.0205154 0.0680461 0.125452 
-0.0108151 0.0477106 0.0196374 
 -0.04 0.0734759 0.110156 
-0.0283817 0.0726005 0.105463 
-0.0392749 0.0435211 0.10935 
0.0296549 0.07149999999999999 0.073687 
0.024412 0.07149999999999999 0.09153650000000001 
-0.020027 -0.0223244 0.00878371 
-0.0180239 0.0423512 0.124786 
0.0284026 0.0460949 0.111962 
-0.0317053 0.0813432 0.083355 
0.0349624 0.07149999999999999 0.0642085 
0.0170539 0.0757601 0.0461949 
0.00597332 0.0779169 0.07046479999999999 
0.0256211  0.079 0.0772182 
-0.0118705 0.0384897 0.114693 
0.00279819 0.0707801 0.0848467 
-0.034154 0.0152454 0.109962 
0.00243318 0.0739209 0.100762 
-0.000491799 0.0613999 0.00742082 
-0.00901043 0.0348175 -0.000362644 
-0.0025 0.0670142 0.0493587 
0.0176978 0.0373972 0.00699898 
-0.00118816 0.0553305 0.00659206 
0.00472056 0.0587987 0.109962 
-0.0181353 0.0574266 0.103067 
0.038417 0.07633379999999999 0.0479725 
-0.00691898 0.0680461 0.128572 
-0.0100213 0.0510165 0.0974328 
-0.0215177 0.058967 0.10164 
-0.028173 0.0100579 0.00347416 
0.0138412 0.063919 0.008070900000000001 
0.0211415 0.0410461 0.113741 
-0.0337132 0.0390999 0.114839 
-0.018906 0.0390649 0.109962 
-0.0150017 0.0318602 0.009387360000000001 
0.0204639 -0.0293035 0.113963 
-0.0112832 -0.0309588 0.116237 
0.0095 0.0511061 0.0208077 
0.0119158  0.079 0.0902676 
0.0414376 -0.0110509 0.111272 
0.0319406 0.065437 0.113085 
-0.0351179 0.0590722 0.108006 
0.0415518 0.0333395 0.120092 
0.0256333 0.00449053 0.00263736 
0.0355906 0.0655152 0.122741 
0.0235814 -0.018282 0.00738039 
-0.0208434 0.071342 0.033504 
-0.0101808 -0.0279889 0.00332885 
-0.00751159 0.0442749 0.136962 
0.0145316 0.07322289999999999 0.0199478 
-0.018145 0.0796 0.0668844 
0.0319091 0.0839202 0.0849471 
0.0234841 -0.0319052 0.117962 
0.0103546 0.062051 0.00189149 
-0.0237414 0.0743191 0.0884453 
  0.04 0.07501289999999999 0.0814223 
-0.00668871 0.0278248 0.009387360000000001 
0.0166668 0.07149999999999999 0.0363451 
0.0244257 0.0501032 0.111962 
-0.0310055  0.079 0.06955450000000001 
0.0219761 0.0578229 0.13657 
0.00130119 -0.0298415 0.00507622 
0.000535017 0.0396285 -0.000362644 
0.0219761 0.0464704 0.124329 
0.0229602   0.08 0.0315381 
0.00373456 0.0393963 0.009387360000000001 
0.013992 0.046975 0.00283498 
-0.009729079999999999 0.0684932 0.0972374 
-0.0358607 -0.00156268 0.110424 
-0.0025 0.06480379999999999 0.0455155 
-0.0102495 0.0387769 0.109962 
-0.0382779 0.0577498 0.109052 
-0.00304777 0.0638613 0.136962 
0.0206511 0.0656648 0.0290946 
0.0109556 0.0511735 0.0970934 
-0.0124508 0.0658487 0.095522 
0.0161552 -0.0340933 0.117962 
-0.0226049  0.079 0.0828311 
-0.0345446 -0.000974945 0.109962 
-0.0180239 0.0560463 0.130957 
-0.0330994 0.0831866 0.09885869999999999 
-0.00122585 0.0410461 0.115865 
-0.0329115 -0.00147639 0.110272 
0.0218683 0.0627699 0.111809 
-0.0156368 0.0515118 0.09785629999999999 
-0.0111944 0.06991 0.00663736 
0.0108804 0.0511257 0.0188465 
-0.0245185 0.0632085 0.111818 
-0.0028213 0.07149999999999999 0.0652054 
-0.00913752 0.06536989999999999 0.0967626 
-0.0432823 0.018117 0.113535 
-0.0115876 -0.0308837 0.11096 
-0.0402999 -0.00722125 0.109962 
-0.00514463 0.0607767 0.136962 
  0.04 0.0738635 0.10669 
0.0271363 0.0349702 0.10865 
-0.0270119 0.0185349 0.110664 
-0.0297986 -0.00338243 0.00765974 
0.000777321 0.04584 0.0151908 
-0.0328473 -0.00490566 0.109962 
-0.0141827 0.06473859999999999 0.00762175 
-0.0112462 0.0500243 0.109962 
-0.00883335 0.0530783 0.09650110000000001 
-0.0254472 -0.007893229999999999 0.009387360000000001 
0.0144417 0.07149999999999999 0.0115816 
0.0357604 0.0812277 0.0426703 
0.0285054 0.0287683 0.114562 
0.0339265 0.07149999999999999 0.0901431 
0.031365 0.057823 0.106547 
0.00314642 0.06945510000000001 0.09158090000000001 
0.0215561 0.0428995 0.104604 
-0.0405759 0.0352502 0.109793 
-0.0316903 0.0714191 0.0412702 
0.0292646 -0.0152183 0.114597 
0.0200891 0.07149999999999999 0.0468712 
-0.0135005 0.0482452 0.00310525 
-0.0336541 0.0413813 0.112237 
0.0219761 0.0560473 0.122911 
-0.010273 0.053521 0.109962 
0.0112718 0.0410461 0.115409 
-0.0221165 0.0710298 0.0336952 
-0.0357113 -0.0238333 0.113121 
-0.0233236 0.07149999999999999 0.08415209999999999 
-0.0135803 0.031908 -0.000362644 
0.023956 0.0742662 0.0882756 
0.0132562 0.0630579 0.0263146 
-0.0059121 0.0599085 0.023741 
-0.0025 0.07027650000000001 0.0698072 
0.0312309 0.0100336 0.113843 
0.0198263 0.0375956 0.111962 
0.00386263 0.0708669 0.09288829999999999 
-0.00346529 0.0475358 0.0138532 
-0.022841 0.0139794 0.009387360000000001 
0.0271526 -0.0123325 0.00928562 
0.0403986 0.062121 0.120576 
-0.0191277 0.0658639 0.111194 
0.0382193 0.06955939999999999 0.104295 
0.0207814 0.07590909999999999 0.0907862 
0.0116453 0.0586488 0.0134033 
  0.04 0.0726734 0.0653459 
0.00549053   0.08 0.0964884 
-0.00701793 0.0796 0.045775 
-0.0168628 0.0589233 0.109962 
-0.034859 0.0228744 0.115727 
-0.00157401 0.0452006 0.136962 
-0.025391 0.07149999999999999 0.06317390000000001 
0.0169711 0.0155585 0.00263736 
  0.04 0.07773969999999999 0.116814 
0.0137471 0.0756685 0.08221050000000001 
-0.00628721 0.0485814 0.00543562 
0.0188025 0.0636482 0.0289095 
0.0110812 -0.0276462 0.00328173 
0.0159226 0.0419852 0.0101031 
-0.00685901 -0.0422886 0.112741 
-0.0150502 0.0298761 0.009387360000000001 
-0.00673751 0.0573349 0.0947026 
0.0150343 0.0727971 0.07020609999999999 
0.00650143 0.0796 0.0453925 
-0.0142864 0.0764891 0.0417214 
0.0263033 -0.0338067 0.109962 
0.00337538 0.0468175 0.0129067 
0.0166982 0.0398497 0.0145364 
0.0407921 0.0528623 0.110746 
-0.00324457 0.0227659 0.007893860000000001 
-0.0120187 0.0209708 0.00324698 
0.0162081 0.0410461 0.122048 
0.0316926 0.076419 0.104096 
-0.0332638 -0.000961117 0.109982 
-0.0334731 0.0490631 0.1192 
0.0161522 0.0497383 0.136962 
-0.00330564 0.0736541 0.0178225 
0.0111677 0.076891 0.0821252 
0.0222358 0.07149999999999999 0.0917394 
-0.0221154 0.0739832 0.100133 
0.0163591 -0.02507 0.00739733 
0.0243664 0.072731 0.10522 
0.022903 0.0282741 0.109962 
0.00566465  0.079 0.0885686 
0.0245051 0.0198031 0.00754985 
0.0147653 0.07431400000000001 0.0480157 
0.0419128 0.0193751 0.109962 
-0.00434399 0.07149999999999999 0.0736261 
0.00104662 0.0452169 0.136962 
0.0259368 0.0672769 0.104009 
0.00793905 0.07149999999999999 0.09101380000000001 
0.0396879 0.00245461 0.117962 
-0.0147155 0.0660171 0.0010467 
-0.0324829 0.0767526 0.119171 
-0.00263396 0.0776695 0.0192506 
0.008818299999999999 0.0612114 0.0925269 
-0.0364489 0.0835323 0.0939972 
0.00672128 0.0725341 0.0488015 
 -0.04 0.07783229999999999 0.0967273 
0.0382511 0.08096349999999999 0.113639 
0.00876212 0.07149999999999999 0.07331749999999999 
-0.0025 0.0673451 0.07362109999999999 
0.0330772 0.07149999999999999 0.0860664 
0.034792 0.07149999999999999 0.0445956 
-0.0186906 0.0348311 0.00742151 
-0.0224339 0.0366774 0.111962 
0.00570264  0.074 0.0986397 
-0.0243339   0.08 0.08665879999999999 
-0.00259795 0.0360871 0.009387360000000001 
-0.00181925 0.0561726 0.0301579 
0.012739 0.0743333 0.0600939 
-0.0180239 0.0426021 0.125095 
-0.0142503 0.0348551 0.009387360000000001 
0.0294349 0.07149999999999999 0.0961858 
0.011329 0.0747216 0.0649916 
0.0008 0.0676436 0.0466954 
-0.00715222 -0.0362737 0.11625 
0.00401527 0.0410461 0.116565 
-0.0239379 0.0124535 0.00263736 
-0.0150511 0.0668227 0.00304147 
-0.0406215 0.0568767 0.11756 
0.0426614 0.0112718 0.118237 
-0.0290407 0.0279734 0.117962 
-0.0202101 0.0454164 0.102792 
0.024996 -0.009783760000000001 0.009387360000000001 
-0.0318924 0.07956489999999999 0.0942317 
0.00912927 -0.0419871 0.117814 
-0.0127942 0.0752251 0.0948165 
0.0339394 -0.0151945 0.111109 
0.0122267 0.0680461 0.11963 
0.00592308 0.0680461 0.124923 
0.0147699 0.0661476 0.0106671 
0.0383255 0.0360805 0.109104 
0.00397518 0.0657194 0.0149346 
-0.0410587 0.0177469 0.109962 
0.0219761 0.0667464 0.136576 
-0.0353835 0.0284823 0.109962 
-0.0228495 0.0475428 0.102343 
-0.0124365 0.07202119999999999 0.07048310000000001 
-0.0125249 0.0431016 0.0162392 
0.0251829 0.0796 0.0488448 
0.00433378 0.0739853 0.100111 
0.0216993 0.053336 0.10174 
0.0188586 0.0410461 0.124038 
-0.0115195 0.0786501 0.0750339 
-0.00092076 0.06622459999999999 0.107893 
-0.0144101 0.0727578 0.0700388 
-0.00430422 0.06534379999999999 0.0878225 
0.00186106 0.0541539 0.136962 
0.0305238 0.0413792 0.111962 
-0.012211 0.0208781 0.00291598 
0.0027224 0.07149999999999999 0.0587148 
-0.00812006 0.07149999999999999 0.0127193 
0.0300865 0.07149999999999999 0.0927215 
-0.0090464 0.0241326 0.00263736 
-0.0160376 0.07149999999999999 0.06407930000000001 
0.0143006 0.0749499 0.0940961 
-0.00417504 0.0738293 0.10169 
-0.00168553 0.0512971 0.0229286 
0.0219761 0.0462361 0.125541 
-0.00253624 0.0557482 0.0906429 
-0.0114038   0.08 0.0947315 
-0.000663705 -0.0374222 0.111321 
0.00818669   0.08 0.023572 
-0.0113635 -0.0218693 0.009387360000000001 
0.0150019 -0.0322993 0.110784 
-0.0286842 -0.0213612 0.117962 
0.0389112 0.0182523 0.11907 
0.0177771 0.065942 0.108065 
-0.0172914 0.07474119999999999 0.0453087 
-0.0265439  0.079 0.07851030000000001 
-0.0400383 0.0455142 0.121729 
0.018117 0.0363137 0.00100268 
-0.0348499 0.0225478 0.117962 
-0.0179048 0.0465028 0.102936 
-0.0285561 0.0764555 0.0838228 
-0.0202938 -0.0103655 0.00542384 
-0.0126712 0.0777472 0.0608251 
0.0390613 0.0820819 0.109349 
-0.0248882 0.024008 0.113923 
-0.0215847 0.0273511 0.00466653 
0.0249244 -0.0215591 0.112094 
-0.0234342 0.0257656 0.109962 
-0.0314231 0.0804076 0.107807 
0.0025 0.0698487 0.0610235 
-0.00373164 0.06560879999999999 0.108285 
-0.000488917 0.07149999999999999 0.0104538 
-0.0118059 0.0572242 0.008629410000000001 
0.0224857 0.0527826 0.102153 
0.0432713 0.0148474 0.109962 
0.008249920000000001 0.0712778 0.0102289 
0.0385441 0.0807377 0.0484974 
0.0196659 0.0796 0.0442103 
0.0069894 -0.0291484 0.00435136 
0.0337578 0.0373739 0.115069 
-0.0203656 -0.0210682 0.00263736 
-0.030663 0.0235163 0.109962 
-0.0274326 0.07149999999999999 0.0838488 
-0.0181836 -0.0278191 0.110036 
0.0361526 0.08302329999999999 0.0621211 
-0.0133873 0.07149999999999999 0.0298971 
0.027279 0.000938871 0.00263736 
0.0337378 0.0359449 0.119511 
-0.0206172 0.0796 0.0575561 
-0.000848549 0.0590538 0.00663736 
3 284 428 586 
3 284 798 428 
3 930 655 404 
3 558 117 921 
3 208 740 617 
3 740 527 617 
3 527 564 617 
3 318 208 617 
3 930 894 848 
3 392 268 208 
3 621 268 392 
3 268 621 597 
3 428 471 586 
3 471 677 586 
3 677 471 428 
3 677 237 586 
3 446 730 887 
3 672 558 921 
3 629 284 586 
3 615 558 586 
3 242 615 586 
3 415 242 586 
3 141 930 870 
3 930 141 655 
3 97 930 848 
3 97 743 930 
3 655 749 558 
3 749 117 558 
3 930 761 870 
3 564 761 617 
3 743 761 930 
3 124 564 527 
3 124 86 860 
3 852 988 921 
3 748 27 252 
3 748 988 852 
3 740 158 527 
3 158 124 527 
3 124 158 86 
3 158 740 208 
3 891 64 752 
3 524 222 392 
3 222 524 958 
3 318 74 208 
3 74 986 208 
3 649 891 752 
3 894 973 848 
3 973 64 986 
3 973 894 465 
3 430 930 404 
3 894 430 404 
3 430 894 930 
3 824 686 887 
3 621 357 597 
3 357 621 887 
3 626 237 677 
3 891 626 677 
3 894 626 465 
3 71 730 391 
3 730 71 887 
3 824 71 391 
3 71 824 887 
3 730 398 391 
3 398 798 284 
3 398 730 428 
3 629 398 284 
3 398 629 391 
3 730 472 428 
3 472 730 446 
3 472 446 58 
3 472 677 428 
3 426 149 558 
3 672 426 558 
3 426 672 921 
3 558 320 586 
3 320 629 586 
3 149 320 558 
3 629 320 149 
3 822 629 149 
3 288 822 149 
3 615 966 558 
3 966 615 242 
3 415 340 242 
3 340 415 655 
3 340 655 558 
3 655 888 404 
3 888 894 404 
3 888 626 894 
3 626 888 237 
3 237 164 586 
3 164 415 586 
3 888 164 237 
3 415 164 655 
3 164 888 655 
3 743 662 617 
3 662 448 617 
3 448 662 848 
3 835 97 848 
3 97 835 743 
3 662 835 848 
3 835 662 743 
3 916 743 617 
3 761 916 617 
3 916 761 743 
3 77 117 870 
3 101 761 564 
3 124 101 564 
3 761 101 870 
3 101 77 870 
3 77 101 124 
3 988 762 921 
3 762 748 252 
3 748 762 988 
3 268 996 208 
3 533 268 597 
3 990 824 391 
3 86 746 860 
3 746 875 860 
3 158 746 86 
3 806 524 392 
3 986 806 208 
3 74 112 986 
3 973 112 848 
3 112 973 986 
3 112 318 617 
3 112 74 318 
3 626 781 465 
3 781 626 891 
3 973 153 64 
3 64 153 752 
3 153 649 752 
3 649 153 891 
3 153 781 891 
3 222 378 392 
3 378 621 392 
3 621 378 887 
3 378 446 887 
3 446 378 58 
3 686 569 887 
3 569 357 887 
3 798 265 428 
3 265 398 428 
3 398 265 798 
3 144 891 677 
3 472 144 677 
3 144 64 891 
3 144 472 64 
3 27 567 252 
3 748 567 27 
3 567 762 252 
3 762 567 921 
3 560 748 707 
3 426 560 707 
3 560 567 748 
3 966 24 558 
3 24 966 242 
3 24 340 558 
3 340 24 242 
3 138 124 860 
3 138 77 124 
3 77 138 921 
3 138 852 921 
3 875 138 860 
3 138 875 852 
3 117 132 921 
3 132 77 921 
3 77 132 117 
3 177 748 852 
3 748 177 707 
3 177 990 707 
3 177 533 824 
3 990 177 824 
3 545 990 391 
3 545 822 288 
3 463 426 707 
3 990 463 707 
3 545 463 990 
3 463 545 288 
3 463 288 149 
3 426 463 149 
3 451 746 158 
3 875 451 852 
3 746 451 875 
3 451 158 208 
3 451 177 852 
3 177 451 533 
3 533 451 268 
3 996 451 208 
3 451 996 268 
3 161 64 958 
3 806 161 958 
3 161 806 64 
3 64 994 986 
3 994 806 986 
3 806 994 64 
3 524 303 958 
3 303 806 958 
3 806 303 524 
3 269 392 208 
3 806 269 208 
3 269 806 392 
3 32 448 848 
3 112 32 848 
3 32 112 448 
3 448 984 617 
3 984 112 617 
3 112 984 448 
3 781 31 465 
3 153 31 781 
3 31 973 465 
3 31 153 973 
3 378 526 58 
3 526 472 58 
3 64 526 958 
3 472 526 64 
3 567 854 921 
3 552 545 391 
3 545 552 822 
3 629 552 391 
3 822 552 629 
3 421 222 958 
3 526 421 958 
3 421 378 222 
3 421 526 378 
3 560 550 567 
3 550 854 567 
3 550 560 426 
3 550 426 921 
3 854 550 921 
3 141 749 655 
3 117 749 870 
3 749 141 870 
3 533 569 824 
3 357 569 597 
3 569 686 824 
3 569 533 597 
Vertices and facets:
- p284(v13): -0.043 -0.0023  0.11
  neighbors: f39 f101 f246 f390 f393
- p428(v7): -0.04 0.081 0.053
  neighbors: f39 f101 f212 f214 f392 f395 f398 f525 f526
- p586(v0): -0.044 0.0086  0.12
  neighbors: f39 f212 f213 f215 f246 f255 f256 f260 f411 f412 f432 f433
- p798(v26): -0.03 -0.0034 0.0077
  neighbors: f101 f390 f525 f527
- p930(v32): 0.022 0.067  0.14
  neighbors: f130 f181 f267 f268 f269 f271 f275 f279 f357 f359
- p655(v30): -0.012 0.067  0.14
  neighbors: f130 f268 f273 f423 f425 f428 f435 f436 f626
- p404(v6): 0.011 0.068  0.14
  neighbors: f130 f357 f358 f428 f429
- p117(v33): -0.00051 0.041  0.14
  neighbors: f135 f274 f451 f552 f554 f627
- p558(v15): -0.018 0.044  0.14
  neighbors: f135 f243 f255 f273 f274 f403 f404 f411 f413 f420 f425 f542 f544
- p921(v8): 0.0091 -0.042  0.12
  neighbors: f135 f243 f293 f405 f459 f537 f548 f549 f552 f553 f610 f624 f625
- p740(v34): 0.041 -0.011  0.11
  neighbors: f139 f140 f310 f313
- p208(v9):  0.03 -0.003 0.0033
  neighbors: f139 f161 f198 f313 f344 f345 f462 f495 f575 f579 f590 f591
- p617(v1): 0.044 0.0027  0.12
  neighbors: f139 f140 f142 f161 f277 f437 f439 f445 f446 f501 f596 f597
- p527(v17): 0.041 -0.013  0.11
  neighbors: f140 f142 f284 f310 f311
- p564(v35):  0.04 -0.012  0.12
  neighbors: f142 f277 f284 f453 f454
- p318(v38): 0.043 0.0077  0.11
  neighbors: f161 f344 f501 f502
- p894(v41): 0.038 0.081  0.11
  neighbors: f181 f352 f355 f358 f359 f383 f429 f430
- p848(v10):  0.04 0.078  0.12
  neighbors: f181 f269 f352 f440 f441 f443 f497 f593 f594
- p268(v45): 0.022 0.025 0.00076
  neighbors: f198 f208 f209 f462 f465 f578 f580
- p392(v11): 0.016 0.069 0.005
  neighbors: f198 f208 f334 f493 f514 f518 f590 f592
- p621(v47): 0.012 0.065 0.00034
  neighbors: f208 f209 f368 f369 f518 f519
- p597(v23): 0.016 0.038 -0.00036
  neighbors: f209 f368 f465 f632 f634
- p471(v48): -0.04  0.08 0.066
  neighbors: f212 f213 f214
- p677(v24): -0.04 0.082 0.073
  neighbors: f213 f214 f215 f379 f380 f398 f528 f529
- p237(v49): -0.04 0.079  0.11
  neighbors: f215 f379 f431 f432 f434
- p730(v52): -0.028  0.01 0.0035
  neighbors: f232 f385 f386 f389 f392 f395 f396
- p446(v51): -0.03 0.078 0.032
  neighbors: f232 f396 f397 f520 f521
- p887(v22): -0.015 0.066 0.001
  neighbors: f232 f365 f369 f386 f388 f519 f520 f523 f524
- p672(v55): -0.0092 -0.035  0.12
  neighbors: f243 f404 f405
- p629(v56): -0.041 -0.012  0.12
  neighbors: f246 f393 f394 f412 f414 f415 f615 f616
- p615(v58): -0.041  0.03  0.12
  neighbors: f255 f256 f420 f421
- p242(v29): -0.041  0.05  0.12
  neighbors: f256 f260 f421 f422 f543 f545
- p415(v59): -0.04 0.062  0.12
  neighbors: f260 f422 f423 f433 f435
- p141(v61): 0.016 0.059  0.14
  neighbors: f267 f268 f626 f628
- p870(v16): 0.016  0.05  0.14
  neighbors: f267 f275 f451 f455 f456 f627 f628
- p97(v62): 0.039 0.071  0.12
  neighbors: f269 f271 f441 f442
- p743(v60): 0.042 0.033  0.12
  neighbors: f271 f279 f437 f442 f444 f445 f447
- p749(v63): -0.0075 0.044  0.14
  neighbors: f273 f274 f626 f627 f628
- p761(v64): 0.022 0.058  0.14
  neighbors: f275 f277 f279 f446 f447 f453 f455
- p124(v66): 0.038 -0.019  0.12
  neighbors: f284 f286 f311 f312 f454 f457 f546 f547
- p86(v37): 0.025 -0.017 0.0089
  neighbors: f286 f312 f485 f487
- p860(v18): 0.026 -0.034  0.11
  neighbors: f286 f485 f486 f546 f550
- p988(v67): 0.007 -0.029 0.0044
  neighbors: f293 f300 f459 f461
- p852(v36): 0.011 -0.028 0.0033
  neighbors: f293 f300 f549 f551 f555 f573 f576
- p748(v69): -0.01 -0.028 0.0033
  neighbors: f298 f300 f460 f461 f534 f538 f540 f555 f557
- p27(v53): -0.0064 -0.029 0.007
  neighbors: f298 f533 f534
- p252(v5): -0.00072 -0.03 0.0053
  neighbors: f298 f460 f533 f536
- p158(v71): 0.028 -0.011 0.0045
  neighbors: f310 f311 f312 f313 f487 f572 f575
- p64(v74): 0.036 0.084  0.07
  neighbors: f330 f353 f507 f508 f530 f531 f581 f583 f584 f586 f607 f608
- p891(v50): -0.036 0.084 0.094
  neighbors: f330 f347 f380 f506 f512 f513 f528 f530
- p752(v2): 0.032 0.084 0.085
  neighbors: f330 f347 f508 f509
- p524(v75): 0.017 0.079 0.023
  neighbors: f334 f335 f493 f587 f589
- p222(v44): 0.011 0.071 0.0079
  neighbors: f334 f335 f514 f617 f619
- p958(v21): 0.0082  0.08 0.024
  neighbors: f335 f581 f582 f587 f588 f607 f617 f618
- p74(v77): 0.039 0.072 0.054
  neighbors: f344 f345 f496 f502
- p986(v40): 0.039 0.081 0.048
  neighbors: f345 f353 f495 f496 f498 f584 f585
- p649(v78): 0.034 0.084 0.094
  neighbors: f347 f509 f512
- p973(v79): 0.039 0.082  0.11
  neighbors: f352 f353 f355 f497 f498 f507 f601 f602
- p465(v20): 0.034 0.082  0.11
  neighbors: f355 f383 f505 f599 f601
- p430(v80): 0.018 0.068  0.14
  neighbors: f357 f358 f359
- p686(v82): -0.0095 0.039 -0.00036
  neighbors: f365 f523 f633
- p824(v42): -0.014 0.032 -0.00036
  neighbors: f365 f387 f388 f471 f559 f560 f631 f633
- p357(v83): 0.0069 0.055 -0.00036
  neighbors: f368 f369 f524 f632
- p626(v86): -0.04 0.083   0.1
  neighbors: f379 f380 f383 f430 f431 f505 f506
- p71(v87): -0.026 0.0084 0.0026
  neighbors: f385 f386 f387 f388
- p391(v14): -0.028 -0.01 0.0026
  neighbors: f385 f387 f389 f394 f471 f561 f613 f615
- p398(v88): -0.029 -0.0064 0.0044
  neighbors: f389 f390 f392 f393 f394 f526 f527
- p472(v89): -0.036 0.082 0.046
  neighbors: f395 f396 f397 f398 f529 f531 f604 f608
- p58(v43): -0.016  0.08 0.026
  neighbors: f397 f521 f603 f604
- p426(v90): -0.028 -0.033  0.12
  neighbors: f403 f404 f405 f539 f566 f571 f623 f624
- p149(v28): -0.03 -0.03  0.12
  neighbors: f403 f413 f414 f415 f416 f570 f571
- p320(v91): -0.037 -0.014  0.12
  neighbors: f411 f412 f413 f414
- p822(v92): -0.036 -0.024  0.11
  neighbors: f415 f416 f563 f614 f616
- p288(v57): -0.033 -0.027  0.11
  neighbors: f416 f563 f569 f570
- p966(v93): -0.04 0.046  0.12
  neighbors: f420 f421 f542 f543
- p340(v94): -0.018 0.056  0.14
  neighbors: f422 f423 f425 f544 f545
- p888(v95): -0.032 0.077  0.12
  neighbors: f428 f429 f430 f431 f434 f436
- p164(v96): -0.04 0.073  0.12
  neighbors: f432 f433 f434 f435 f436
- p662(v97): 0.042 0.025  0.12
  neighbors: f437 f439 f440 f443 f444
- p448(v39): 0.043 0.018  0.11
  neighbors: f439 f440 f593 f595 f596 f598
- p835(v98):  0.04 0.062  0.12
  neighbors: f441 f442 f443 f444
- p916(v99): 0.043 0.011  0.12
  neighbors: f445 f446 f447
- p77(v100): 0.019 -0.037  0.12
  neighbors: f451 f456 f457 f547 f548 f553 f554
- p101(v101): 0.022 0.044  0.13
  neighbors: f453 f454 f455 f456 f457
- p762(v102): 0.0013 -0.03 0.0051
  neighbors: f459 f460 f461 f536 f537
- p996(v103): 0.027 0.00094 0.0026
  neighbors: f462 f579 f580
- p533(v104): 0.015 0.032 -0.00036
  neighbors: f465 f559 f577 f578 f631 f634
- p990(v105): -0.02 -0.021 0.0026
  neighbors: f471 f558 f560 f561 f567 f568
- p746(v107): 0.024 -0.018 0.0074
  neighbors: f485 f486 f487 f572 f574
- p875(v72): 0.016 -0.025 0.0074
  neighbors: f486 f550 f551 f573 f574
- p806(v108): 0.036 0.081 0.043
  neighbors: f493 f495 f582 f583 f585 f586 f588 f589 f591 f592
- p112(v109):  0.04 0.079 0.055
  neighbors: f496 f497 f498 f501 f502 f594 f595 f597 f598
- p781(v110): -0.033 0.083 0.099
  neighbors: f505 f506 f513 f599 f600
- p153(v111): 0.037 0.083 0.096
  neighbors: f507 f508 f509 f512 f513 f600 f602
- p378(v112): -0.014 0.069 0.0028
  neighbors: f514 f518 f519 f520 f521 f603 f619 f620
- p569(v113): -0.00094 0.051 -0.00036
  neighbors: f523 f524 f631 f632 f633 f634
- p265(v114): -0.03 -0.0025 0.0076
  neighbors: f525 f526 f527
- p144(v115): -0.036 0.082 0.061
  neighbors: f528 f529 f530 f531
- p567(v116): -0.0076 -0.042  0.11
  neighbors: f533 f534 f536 f537 f540 f610 f621 f622
- p560(v117): -0.018 -0.039  0.11
  neighbors: f538 f539 f540 f621 f623
- p707(v27): -0.02 -0.022 0.0088
  neighbors: f538 f539 f557 f558 f566 f567
- p24(v118): -0.039 0.049  0.12
  neighbors: f542 f543 f544 f545
- p138(v119): 0.025 -0.035  0.11
  neighbors: f546 f547 f548 f549 f550 f551
- p132(v120): 0.014 -0.039  0.12
  neighbors: f552 f553 f554
- p177(v121): -0.019 -0.022 0.0026
  neighbors: f555 f557 f558 f559 f560 f576 f577
- p545(v122): -0.024 -0.018 0.0029
  neighbors: f561 f563 f568 f569 f613 f614
- p463(v123): -0.031 -0.03  0.11
  neighbors: f566 f567 f568 f569 f570 f571
- p451(v124): 0.023 -0.017 0.0026
  neighbors: f572 f573 f574 f575 f576 f577 f578 f579 f580
- p161(v125): 0.034 0.082 0.045
  neighbors: f581 f582 f583
- p994(v126): 0.036 0.083 0.062
  neighbors: f584 f585 f586
- p303(v127): 0.019  0.08 0.029
  neighbors: f587 f588 f589
- p269(v128):  0.03 0.0036 0.0054
  neighbors: f590 f591 f592
- p32(v129):  0.04 0.078 0.073
  neighbors: f593 f594 f595
- p984(v130): 0.043 0.015  0.11
  neighbors: f596 f597 f598
- p31(v131): 0.033 0.083 0.098
  neighbors: f599 f600 f601 f602
- p526(v132): -0.009  0.08 0.023
  neighbors: f603 f604 f607 f608 f618 f620
- p854(v133): -0.0069 -0.042  0.11
  neighbors: f610 f622 f625
- p552(v134): -0.026 -0.015 0.0031
  neighbors: f613 f614 f615 f616
- p421(v135): -0.0051 0.078 0.019
  neighbors: f617 f618 f619 f620
- p550(v136): -0.014 -0.04  0.11
  neighbors: f621 f622 f623 f624 f625
- f39
    - flags: top simplicial
    - normal:    -0.995 -0.02474 -0.09672
    - offset: -0.03219098
    - vertices: p284(v13) p428(v7) p586(v0)
    - neighboring facets: f212 f246 f101
- f101
    - flags: bottom simplicial
    - normal:   -0.9908 -0.04562  -0.1272
    - offset: -0.0287049
    - vertices: p798(v26) p284(v13) p428(v7)
    - neighboring facets: f39 f525 f390
- f130
    - flags: top simplicial
    - normal:   0.01379   0.2745   0.9615
    - offset: -0.1499404
    - center: 0.007047299999999999 0.06729320000000001 0.136634 
    - vertices: p930(v32) p655(v30) p404(v6)
    - neighboring facets: f428 f357 f268
- f135
    - flags: bottom simplicial
    - normal:  -0.05446  -0.2301   0.9716
    - offset: -0.1236377
    - center: -0.003136251666666666 0.01439683333333333 0.130482 
    - vertices: p117(v33) p558(v15) p921(v8)
    - neighboring facets: f243 f552 f274
- f139
    - flags: bottom simplicial
    - normal:    0.9873  -0.1098  -0.1147
    - offset: -0.02936413
    - vertices: p740(v34) p208(v9) p617(v1)
    - neighboring facets: f161 f140 f313
- f140
    - flags: top simplicial
    - normal:     0.984   -0.174  0.03895
    - offset: -0.04703021
    - vertices: p740(v34) p527(v17) p617(v1)
    - neighboring facets: f142 f139 f310
- f142
    - flags: bottom simplicial
    - normal:    0.9576  -0.1956   0.2114
    - offset: -0.06600388
    - vertices: p564(v35) p527(v17) p617(v1)
    - neighboring facets: f140 f277 f284
- f161
    - flags: top simplicial
    - normal:    0.9912 -0.06013  -0.1176
    - offset: -0.02932422
    - vertices: p318(v38) p208(v9) p617(v1)
    - neighboring facets: f139 f501 f344
- f181
    - flags: bottom simplicial
    - normal:    0.2334   0.7436   0.6265
    - offset: -0.1403322
    - vertices: p894(v41) p930(v32) p848(v10)
    - neighboring facets: f269 f352 f359
- f198
    - flags: bottom simplicial
    - normal:    0.7727   0.1626  -0.6135
    - offset: -0.02051646
    - center: 0.02251893333333333 0.03050868666666667 0.003009489000000003 
    - vertices: p268(v45) p392(v11) p208(v9)
    - neighboring facets: f590 f462 f208
- f208
    - flags: top simplicial tested
    - normal:    0.6725   0.1597  -0.7226
    - offset: -0.01817451
    - center: 0.0165591 0.053208 0.002020319999999997 
    - vertices: p621(v47) p268(v45) p392(v11)
    - neighboring facets: f198 f518 f209
- f209
    - flags: bottom simplicial tested
    - normal:    0.3198  0.06947  -0.9449
    - offset: -0.008017614
    - center: 0.01651836666666667 0.0427217 0.000246232 
    - vertices: p621(v47) p268(v45) p597(v23)
    - neighboring facets: f465 f368 f208
- f212
    - flags: bottom simplicial
    - normal:    -0.999  0.03243 -0.03128
    - offset: -0.0404738
    - vertices: p471(v48) p428(v7) p586(v0)
    - neighboring facets: f39 f213 f214
- f213
    - flags: top simplicial
    - normal:   -0.9989  0.04253 -0.01706
    - offset: -0.04221374
    - vertices: p471(v48) p677(v24) p586(v0)
    - neighboring facets: f215 f212 f214
- f214
    - flags: bottom simplicial
    - normal:   -0.9974  0.06674 -0.02678
    - offset: -0.04343628
    - vertices: p471(v48) p677(v24) p428(v7)
    - neighboring facets: f398 f212 f213
- f215
    - flags: bottom simplicial
    - normal:   -0.9984  0.05582 0.005586
    - offset: -0.04494118
    - vertices: p237(v49) p677(v24) p586(v0)
    - neighboring facets: f213 f432 f379
- f232
    - flags: bottom simplicial
    - normal:   -0.8565   0.1851  -0.4818
    - offset: -0.02431838
    - vertices: p730(v52) p446(v51) p887(v22)
    - neighboring facets: f520 f386 f396
- f243
    - flags: top simplicial
    - normal:    -0.088  -0.2397   0.9669
    - offset: -0.1231693
    - vertices: p672(v55) p558(v15) p921(v8)
    - neighboring facets: f135 f405 f404
- f246
    - flags: top simplicial
    - normal:   -0.9863  -0.1355  0.09439
    - offset:   -0.05309
    - vertices: p629(v56) p284(v13) p586(v0)
    - neighboring facets: f39 f412 f393
- f255
    - flags: top simplicial
    - normal:   -0.5445 -0.08116   0.8348
    - offset:  -0.120336
    - vertices: p615(v58) p558(v15) p586(v0)
    - neighboring facets: f411 f256 f420
- f256
    - flags: bottom simplicial
    - normal:   -0.7526 -0.01946   0.6582
    - offset: -0.1094431
    - vertices: p615(v58) p242(v29) p586(v0)
    - neighboring facets: f260 f255 f421
- f260
    - flags: top simplicial
    - normal:    -0.992  0.05883   0.1114
    - offset: -0.05700235
    - vertices: p415(v59) p242(v29) p586(v0)
    - neighboring facets: f256 f433 f422
- f267
    - flags: top simplicial tested seen
    - normal:   0.05677 0.003221   0.9984
    - offset: -0.1378175
    - center: 0.01791653333333333 0.05852696666666666 0.1368333333333333 
    - vertices: p141(v61) p930(v32) p870(v16)
    - neighboring facets: f275 f628 f268
    - ridges:
- f268
    - flags: bottom simplicial tested seen
    - normal:   0.01185  0.04056   0.9991
    - offset:  -0.139422
    - center: 0.008625233333333331 0.06430989999999999 0.1368333333333333 
    - vertices: p141(v61) p930(v32) p655(v30)
    - neighboring facets: f130 f626 f267
    - ridges:
- f269
    - flags: top simplicial
    - normal:    0.4827   0.5005   0.7187
    - offset: -0.1421682
    - vertices: p97(v62) p930(v32) p848(v10)
    - neighboring facets: f181 f441 f271
- f271
    - flags: top simplicial
    - normal:    0.6498 0.005682   0.7601
    - offset: -0.1184721
    - vertices: p97(v62) p743(v60) p930(v32)
    - neighboring facets: f279 f269 f442
- f273
    - flags: bottom simplicial tested seen
    - normal:  -0.02765 -0.005104   0.9996
    - offset: -0.1368896
    - center: -0.01241906333333333 0.05180206666666667 0.1368646666666667 
    - vertices: p749(v63) p655(v30) p558(v15)
    - neighboring facets: f425 f274 f626
    - ridges:
- f274
    - flags: top simplicial tested seen
    - normal:  -0.02643 -0.05886   0.9979
    - offset: -0.1342689
    - center: -0.008683204999999999 0.04315083333333333 0.1368646666666667 
    - vertices: p749(v63) p117(v33) p558(v15)
    - neighboring facets: f135 f273 f627
    - ridges:
- f275
    - flags: bottom simplicial
    - normal:   0.06808 -0.0006708   0.9977
    - offset: -0.1377105
    - vertices: p761(v64) p930(v32) p870(v16)
    - neighboring facets: f267 f455 f279
- f277
    - flags: bottom simplicial
    - normal:    0.5608 -0.07152   0.8249
    - offset:  -0.120843
    - vertices: p761(v64) p564(v35) p617(v1)
    - neighboring facets: f142 f446 f453
- f279
    - flags: bottom simplicial
    - normal:    0.6436 -0.0005146   0.7654
    - offset: -0.1186392
    - vertices: p761(v64) p743(v60) p930(v32)
    - neighboring facets: f271 f275 f447
- f284
    - flags: top simplicial
    - normal:    0.9077  -0.3467   0.2362
    - offset: -0.06871334
    - vertices: p124(v66) p564(v35) p527(v17)
    - neighboring facets: f142 f311 f454
- f286
    - flags: top simplicial
    - normal:    0.8158  -0.5683  -0.1073
    - offset: -0.02887041
    - center: 0.0296348 -0.02316526666666667 0.07893069 
    - vertices: p124(v66) p86(v37) p860(v18)
    - neighboring facets: f485 f546 f312
- f293
    - flags: bottom simplicial
    - normal:    0.3164  -0.9419  -0.1125
    - offset: -0.02917737
    - vertices: p988(v67) p852(v36) p921(v8)
    - neighboring facets: f549 f459 f300
- f298
    - flags: top simplicial
    - normal:   -0.1658  -0.9739  -0.1547
    - offset: -0.02843243
    - vertices: p748(v69) p27(v53) p252(v5)
    - neighboring facets: f533 f460 f534
- f300
    - flags: top simplicial
    - normal:  0.007791   -0.594  -0.8044
    - offset: -0.01386845
    - center: 0.002629933333333333 -0.02826116666666667 0.003653979999999999 
    - vertices: p748(v69) p988(v67) p852(v36)
    - neighboring facets: f293 f555 f461
- f310
    - flags: bottom simplicial
    - normal:    0.8733  -0.4744  -0.1113
    - offset: -0.02904389
    - vertices: p158(v71) p740(v34) p527(v17)
    - neighboring facets: f140 f311 f313
- f311
    - flags: top simplicial
    - normal:    0.8574  -0.5028  -0.1097
    - offset: -0.02893624
    - vertices: p158(v71) p124(v66) p527(v17)
    - neighboring facets: f284 f310 f312
- f312
    - flags: bottom simplicial
    - normal:    0.8436  -0.5256  -0.1099
    - offset: -0.02881269
    - vertices: p158(v71) p124(v66) p86(v37)
    - neighboring facets: f286 f487 f311
- f313
    - flags: top simplicial
    - normal:    0.9574  -0.2613  -0.1228
    - offset: -0.02889435
    - vertices: p158(v71) p740(v34) p208(v9)
    - neighboring facets: f139 f575 f310
- f330
    - flags: bottom simplicial
    - normal:  -0.006794   0.9999 -0.008456
    - offset: -0.08298018
    - vertices: p64(v74) p891(v50) p752(v2)
    - neighboring facets: f347 f508 f530
- f334
    - flags: top simplicial
    - normal:    0.1079   0.8673  -0.4859
    - offset: -0.05917037
    - vertices: p524(v75) p222(v44) p392(v11)
    - neighboring facets: f514 f493 f335
- f335
    - flags: bottom simplicial
    - normal:   0.06952   0.8764  -0.4765
    - offset: -0.05945291
    - vertices: p524(v75) p222(v44) p958(v21)
    - neighboring facets: f617 f587 f334
- f344
    - flags: bottom simplicial
    - normal:    0.9918 -0.04757   -0.119
    - offset: -0.02929835
    - vertices: p74(v77) p318(v38) p208(v9)
    - neighboring facets: f161 f345 f502
- f345
    - flags: top simplicial
    - normal:    0.9839 -0.006472  -0.1785
    - offset: -0.0287467
    - vertices: p74(v77) p986(v40) p208(v9)
    - neighboring facets: f495 f344 f496
- f347
    - flags: top simplicial
    - normal:  -0.0001744   0.9991  0.04151
    - offset: -0.08736823
    - vertices: p649(v78) p891(v50) p752(v2)
    - neighboring facets: f330 f509 f512
- f352
    - flags: bottom simplicial
    - normal:    0.6807   0.6672   0.3025
    - offset: -0.1144306
    - vertices: p973(v79) p894(v41) p848(v10)
    - neighboring facets: f181 f497 f355
- f353
    - flags: top simplicial
    - normal:     0.692   0.7216 -0.02182
    - offset: -0.08387355
    - vertices: p973(v79) p64(v74) p986(v40)
    - neighboring facets: f584 f498 f507
- f355
    - flags: top simplicial
    - normal:  -0.001107   0.9677   0.2521
    - offset: -0.1069519
    - vertices: p973(v79) p894(v41) p465(v20)
    - neighboring facets: f383 f601 f352
- f357
    - flags: top simplicial
    - normal:   0.04309    0.508   0.8603
    - offset: -0.1523478
    - vertices: p430(v80) p930(v32) p404(v6)
    - neighboring facets: f130 f358 f359
- f358
    - flags: bottom simplicial
    - normal:   0.02592   0.8553   0.5174
    - offset: -0.1290409
    - vertices: p430(v80) p894(v41) p404(v6)
    - neighboring facets: f429 f357 f359
- f359
    - flags: top simplicial
    - normal:     0.158   0.7852   0.5988
    - offset: -0.1376603
    - vertices: p430(v80) p894(v41) p930(v32)
    - neighboring facets: f181 f357 f358
- f365
    - flags: bottom simplicial tested seen
    - normal:   -0.0703  0.03885  -0.9968
    - offset: -0.002555604
    - center: -0.01260265666666666 0.04573163333333333 0.0001071373333333332 
    - vertices: p686(v82) p824(v42) p887(v22)
    - neighboring facets: f388 f523 f633
    - ridges:
- f368
    - flags: bottom simplicial tested seen
    - normal:   0.07018  0.03527  -0.9969
    - offset: -0.002797869
    - center: 0.01155846666666667 0.05266916666666666 -0.0001294283333333331 
    - vertices: p357(v83) p621(v47) p597(v23)
    - neighboring facets: f209 f632 f369
    - ridges:
- f369
    - flags: top simplicial tested
    - normal:  -0.02381  0.08305  -0.9963
    - offset: -0.004790297
    - center: 0.001372733333333334 0.0621567 0.0003403529999999997 
    - vertices: p357(v83) p621(v47) p887(v22)
    - neighboring facets: f519 f524 f368
- f379
    - flags: top simplicial
    - normal:   -0.9958  0.09063 0.009069
    - offset: -0.04795899
    - vertices: p626(v86) p237(v49) p677(v24)
    - neighboring facets: f215 f380 f431
- f380
    - flags: bottom simplicial
    - normal:   -0.2938   0.9559 -0.004477
    - offset: -0.09013264
    - vertices: p626(v86) p891(v50) p677(v24)
    - neighboring facets: f528 f379 f506
- f383
    - flags: bottom simplicial
    - normal:   -0.0218   0.9619   0.2727
    - offset: -0.1080268
    - vertices: p626(v86) p894(v41) p465(v20)
    - neighboring facets: f355 f505 f430
- f385
    - flags: top simplicial
    - normal:   -0.3412  0.03354  -0.9394
    - offset: -0.00668657
    - vertices: p71(v87) p730(v52) p391(v14)
    - neighboring facets: f389 f387 f386
- f386
    - flags: bottom simplicial
    - normal:   -0.3367  0.04016  -0.9408
    - offset: -0.006621103
    - vertices: p71(v87) p730(v52) p887(v22)
    - neighboring facets: f232 f388 f385
- f387
    - flags: bottom simplicial
    - normal:   -0.2836  0.02787  -0.9586
    - offset: -0.005087648
    - center: -0.0224831 0.01011517 0.001637358666666664 
    - vertices: p71(v87) p824(v42) p391(v14)
    - neighboring facets: f471 f385 f388
- f388
    - flags: top simplicial
    - normal:   -0.2873     0.03  -0.9574
    - offset: -0.005205738
    - vertices: p71(v87) p824(v42) p887(v22)
    - neighboring facets: f365 f386 f387
- f389
    - flags: bottom simplicial
    - normal:   -0.8095  0.01102   -0.587
    - offset: -0.02087744
    - vertices: p398(v88) p730(v52) p391(v14)
    - neighboring facets: f385 f394 f392
- f390
    - flags: top simplicial
    - normal:   -0.9872 -0.09786  -0.1262
    - offset: -0.02878018
    - vertices: p398(v88) p798(v26) p284(v13)
    - neighboring facets: f101 f393 f527
- f392
    - flags: top simplicial
    - normal:   -0.9613  0.03732  -0.2729
    - offset: -0.02651092
    - vertices: p398(v88) p730(v52) p428(v7)
    - neighboring facets: f395 f526 f389
- f393
    - flags: bottom simplicial
    - normal:   -0.9632  -0.2417  -0.1175
    - offset: -0.02904846
    - vertices: p398(v88) p629(v56) p284(v13)
    - neighboring facets: f246 f390 f394
- f394
    - flags: top simplicial
    - normal:   -0.9542  -0.2748  -0.1182
    - offset: -0.02899638
    - vertices: p398(v88) p629(v56) p391(v14)
    - neighboring facets: f615 f389 f393
- f395
    - flags: bottom simplicial
    - normal:   -0.8919   0.1549  -0.4248
    - offset: -0.02520988
    - vertices: p472(v89) p730(v52) p428(v7)
    - neighboring facets: f392 f398 f396
- f396
    - flags: top simplicial
    - normal:   -0.8775   0.1703  -0.4484
    - offset: -0.02487569
    - vertices: p472(v89) p730(v52) p446(v51)
    - neighboring facets: f232 f397 f395
- f397
    - flags: top simplicial
    - normal:   -0.3218   0.8605   -0.395
    - offset: -0.06378781
    - vertices: p472(v89) p446(v51) p58(v43)
    - neighboring facets: f521 f604 f396
- f398
    - flags: top simplicial
    - normal:   -0.2714   0.9603 -0.06391
    - offset: -0.0852656
    - vertices: p472(v89) p677(v24) p428(v7)
    - neighboring facets: f214 f395 f529
- f403
    - flags: top simplicial
    - normal:     -0.19  -0.2295   0.9546
    - offset: -0.1237782
    - vertices: p426(v90) p149(v28) p558(v15)
    - neighboring facets: f413 f404 f571
- f404
    - flags: bottom simplicial
    - normal:   -0.1127  -0.2417   0.9638
    - offset: -0.1231045
    - vertices: p426(v90) p672(v55) p558(v15)
    - neighboring facets: f243 f403 f405
- f405
    - flags: top simplicial
    - normal:   -0.1177  -0.3136   0.9422
    - offset:    -0.1231
    - vertices: p426(v90) p672(v55) p921(v8)
    - neighboring facets: f243 f624 f404
- f411
    - flags: bottom simplicial
    - normal:   -0.5306 -0.09549   0.8422
    - offset: -0.1204619
    - vertices: p320(v91) p558(v15) p586(v0)
    - neighboring facets: f255 f412 f413
- f412
    - flags: top simplicial
    - normal:   -0.6306    -0.13   0.7651
    - offset: -0.1155825
    - vertices: p320(v91) p629(v56) p586(v0)
    - neighboring facets: f246 f411 f414
- f413
    - flags: bottom simplicial
    - normal:   -0.2735  -0.2112   0.9384
    - offset: -0.1238796
    - vertices: p320(v91) p149(v28) p558(v15)
    - neighboring facets: f403 f411 f414
- f414
    - flags: bottom simplicial
    - normal:   -0.6666  -0.3485   0.6589
    - offset: -0.1074994
    - vertices: p320(v91) p629(v56) p149(v28)
    - neighboring facets: f415 f413 f412
- f415
    - flags: top simplicial
    - normal:   -0.7949  -0.4404   0.4173
    - offset: -0.08608541
    - vertices: p822(v92) p629(v56) p149(v28)
    - neighboring facets: f414 f416 f616
- f416
    - flags: bottom simplicial
    - normal:   -0.7891  -0.6116  0.05693
    - offset: -0.0491966
    - vertices: p822(v92) p288(v57) p149(v28)
    - neighboring facets: f570 f415 f563
- f420
    - flags: bottom simplicial
    - normal:   -0.5629 -0.03903   0.8256
    - offset: -0.1212597
    - vertices: p966(v93) p615(v58) p558(v15)
    - neighboring facets: f255 f542 f421
- f421
    - flags: top simplicial
    - normal:     -0.71 -0.02055   0.7039
    - offset: -0.1131775
    - vertices: p966(v93) p615(v58) p242(v29)
    - neighboring facets: f256 f543 f420
- f422
    - flags: bottom simplicial
    - normal:   -0.5736    0.145   0.8062
    - offset: -0.1282028
    - vertices: p340(v94) p415(v59) p242(v29)
    - neighboring facets: f260 f545 f423
- f423
    - flags: top simplicial
    - normal:   -0.5424   0.2495   0.8022
    - offset:  -0.132966
    - vertices: p340(v94) p415(v59) p655(v30)
    - neighboring facets: f435 f425 f422
- f425
    - flags: top simplicial
    - normal:   -0.2146  0.04632   0.9756
    - offset: -0.1392442
    - vertices: p340(v94) p655(v30) p558(v15)
    - neighboring facets: f273 f544 f423
- f428
    - flags: bottom simplicial
    - normal:  -0.02358   0.8667   0.4984
    - offset:  -0.126673
    - vertices: p888(v95) p655(v30) p404(v6)
    - neighboring facets: f130 f429 f436
- f429
    - flags: top simplicial
    - normal:  -0.01459   0.8767   0.4808
    - offset: -0.1250594
    - vertices: p888(v95) p894(v41) p404(v6)
    - neighboring facets: f358 f428 f430
- f430
    - flags: top simplicial
    - normal:  -0.03057   0.9442   0.3279
    - offset: -0.1125378
    - vertices: p888(v95) p626(v86) p894(v41)
    - neighboring facets: f383 f429 f431
- f431
    - flags: bottom simplicial
    - normal:   -0.1953    0.903   0.3826
    - offset: -0.1212478
    - vertices: p888(v95) p626(v86) p237(v49)
    - neighboring facets: f379 f434 f430
- f432
    - flags: bottom simplicial
    - normal:   -0.9956   0.0606  0.07161
    - offset: -0.05254113
    - vertices: p164(v96) p237(v49) p586(v0)
    - neighboring facets: f215 f433 f434
- f433
    - flags: top simplicial
    - normal:   -0.9949   0.0606  0.08041
    - offset: -0.05353546
    - vertices: p164(v96) p415(v59) p586(v0)
    - neighboring facets: f260 f432 f435
- f434
    - flags: bottom simplicial
    - normal:   -0.5526   0.5384   0.6362
    - offset: -0.1350926
    - vertices: p164(v96) p888(v95) p237(v49)
    - neighboring facets: f431 f432 f436
- f435
    - flags: bottom simplicial
    - normal:   -0.5424   0.2516   0.8016
    - offset: -0.1330189
    - vertices: p164(v96) p415(v59) p655(v30)
    - neighboring facets: f423 f436 f433
- f436
    - flags: top simplicial
    - normal:   -0.5117   0.3472   0.7858
    - offset: -0.1369237
    - vertices: p164(v96) p888(v95) p655(v30)
    - neighboring facets: f428 f435 f434
- f437
    - flags: bottom simplicial
    - normal:    0.8993  0.01816    0.437
    - offset: -0.09045688
    - vertices: p662(v97) p743(v60) p617(v1)
    - neighboring facets: f445 f439 f444
- f439
    - flags: top simplicial
    - normal:    0.9942  0.04514  0.09737
    - offset: -0.05491125
    - vertices: p662(v97) p448(v39) p617(v1)
    - neighboring facets: f596 f437 f440
- f440
    - flags: bottom simplicial
    - normal:    0.9945  0.04991  0.09176
    - offset: -0.05438009
    - vertices: p662(v97) p448(v39) p848(v10)
    - neighboring facets: f593 f443 f439
- f441
    - flags: top simplicial
    - normal:    0.9323    0.107   0.3455
    - offset: -0.0859707
    - vertices: p835(v98) p97(v62) p848(v10)
    - neighboring facets: f269 f443 f442
- f442
    - flags: bottom simplicial
    - normal:    0.7542  0.01918   0.6563
    - offset: -0.1107978
    - vertices: p835(v98) p97(v62) p743(v60)
    - neighboring facets: f271 f444 f441
- f443
    - flags: bottom simplicial
    - normal:    0.9934  0.05023   0.1033
    - offset: -0.05570599
    - vertices: p835(v98) p662(v97) p848(v10)
    - neighboring facets: f440 f441 f444
- f444
    - flags: top simplicial
    - normal:    0.9214  0.03041   0.3873
    - offset: -0.0858143
    - vertices: p835(v98) p662(v97) p743(v60)
    - neighboring facets: f437 f442 f443
- f445
    - flags: top simplicial
    - normal:    0.6358 -0.03285   0.7711
    - offset: -0.1179316
    - vertices: p916(v99) p743(v60) p617(v1)
    - neighboring facets: f437 f446 f447
- f446
    - flags: bottom simplicial
    - normal:    0.6139 -0.03774   0.7885
    - offset: -0.1189927
    - vertices: p916(v99) p761(v64) p617(v1)
    - neighboring facets: f277 f445 f447
- f447
    - flags: top simplicial
    - normal:    0.6176 -0.03499   0.7857
    - offset: -0.1188532
    - vertices: p916(v99) p761(v64) p743(v60)
    - neighboring facets: f279 f445 f446
- f451
    - flags: top simplicial tested seen
    - normal:    0.1076  -0.2084   0.9721
    - offset: -0.1245149
    - center: 0.01166275833333334 0.01787649999999999 0.1306286666666667 
    - vertices: p77(v100) p117(v33) p870(v16)
    - neighboring facets: f627 f456 f554
    - ridges:
- f453
    - flags: top simplicial
    - normal:    0.4245  -0.1268   0.8965
    - offset: -0.1244381
    - vertices: p101(v101) p761(v64) p564(v35)
    - neighboring facets: f277 f454 f455
- f454
    - flags: bottom simplicial
    - normal:    0.3818  -0.1458   0.9127
    - offset: -0.1248435
    - vertices: p101(v101) p124(v66) p564(v35)
    - neighboring facets: f284 f453 f457
- f455
    - flags: bottom simplicial
    - normal:    0.2525  -0.1355   0.9581
    - offset: -0.1285601
    - vertices: p101(v101) p761(v64) p870(v16)
    - neighboring facets: f275 f456 f453
- f456
    - flags: top simplicial
    - normal:    0.1815  -0.2035   0.9621
    - offset: -0.1245826
    - vertices: p101(v101) p77(v100) p870(v16)
    - neighboring facets: f451 f455 f457
- f457
    - flags: bottom simplicial
    - normal:    0.2033  -0.2033   0.9578
    - offset:  -0.124487
    - vertices: p101(v101) p77(v100) p124(v66)
    - neighboring facets: f547 f454 f456
- f459
    - flags: bottom simplicial
    - normal:    0.1059  -0.9878  -0.1138
    - offset: -0.02903912
    - vertices: p762(v102) p988(v67) p921(v8)
    - neighboring facets: f293 f537 f461
- f460
    - flags: top simplicial
    - normal:  -0.03834  -0.8011  -0.5974
    - offset: -0.02082247
    - vertices: p762(v102) p748(v69) p252(v5)
    - neighboring facets: f298 f536 f461
- f461
    - flags: bottom simplicial
    - normal:  -0.00507  -0.7026  -0.7116
    - offset: -0.01734741
    - vertices: p762(v102) p748(v69) p988(v67)
    - neighboring facets: f300 f459 f460
- f462
    - flags: bottom simplicial
    - normal:     0.219 -0.02554  -0.9754
    - offset: -0.003376947
    - center: 0.02629063333333333 0.007817177 0.002235402333333332 
    - vertices: p996(v103) p268(v45) p208(v9)
    - neighboring facets: f198 f579 f580
- f465
    - flags: top simplicial tested seen
    - normal:     0.133 -0.02684  -0.9907
    - offset: -0.001458901
    - center: 0.01744306666666667 0.03162516666666667 1.301633333333312e-05 
    - vertices: p533(v104) p268(v45) p597(v23)
    - neighboring facets: f209 f634 f578
    - ridges:
- f471
    - flags: top simplicial tested
    - normal:  -0.07032 -0.04742  -0.9964
    - offset: 0.0001967182
    - center: -0.020595 0.0002848733333333335 0.001637358666666667 
    - vertices: p990(v105) p824(v42) p391(v14)
    - neighboring facets: f387 f561 f560
- f485
    - flags: bottom simplicial
    - normal:    0.8053  -0.5827  -0.1096
    - offset: -0.02883376
    - vertices: p746(v107) p86(v37) p860(v18)
    - neighboring facets: f286 f486 f487
- f486
    - flags: top simplicial
    - normal:    0.6791  -0.7229  -0.1274
    - offset: -0.02828991
    - vertices: p746(v107) p875(v72) p860(v18)
    - neighboring facets: f550 f485 f574
- f487
    - flags: bottom simplicial
    - normal:    0.8218  -0.5487  -0.1535
    - offset: -0.02827812
    - vertices: p746(v107) p158(v71) p86(v37)
    - neighboring facets: f312 f485 f572
- f493
    - flags: top simplicial
    - normal:    0.3898   0.7963  -0.4626
    - offset: -0.05888411
    - vertices: p806(v108) p524(v75) p392(v11)
    - neighboring facets: f334 f592 f589
- f495
    - flags: bottom simplicial
    - normal:    0.8987   0.1319  -0.4182
    - offset: -0.02500599
    - vertices: p806(v108) p986(v40) p208(v9)
    - neighboring facets: f345 f591 f585
- f496
    - flags: bottom simplicial
    - normal:    0.9843 -0.005397  -0.1767
    - offset: -0.02893272
    - vertices: p112(v109) p74(v77) p986(v40)
    - neighboring facets: f345 f498 f502
- f497
    - flags: bottom simplicial
    - normal:    0.9773   0.2118 0.0003143
    - offset: -0.0555956
    - vertices: p112(v109) p973(v79) p848(v10)
    - neighboring facets: f352 f594 f498
- f498
    - flags: top simplicial
    - normal:    0.8616   0.5072 -0.01853
    - offset: -0.07326379
    - vertices: p112(v109) p973(v79) p986(v40)
    - neighboring facets: f353 f496 f497
- f501
    - flags: top simplicial
    - normal:    0.9953 -0.02505 -0.09346
    - offset: -0.03242803
    - vertices: p112(v109) p318(v38) p617(v1)
    - neighboring facets: f161 f597 f502
- f502
    - flags: top simplicial
    - normal:    0.9953 -0.02536 -0.09386
    - offset: -0.03238001
    - vertices: p112(v109) p74(v77) p318(v38)
    - neighboring facets: f344 f501 f496
- f505
    - flags: bottom simplicial
    - normal:  -0.01251   0.9831   0.1825
    - offset: -0.1002344
    - vertices: p781(v110) p626(v86) p465(v20)
    - neighboring facets: f383 f599 f506
- f506
    - flags: top simplicial
    - normal:    -0.048   0.9934   0.1037
    - offset: -0.09448348
    - vertices: p781(v110) p626(v86) p891(v50)
    - neighboring facets: f380 f513 f505
- f507
    - flags: bottom simplicial
    - normal:    0.5882   0.8087 -0.00992
    - offset: -0.08826778
    - vertices: p153(v111) p973(v79) p64(v74)
    - neighboring facets: f353 f508 f602
- f508
    - flags: bottom simplicial
    - normal:   0.07491   0.9971  0.01391
    - offset: -0.08724848
    - vertices: p153(v111) p64(v74) p752(v2)
    - neighboring facets: f330 f509 f507
- f509
    - flags: top simplicial
    - normal:   0.02529    0.999  0.03662
    - offset: -0.08775488
    - vertices: p153(v111) p649(v78) p752(v2)
    - neighboring facets: f347 f508 f512
- f512
    - flags: bottom simplicial
    - normal:  7.028e-06   0.9976   0.0692
    - offset: -0.08983636
    - vertices: p153(v111) p649(v78) p891(v50)
    - neighboring facets: f347 f513 f509
- f513
    - flags: top simplicial
    - normal:  -4.736e-05   0.9975  0.07096
    - offset: -0.08999377
    - vertices: p153(v111) p781(v110) p891(v50)
    - neighboring facets: f506 f512 f600
- f514
    - flags: bottom simplicial
    - normal:   0.03347   0.8241  -0.5654
    - offset: -0.05460694
    - vertices: p378(v112) p222(v44) p392(v11)
    - neighboring facets: f334 f518 f619
- f518
    - flags: top simplicial
    - normal:   0.04094   0.7479  -0.6626
    - offset: -0.04898234
    - vertices: p378(v112) p621(v47) p392(v11)
    - neighboring facets: f208 f514 f519
- f519
    - flags: bottom simplicial
    - normal:  -0.00457   0.5414  -0.8408
    - offset: -0.03492896
    - vertices: p378(v112) p621(v47) p887(v22)
    - neighboring facets: f369 f520 f518
- f520
    - flags: top simplicial
    - normal:   -0.7318   0.4419  -0.5188
    - offset: -0.03939673
    - vertices: p378(v112) p446(v51) p887(v22)
    - neighboring facets: f232 f519 f521
- f521
    - flags: bottom simplicial
    - normal:   -0.3367   0.8361  -0.4331
    - offset: -0.06109798
    - vertices: p378(v112) p446(v51) p58(v43)
    - neighboring facets: f397 f603 f520
- f523
    - flags: bottom simplicial tested seen
    - normal:  -0.05556  0.04176  -0.9976
    - offset: -0.002529975
    - center: -0.008389438333333334 0.051987 0.0001071373333333341 
    - vertices: p569(v113) p686(v82) p887(v22)
    - neighboring facets: f365 f524 f633
    - ridges:
- f524
    - flags: top simplicial tested seen
    - normal:  -0.03536  0.05989  -0.9976
    - offset: -0.003429839
    - center: -0.002913081666666666 0.0573348 0.0001071373333333329 
    - vertices: p569(v113) p357(v83) p887(v22)
    - neighboring facets: f369 f523 f632
    - ridges:
- f525
    - flags: bottom simplicial
    - normal:   -0.9798 -0.005147  -0.1999
    - offset: -0.02768316
    - vertices: p265(v114) p798(v26) p428(v7)
    - neighboring facets: f101 f526 f527
- f526
    - flags: top simplicial
    - normal:   -0.9718  0.01515  -0.2354
    - offset: -0.02712343
    - vertices: p265(v114) p398(v88) p428(v7)
    - neighboring facets: f392 f525 f527
- f527
    - flags: bottom simplicial
    - normal:   -0.9775 -0.005739  -0.2109
    - offset: -0.02753164
    - vertices: p265(v114) p398(v88) p798(v26)
    - neighboring facets: f390 f525 f526
- f528
    - flags: top simplicial
    - normal:   -0.1364   0.9901 -0.03308
    - offset: -0.08456767
    - vertices: p144(v115) p891(v50) p677(v24)
    - neighboring facets: f380 f529 f530
- f529
    - flags: bottom simplicial
    - normal:   -0.2055   0.9771 -0.05428
    - offset: -0.08471791
    - vertices: p144(v115) p472(v89) p677(v24)
    - neighboring facets: f398 f528 f531
- f530
    - flags: top simplicial
    - normal:  -0.01475   0.9994 -0.03245
    - offset: -0.08096627
    - vertices: p144(v115) p64(v74) p891(v50)
    - neighboring facets: f330 f528 f531
- f531
    - flags: top simplicial
    - normal:  -0.01235   0.9986  -0.0507
    - offset: -0.07971452
    - vertices: p144(v115) p472(v89) p64(v74)
    - neighboring facets: f608 f530 f529
- f533
    - flags: bottom simplicial
    - normal:   -0.1573  -0.9797  -0.1246
    - offset: -0.02875699
    - vertices: p567(v116) p27(v53) p252(v5)
    - neighboring facets: f298 f536 f534
- f534
    - flags: bottom simplicial
    - normal:   -0.1955  -0.9728  -0.1241
    - offset: -0.02880496
    - vertices: p567(v116) p748(v69) p27(v53)
    - neighboring facets: f298 f533 f540
- f536
    - flags: top simplicial
    - normal:   0.02174  -0.9932  -0.1145
    - offset: -0.02908481
    - vertices: p567(v116) p762(v102) p252(v5)
    - neighboring facets: f460 f533 f537
- f537
    - flags: bottom simplicial
    - normal:   0.06104  -0.9919  -0.1111
    - offset: -0.0291162
    - vertices: p567(v116) p762(v102) p921(v8)
    - neighboring facets: f459 f610 f536
- f538
    - flags: top simplicial
    - normal:   -0.5457  -0.8287  -0.1245
    - offset: -0.02833494
    - center: -0.0160163 -0.02978956666666666 0.04089052 
    - vertices: p560(v117) p748(v69) p707(v27)
    - neighboring facets: f557 f539 f540
- f539
    - flags: bottom simplicial
    - normal:   -0.5765  -0.8082  -0.1205
    - offset: -0.02852925
    - vertices: p560(v117) p426(v90) p707(v27)
    - neighboring facets: f566 f538 f623
- f540
    - flags: top simplicial
    - normal:   -0.2904  -0.9495  -0.1187
    - offset: -0.02913703
    - vertices: p560(v117) p567(v116) p748(v69)
    - neighboring facets: f534 f538 f621
- f542
    - flags: bottom simplicial
    - normal:   -0.5602  0.02593    0.828
    - offset: -0.1243956
    - vertices: p24(v118) p966(v93) p558(v15)
    - neighboring facets: f420 f544 f543
- f543
    - flags: top simplicial
    - normal:   -0.5743  0.02879   0.8181
    - offset: -0.1238951
    - vertices: p24(v118) p966(v93) p242(v29)
    - neighboring facets: f421 f545 f542
- f544
    - flags: top simplicial
    - normal:   -0.5578  0.03936    0.829
    - offset: -0.1250932
    - vertices: p24(v118) p340(v94) p558(v15)
    - neighboring facets: f425 f542 f545
- f545
    - flags: bottom simplicial
    - normal:   -0.5627  0.06385   0.8242
    - offset: -0.1258971
    - vertices: p24(v118) p340(v94) p242(v29)
    - neighboring facets: f422 f543 f544
- f546
    - flags: top simplicial
    - normal:    0.7726  -0.6307  0.07227
    - offset: -0.04959282
    - vertices: p138(v119) p124(v66) p860(v18)
    - neighboring facets: f286 f550 f547
- f547
    - flags: top simplicial
    - normal:    0.6566  -0.6568   0.3707
    - offset: -0.08090026
    - vertices: p138(v119) p77(v100) p124(v66)
    - neighboring facets: f457 f546 f548
- f548
    - flags: bottom simplicial
    - normal:    0.4204  -0.9067  0.03432
    - offset: -0.04595021
    - vertices: p138(v119) p77(v100) p921(v8)
    - neighboring facets: f553 f549 f547
- f549
    - flags: top simplicial
    - normal:    0.3737  -0.9211   -0.109
    - offset: -0.0292491
    - vertices: p138(v119) p852(v36) p921(v8)
    - neighboring facets: f293 f548 f551
- f550
    - flags: bottom simplicial
    - normal:    0.5525  -0.8243  -0.1238
    - offset: -0.0287872
    - vertices: p138(v119) p875(v72) p860(v18)
    - neighboring facets: f486 f546 f551
- f551
    - flags: top simplicial
    - normal:    0.5109  -0.8508  -0.1226
    - offset: -0.02878185
    - vertices: p138(v119) p875(v72) p852(v36)
    - neighboring facets: f573 f549 f550
- f552
    - flags: bottom simplicial
    - normal:    0.0832  -0.2145   0.9732
    - offset: -0.1244198
    - vertices: p132(v120) p117(v33) p921(v8)
    - neighboring facets: f135 f553 f554
- f553
    - flags: top simplicial
    - normal:    0.1013  -0.2483   0.9634
    - offset: -0.1248487
    - vertices: p132(v120) p77(v100) p921(v8)
    - neighboring facets: f548 f552 f554
- f554
    - flags: bottom simplicial
    - normal:   0.08723  -0.2138    0.973
    - offset:  -0.124424
    - vertices: p132(v120) p77(v100) p117(v33)
    - neighboring facets: f451 f552 f553
- f555
    - flags: top simplicial tested
    - normal:  -0.0003596  -0.1143  -0.9934
    - offset: 0.0001046168
    - center: -0.006087833333333334 -0.02586163333333333 0.003082646666666667 
    - vertices: p177(v121) p748(v69) p852(v36)
    - neighboring facets: f300 f576 f557
- f557
    - flags: bottom simplicial tested
    - normal:   -0.5466  -0.8277  -0.1272
    - offset: -0.02830694
    - center: -0.01645723333333333 -0.0240877 0.00491664 
    - vertices: p177(v121) p748(v69) p707(v27)
    - neighboring facets: f538 f558 f555
- f558
    - flags: top simplicial tested
    - normal:   -0.5864  -0.7993  -0.1311
    - offset: -0.02843762
    - center: -0.01985216666666667 -0.0217808 0.004686143333333333 
    - vertices: p177(v121) p990(v105) p707(v27)
    - neighboring facets: f567 f557 f560
- f559
    - flags: top simplicial tested seen
    - normal:  -0.0001137  -0.0556  -0.9985
    - offset: 0.001410597
    - center: -0.006017766666666667 0.01393613333333333 0.0006373573333333333 
    - vertices: p177(v121) p533(v104) p824(v42)
    - neighboring facets: f631 f560 f577
    - ridges:
- f560
    - flags: bottom simplicial tested
    - normal:   -0.0379 -0.05166  -0.9979
    - offset: 0.0007717604
    - center: -0.01770326666666667 -0.003703333333333334 0.001637358666666667 
    - vertices: p177(v121) p990(v105) p824(v42)
    - neighboring facets: f471 f559 f558
- f561
    - flags: top simplicial
    - normal:   -0.1548  -0.1044  -0.9824
    - offset: -0.002759861
    - vertices: p545(v122) p990(v105) p391(v14)
    - neighboring facets: f471 f613 f568
- f563
    - flags: top simplicial
    - normal:   -0.8471  -0.5183  -0.1174
    - offset: -0.02932009
    - vertices: p545(v122) p822(v92) p288(v57)
    - neighboring facets: f416 f569 f614
- f566
    - flags: top simplicial
    - normal:   -0.6381  -0.7605  -0.1202
    - offset: -0.02870119
    - vertices: p463(v123) p426(v90) p707(v27)
    - neighboring facets: f539 f567 f571
- f567
    - flags: bottom simplicial
    - normal:   -0.6383  -0.7603  -0.1202
    - offset: -0.02870135
    - vertices: p463(v123) p990(v105) p707(v27)
    - neighboring facets: f558 f566 f568
- f568
    - flags: bottom simplicial
    - normal:   -0.6458  -0.7539  -0.1204
    - offset: -0.02871918
    - vertices: p463(v123) p545(v122) p990(v105)
    - neighboring facets: f561 f567 f569
- f569
    - flags: top simplicial
    - normal:   -0.6547  -0.7463  -0.1201
    - offset: -0.02879569
    - vertices: p463(v123) p545(v122) p288(v57)
    - neighboring facets: f563 f570 f568
- f570
    - flags: top simplicial
    - normal:   -0.7483  -0.6634  0.00677
    - offset: -0.04369173
    - vertices: p463(v123) p288(v57) p149(v28)
    - neighboring facets: f416 f571 f569
- f571
    - flags: bottom simplicial
    - normal:   -0.6787  -0.7344 -0.004007
    - offset: -0.04247985
    - vertices: p463(v123) p426(v90) p149(v28)
    - neighboring facets: f403 f570 f566
- f572
    - flags: top simplicial
    - normal:    0.8006  -0.5606  -0.2113
    - offset: -0.02756987
    - vertices: p451(v124) p746(v107) p158(v71)
    - neighboring facets: f487 f575 f574
- f573
    - flags: bottom simplicial
    - normal:    0.6115  -0.7165  -0.3357
    - offset: -0.02548225
    - vertices: p451(v124) p875(v72) p852(v36)
    - neighboring facets: f551 f576 f574
- f574
    - flags: bottom simplicial
    - normal:    0.6639   -0.707  -0.2435
    - offset: -0.02678485
    - vertices: p451(v124) p746(v107) p875(v72)
    - neighboring facets: f486 f573 f572
- f575
    - flags: top simplicial
    - normal:    0.6382  -0.2635  -0.7234
    - offset: -0.01740393
    - vertices: p451(v124) p158(v71) p208(v9)
    - neighboring facets: f313 f579 f572
- f576
    - flags: top simplicial
    - normal:  0.008185 -0.06938  -0.9976
    - offset: 0.001264818
    - vertices: p451(v124) p177(v121) p852(v36)
    - neighboring facets: f555 f573 f577
- f577
    - flags: bottom simplicial
    - normal:  0.007093 -0.06012  -0.9982
    - offset: 0.001448756
    - vertices: p451(v124) p177(v121) p533(v104)
    - neighboring facets: f559 f578 f576
- f578
    - flags: bottom simplicial
    - normal:    0.1218 -0.03958  -0.9918
    - offset: -0.0008879456
    - vertices: p451(v124) p533(v104) p268(v45)
    - neighboring facets: f465 f580 f577
- f579
    - flags: bottom simplicial
    - normal:    0.1928 -0.04327  -0.9803
    - offset: -0.002633877
    - vertices: p451(v124) p996(v103) p208(v9)
    - neighboring facets: f462 f575 f580
- f580
    - flags: top simplicial
    - normal:    0.1679 -0.03768  -0.9851
    - offset: -0.001947498
    - vertices: p451(v124) p996(v103) p268(v45)
    - neighboring facets: f462 f578 f579
- f581
    - flags: top simplicial
    - normal:   0.01155    0.996 -0.08895
    - offset: -0.07767541
    - vertices: p161(v125) p64(v74) p958(v21)
    - neighboring facets: f607 f582 f583
- f582
    - flags: bottom simplicial
    - normal:   0.04608   0.9904  -0.1302
    - offset: -0.07654147
    - vertices: p161(v125) p806(v108) p958(v21)
    - neighboring facets: f588 f581 f583
- f583
    - flags: top simplicial
    - normal:    0.0899   0.9914 -0.09499
    - offset: -0.07969147
    - vertices: p161(v125) p806(v108) p64(v74)
    - neighboring facets: f586 f581 f582
- f584
    - flags: bottom simplicial
    - normal:    0.3871    0.918 -0.08607
    - offset: -0.08486447
    - vertices: p994(v126) p64(v74) p986(v40)
    - neighboring facets: f353 f585 f586
- f585
    - flags: top simplicial
    - normal:    0.3582    0.929 -0.09298
    - offset: -0.08430238
    - vertices: p994(v126) p806(v108) p986(v40)
    - neighboring facets: f495 f584 f586
- f586
    - flags: bottom simplicial
    - normal:    0.2324   0.9681 -0.09405
    - offset: -0.08293035
    - vertices: p994(v126) p806(v108) p64(v74)
    - neighboring facets: f583 f584 f585
- f587
    - flags: bottom simplicial
    - normal:    0.1011   0.9693  -0.2241
    - offset: -0.07309082
    - vertices: p303(v127) p524(v75) p958(v21)
    - neighboring facets: f335 f588 f589
- f588
    - flags: top simplicial
    - normal:   0.08159   0.9801  -0.1808
    - offset: -0.0748162
    - vertices: p303(v127) p806(v108) p958(v21)
    - neighboring facets: f582 f587 f589
- f589
    - flags: bottom simplicial
    - normal:    0.1274   0.9641  -0.2332
    - offset: -0.07291448
    - vertices: p303(v127) p806(v108) p524(v75)
    - neighboring facets: f493 f587 f588
- f590
    - flags: top simplicial
    - normal:    0.8356   0.1726  -0.5216
    - offset: -0.02266309
    - vertices: p269(v128) p392(v11) p208(v9)
    - neighboring facets: f198 f591 f592
- f591
    - flags: bottom simplicial
    - normal:    0.8752   0.1527  -0.4591
    - offset: -0.02410803
    - vertices: p269(v128) p806(v108) p208(v9)
    - neighboring facets: f495 f590 f592
- f592
    - flags: top simplicial
    - normal:    0.8472   0.1752  -0.5015
    - offset: -0.0231281
    - vertices: p269(v128) p806(v108) p392(v11)
    - neighboring facets: f493 f590 f591
- f593
    - flags: top simplicial
    - normal:    0.9984  0.05729 -0.0001471
    - offset: -0.04437104
    - vertices: p32(v129) p448(v39) p848(v10)
    - neighboring facets: f440 f594 f595
- f594
    - flags: bottom simplicial
    - normal:    0.9848   0.1735 -0.0004457
    - offset: -0.05283175
    - vertices: p32(v129) p112(v109) p848(v10)
    - neighboring facets: f497 f593 f595
- f595
    - flags: top simplicial
    - normal:    0.9987  0.05102 -0.009708
    - offset: -0.04320019
    - vertices: p32(v129) p112(v109) p448(v39)
    - neighboring facets: f598 f593 f594
- f596
    - flags: bottom simplicial
    - normal:    0.9977 -0.008521 -0.06662
    - offset: -0.03572125
    - vertices: p984(v130) p448(v39) p617(v1)
    - neighboring facets: f439 f597 f598
- f597
    - flags: top simplicial
    - normal:    0.9957 -0.02237 -0.09017
    - offset: -0.03283634
    - vertices: p984(v130) p112(v109) p617(v1)
    - neighboring facets: f501 f596 f598
- f598
    - flags: bottom simplicial
    - normal:    0.9975 -0.005559 -0.07057
    - offset: -0.03532052
    - vertices: p984(v130) p112(v109) p448(v39)
    - neighboring facets: f595 f596 f597
- f599
    - flags: bottom simplicial
    - normal:  0.0003572   0.9949   0.1008
    - offset: -0.09271563
    - vertices: p31(v131) p781(v110) p465(v20)
    - neighboring facets: f505 f601 f600
- f600
    - flags: bottom simplicial
    - normal:  2.275e-06   0.9974  0.07229
    - offset: -0.09011563
    - vertices: p31(v131) p153(v111) p781(v110)
    - neighboring facets: f513 f599 f602
- f601
    - flags: top simplicial
    - normal:  0.003229   0.9949   0.1006
    - offset: -0.09278877
    - vertices: p31(v131) p973(v79) p465(v20)
    - neighboring facets: f355 f599 f602
- f602
    - flags: top simplicial
    - normal:  0.009955   0.9953  0.09678
    - offset: -0.09266371
    - vertices: p31(v131) p153(v111) p973(v79)
    - neighboring facets: f507 f601 f600
- f603
    - flags: bottom simplicial
    - normal:   -0.1806   0.8774  -0.4445
    - offset: -0.06167327
    - vertices: p526(v132) p378(v112) p58(v43)
    - neighboring facets: f521 f604 f620
- f604
    - flags: top simplicial
    - normal:   -0.0571   0.9884  -0.1405
    - offset: -0.07638193
    - vertices: p526(v132) p472(v89) p58(v43)
    - neighboring facets: f397 f603 f608
- f607
    - flags: bottom simplicial
    - normal:  0.003725   0.9964  -0.0843
    - offset: -0.07775816
    - vertices: p526(v132) p64(v74) p958(v21)
    - neighboring facets: f581 f618 f608
- f608
    - flags: bottom simplicial
    - normal:  -0.003146    0.997 -0.07778
    - offset: -0.07801096
    - vertices: p526(v132) p472(v89) p64(v74)
    - neighboring facets: f531 f607 f604
- f610
    - flags: bottom simplicial
    - normal:    0.0337  -0.9983 -0.04688
    - offset: -0.03670166
    - vertices: p854(v133) p567(v116) p921(v8)
    - neighboring facets: f537 f625 f622
- f613
    - flags: top simplicial
    - normal:   -0.6794  -0.3454  -0.6474
    - offset: -0.02065592
    - vertices: p552(v134) p545(v122) p391(v14)
    - neighboring facets: f561 f615 f614
- f614
    - flags: bottom simplicial
    - normal:   -0.8625  -0.4921  -0.1177
    - offset: -0.02921903
    - vertices: p552(v134) p545(v122) p822(v92)
    - neighboring facets: f563 f616 f613
- f615
    - flags: bottom simplicial
    - normal:   -0.9163  -0.3834  -0.1158
    - offset: -0.02903134
    - vertices: p552(v134) p629(v56) p391(v14)
    - neighboring facets: f394 f613 f616
- f616
    - flags: bottom simplicial
    - normal:   -0.9078  -0.4035  -0.1143
    - offset: -0.02910994
    - vertices: p552(v134) p822(v92) p629(v56)
    - neighboring facets: f415 f615 f614
- f617
    - flags: top simplicial
    - normal:   0.03879   0.8752  -0.4823
    - offset: -0.05896357
    - vertices: p421(v135) p222(v44) p958(v21)
    - neighboring facets: f335 f618 f619
- f618
    - flags: bottom simplicial
    - normal:   0.01898   0.9029  -0.4294
    - offset: -0.0622648
    - vertices: p421(v135) p526(v132) p958(v21)
    - neighboring facets: f607 f617 f620
- f619
    - flags: top simplicial
    - normal:    0.0178   0.8629   -0.505
    - offset: -0.05766792
    - vertices: p421(v135) p378(v112) p222(v44)
    - neighboring facets: f514 f617 f620
- f620
    - flags: top simplicial
    - normal:  -0.03841   0.8757  -0.4814
    - offset: -0.05941588
    - vertices: p421(v135) p526(v132) p378(v112)
    - neighboring facets: f603 f619 f618
- f621
    - flags: bottom simplicial
    - normal:    -0.293   -0.955 -0.04601
    - offset: -0.03743855
    - vertices: p550(v136) p560(v117) p567(v116)
    - neighboring facets: f540 f622 f623
- f622
    - flags: top simplicial
    - normal:   -0.2427  -0.9689  0.04858
    - offset: -0.04811468
    - vertices: p550(v136) p854(v133) p567(v116)
    - neighboring facets: f610 f621 f625
- f623
    - flags: top simplicial
    - normal:   -0.4668  -0.8731   0.1411
    - offset: -0.05802226
    - vertices: p550(v136) p560(v117) p426(v90)
    - neighboring facets: f539 f624 f621
- f624
    - flags: top simplicial
    - normal:   -0.1561  -0.4819   0.8622
    - offset: -0.1203897
    - vertices: p550(v136) p426(v90) p921(v8)
    - neighboring facets: f405 f625 f623
- f625
    - flags: bottom simplicial
    - normal:   -0.1254  -0.8854   0.4477
    - offset: -0.08877345
    - vertices: p550(v136) p854(v133) p921(v8)
    - neighboring facets: f610 f624 f622
- f626
    - flags: bottom simplicial tricoplanar keepcentrum
    - owner of normal & centrum is facet f626
    - normal:         0       -0        1
    - offset:  -0.136962
    - center: 0.002405217 0.05226598 0.136962 
    - vertices: p749(v63) p141(v61) p655(v30)
    - neighboring facets: f268 f273 f628
- f627
    - flags: bottom simplicial tricoplanar
    - owner of normal & centrum is facet f626
    - normal:         0       -0        1
    - offset:  -0.136962
    - center: 0.002405217 0.05226598 0.136962 
    - vertices: p749(v63) p117(v33) p870(v16)
    - neighboring facets: f451 f628 f274
- f628
    - flags: top simplicial tricoplanar
    - owner of normal & centrum is facet f626
    - normal:         0       -0        1
    - offset:  -0.136962
    - center: 0.002405217 0.05226598 0.136962 
    - vertices: p749(v63) p141(v61) p870(v16)
    - neighboring facets: f267 f627 f626
- f631
    - flags: bottom simplicial tricoplanar keepcentrum
    - owner of normal & centrum is facet f631
    - normal:         0        0       -1
    - offset: -0.000362644
    - center: 0.002236064166666666 0.04109496666666666 -0.000362644 
    - vertices: p569(v113) p533(v104) p824(v42)
    - neighboring facets: f559 f633 f634
- f632
    - flags: bottom simplicial tricoplanar
    - owner of normal & centrum is facet f631
    - normal:         0        0       -1
    - offset: -0.000362644
    - center: 0.002236064166666666 0.04109496666666666 -0.000362644 
    - vertices: p569(v113) p357(v83) p597(v23)
    - neighboring facets: f368 f634 f524
- f633
    - flags: top simplicial tricoplanar
    - owner of normal & centrum is facet f631
    - normal:         0        0       -1
    - offset: -0.000362644
    - center: 0.002236064166666666 0.04109496666666666 -0.000362644 
    - vertices: p569(v113) p686(v82) p824(v42)
    - neighboring facets: f365 f631 f523
- f634
    - flags: top simplicial tricoplanar
    - owner of normal & centrum is facet f631
    - normal:         0        0       -1
    - offset: -0.000362644
    - center: 0.002236064166666666 0.04109496666666666 -0.000362644 
    - vertices: p569(v113) p533(v104) p597(v23)
    - neighboring facets: f465 f632 f631
