3
1000 190 285
0.00420685 -0.0301474 -0.0367348 
-0.0333359 -0.00324348 -0.0465966 
0.0212462 0.00583106 -0.0541101 
0.0128012 -0.00226851 -0.12061 
0.0267783 -0.0075115 -0.187566 
-0.0142445 -0.0255115 -0.0991075 
0.0185 0.0150572 -0.0974092 
-0.00406572 -0.0255115 -0.11903 
-0.021 -0.0228155 -0.132164 
0.00065296 -0.00941436 -0.172563 
0.012534 -0.0255115 -0.07054000000000001 
0.0192095 -0.00608011 -0.185723 
-0.0124957 -0.0255115 -0.08009869999999999 
0.0087524 0.0084885 -0.115388 
0.0125312 0.0064885 -0.08251840000000001 
0.00560546 -0.0330392 -0.0380158 
0.0185 -0.022753 -0.172865 
-0.021 -0.0103002 -0.1779 
0.0132688 -0.0314829 -0.037095 
-0.0273769 -0.0232262 -0.195104 
0.0198127 0.00604888 -0.177347 
0.0181322 -0.0312081 -0.0255281 
0.0145759 -0.00493001 -0.06363439999999999 
-0.016 -0.0249121 -0.145498 
-0.0227248 -0.0205113 -0.164435 
-0.00034463 -0.0290115 -0.0808686 
-0.0295 -0.0200149 -0.196885 
-0.008741189999999999 0.0245426 -0.0465681 
-0.0265 -0.0114063 -0.201711 
0.0182634 -0.00136419 -0.173842 
-0.0104131 0.027343 -0.0613142 
-0.0209821 -0.0166424 -0.172945 
0.000624413 -0.0293453 -0.0671496 
-0.0323631 -0.00454813 -0.0226105 
-0.000503171 -0.00982916 -0.07261049999999999 
0.00916025 0.0210934 -0.180611 
-0.0164409 0.0213725 -0.0930757 
-0.0276383 0.0102178 -0.061352 
-0.016 0.0218101 -0.143625 
0.023693 -0.0230074 -0.0347581 
0.0221008 -0.0202359 -0.0258019 
0.00720728 -0.0255115 -0.07472910000000001 
-0.016 0.0127218 -0.0748115 
0.0015 0.00192491 -0.115492 
0.00777791 -0.0224881 -0.123611 
0.00371569 -0.0183377 -0.173079 
0.0266915 -0.0072911 -0.0629007 
-0.0190342 -0.0292488 -0.0319989 
-0.0302852 -0.0118012 -0.0356779 
-0.00852663 0.00199201 -0.122611 
0.0145791 -0.0290115 -0.143973 
-0.0155634 -0.0243039 -0.0464936 
-0.0015 0.00137735 -0.119232 
0.0185 0.0155332 -0.0971765 
0.000635183 -0.034422 -0.0483407 
-0.00090051 0.0309531 -0.0245629 
-0.00659092 -0.0247647 -0.123611 
-0.0303525 -0.0115861 -0.04944 
-0.00480425 0.0169406 -0.0575101 
0.00623688 -0.0298092 -0.0258608 
-0.0295 0.0170868 -0.220017 
-0.00107004 -0.0101759 -0.122611 
0.00225896 0.0064885 -0.116555 
-0.0303899 0.015677 -0.0351228 
-0.00800092 -0.0215115 -0.171795 
0.00115062 0.0084885 -0.109462 
0.0114363 -0.00373588 -0.12061 
0.0177381 0.025448 -0.157104 
-0.0278172 0.00661491 -0.0359772 
-0.0186247 -0.0305709 -0.0360979 
 0.031 0.00445758 -0.221792 
-0.0273728 0.00790282 -0.0384744 
-0.0140397 0.00154544 -0.122611 
-0.017498 -0.00695172 -0.0656105 
-0.0102762 -0.0290115 -0.102734 
0.0298596 -0.00410884 -0.185642 
-0.00334009 -0.0179937 -0.059752 
-0.016 0.0202608 -0.0890678 
0.008475450000000001 0.0084885 -0.110787 
0.00518624 0.0301451 -0.0469524 
-0.00367716 -0.0290115 -0.0742958 
-0.0164694 -0.0171729 -0.0538456 
-0.0265 0.00782649 -0.184074 
-0.0267887 -0.012609 -0.0372917 
-0.0209131 -0.0176441 -0.122611 
-0.016 -0.0254406 -0.147116 
0.0149544 -0.0246235 -0.0466913 
-0.0274191 -0.0231899 -0.197693 
-0.008835819999999999 -0.029018 -0.0366809 
-0.0221097 -0.0273946 -0.167092 
0.000312102 -0.0266285 -0.174201 
0.0275876 0.0044885 -0.187733 
0.0158498 -0.016103 -0.0550153 
-0.0267029 -0.0103637 -0.203572 
0.00747063 -0.0300285 -0.0226144 
0.0202654 0.0172576 -0.07380249999999999 
-0.0304856 0.0134018 -0.0405079 
-0.0299181 0.00412302 -0.0567438 
-0.016 0.0107049 -0.1118 
-0.02038 0.0233205 -0.0280825 
0.0165439 0.0064885 -0.106714 
 0.031 -0.00567246 -0.227396 
-0.0285713 0.0186759 -0.212286 
0.0256457 -0.0128362 -0.0646925 
0.0141135 -0.0180697 -0.122611 
2.34173e-05 -0.0149861 -0.170611 
0.0015 -0.0158397 -0.102826 
0.0015 -0.0176725 -0.0865817 
0.008868600000000001 0.0064885 -0.108732 
-0.021 0.0179158 -0.101958 
-0.0100733 -0.0255115 -0.0937548 
0.00455739 0.0018094 -0.173649 
7.40591e-05 -0.0290115 -0.102471 
0.0137276 -0.0045699 -0.120611 
0.0134573 0.0251611 -0.126579 
0.000792903 -0.0247278 -0.123611 
-0.0224902 -0.0197458 -0.0285647 
0.0232225 -0.00551311 -0.189248 
0.0146311 -0.0269483 -0.171233 
0.0256548 -0.0113338 -0.0646769 
-0.0188381 -0.0223034 -0.161519 
0.0111463 0.028529 -0.049317 
0.000824204 0.0163772 -0.0586406 
-0.00925316 -0.0286232 -0.0417525 
 0.016 0.0136964 -0.0719482 
-0.021 0.0241738 -0.141362 
0.0015 -0.00837472 -0.111749 
0.00377274 -0.00174156 -0.122611 
0.0060776 0.0018305 -0.12061 
-0.0304552 -0.0163847 -0.0457632 
-0.033534 0.00110825 -0.0297578 
-0.016061 -0.0278115 -0.0616904 
-0.016 0.0201245 -0.088667 
-0.00818956 0.0142257 -0.0588397 
-0.00267809 0.0237552 -0.172812 
0.00340026 -0.0141966 -0.180611 
-0.0261272 0.0134324 -0.225883 
-0.0295 -0.00256761 -0.18597 
0.0300128 0.0097045 -0.0544016 
-0.0295 -0.0177508 -0.228601 
-0.021 0.00666451 -0.119617 
0.0345632 -0.009649609999999999 -0.223938 
-0.0244708 0.0191178 -0.044018 
-0.0208508 0.0257555 -0.154251 
-0.0227973 -0.0187646 -0.0423106 
0.0257791 0.0114484 -0.0397989 
0.008730979999999999 -0.0282465 -0.08033129999999999 
-0.0137664 0.0239831 -0.0244682 
-0.016 0.0103237 -0.07420640000000001 
0.0229113 0.0207125 -0.0498413 
0.0189254 -0.0296789 -0.0287822 
-0.016 0.009689420000000001 -0.110843 
0.0115746 0.0176718 -0.0656105 
-0.008502539999999999 -0.0215115 -0.177871 
0.0284751 0.00382951 -0.0313416 
-0.00752852 -0.0255115 -0.07596319999999999 
-0.0015 0.00195811 -0.08658109999999999 
0.0132761 0.0064885 -0.0805655 
-0.0285958 -0.00225617 -0.0426855 
-0.00840568 -0.0323773 -0.0352661 
-0.00270498 0.0064885 -0.0855707 
-0.00550043 -0.0211097 -0.178391 
-0.00935486 -0.0255115 -0.067258 
-0.0015 -0.00385113 -0.0899117 
-0.017624 -0.0195115 -0.12754 
0.0138574 -0.0225115 -0.178122 
-0.0202067 -0.0284874 -0.156951 
0.0160196 0.0249162 -0.162039 
-0.0150474 -0.0265901 -0.100718 
0.0304679 -0.0184015 -0.0374151 
0.0239431 0.00629917 -0.06605519999999999 
0.0015 -0.00121262 -0.0895445 
0.010375 -0.0203718 -0.180611 
 0.035 -0.008185380000000001 -0.224837 
-0.0298256 -0.00519795 -0.056854 
0.007994090000000001 0.0084885 -0.100622 
0.00238427 0.0123505 -0.120611 
-0.0220431 0.0172289 -0.0314223 
-0.0245 0.014803 -0.201722 
-0.00423662 -0.0255115 -0.0989302 
-0.021 0.0111864 -0.0859192 
-0.0148787 0.0084885 -0.0764947 
-0.0176301 0.0256911 -0.141158 
0.0208866 0.0019885 -0.18331 
-0.032812 -0.00476561 -0.0481679 
-0.016847 -0.0272118 -0.168789 
0.0185 0.0187162 -0.107466 
0.00691889 0.0064885 -0.109005 
-0.0219878 -0.0169719 -0.168293 
0.0284958 -0.0181287 -0.0234644 
0.009896530000000001 -0.0255115 -0.118734 
0.0149718 -0.0319945 -0.0287818 
-0.021 -0.0282452 -0.134779 
-0.0160155 -0.0283401 -0.0597819 
-0.0265 0.0111583 -0.193221 
-0.0282407 0.0153608 -0.0247878 
-0.021 0.00853484 -0.079474 
-0.00313666 -0.0255115 -0.117754 
-0.0187995 0.0064885 -0.0996074 
0.0179614 -0.0120907 -0.055705 
-0.016 0.0174243 -0.0750697 
0.0122777 0.0064885 -0.09751310000000001 
-0.0295 0.00118178 -0.237162 
0.00323135 -0.0165141 -0.176611 
-0.0156167 0.0184885 -0.174742 
-0.009852629999999999 0.0257059 -0.0308009 
0.031875 -0.00619659 -0.0338645 
0.0135 0.0220833 -0.155718 
-0.019157 0.0201533 -0.0395997 
0.01475 0.00334445 -0.173856 
0.000104381 -0.0290115 -0.0812898 
-0.0108375 -0.0255115 -0.09244520000000001 
-0.0231542 0.0158808 -0.0289026 
-0.0299204 0.0108353 -0.0438474 
-0.0015 -0.00135866 -0.105993 
-0.0208365 0.0147304 -0.181152 
0.031022 0.00100298 -0.228274 
-0.021 0.0229428 -0.135156 
0.0185 -0.0256706 -0.122078 
0.00381262 -0.0290115 -0.100024 
0.0015 -0.0228203 -0.0794638 
-0.009269970000000001 -0.0124759 -0.12061 
0.0271015 -0.01169 -0.0301483 
0.0184104 0.0133033 -0.0527683 
0.0159286 0.0221416 -0.119877 
0.0184841 -0.0237699 -0.0233469 
 0.031 -0.000912569 -0.205222 
-0.0300862 -0.0124807 -0.0329845 
0.011725 -0.0290956 -0.06513099999999999 
0.0153238 0.008315660000000001 -0.122611 
-0.0265 -0.0109321 -0.195551 
0.00907935 -0.0321744 -0.0448828 
-0.009914070000000001 -0.0263194 -0.177069 
0.00847009 0.0084885 -0.0950284 
0.0100376 0.0139599 -0.0581365 
-0.0131738 0.0064885 -0.0952403 
-0.0266698 -0.00291717 -0.0482321 
0.0175095 -0.0195115 -0.133338 
0.0167783 -0.0255115 -0.0673878 
-0.0304113 -0.018657 -0.0232461 
0.0232608 -0.00307341 -0.1823 
-0.0254266 -0.0187892 -0.0617583 
0.0233196 -0.0234245 -0.0228064 
0.0304285 -0.0182186 -0.0399782 
0.0230059 -0.023658 -0.0450965 
0.0157322 0.0252481 -0.0267929 
0.00715521 -0.0132306 -0.12061 
0.0185 0.012863 -0.110083 
0.00255956 0.0135635 -0.0615932 
-0.000605673 0.0084885 -0.0964444 
0.00138623 -0.0206648 -0.176611 
-0.0207319 0.019726 -0.103238 
-0.0152145 0.0222694 -0.0443308 
-0.0103553 0.025343 -0.0409506 
0.007921620000000001 0.0084885 -0.08514049999999999 
0.0324662 0.00691588 -0.223754 
 0.016 0.00931214 -0.0936467 
-0.021 0.0119805 -0.106832 
0.0015 -0.0164744 -0.110993 
0.0135 0.0227529 -0.144633 
-0.00661747 -0.0255115 -0.11243 
0.000190655 0.00323151 -0.173451 
0.0350666 0.00581051 -0.222481 
-0.0166017 0.0183273 -0.171761 
0.0015 -0.0182975 -0.0680969 
-0.00708801 -0.0265201 -0.049529 
 0.035 0.00193452 -0.209519 
0.0156165 -0.0258417 -0.0716941 
0.0250316 -0.015961 -0.0372672 
-0.0119996 0.024594 -0.0417141 
-0.00486335 0.0270301 -0.0288573 
0.0142417 -0.0220478 -0.135054 
-0.021 -0.0114542 -0.18087 
-0.0015 -0.0131085 -0.110096 
-0.00049537 -0.0363863 -0.0242844 
0.00835321 -0.0255115 -0.105536 
0.0253718 -0.0075115 -0.183951 
-0.0243637 -0.00668062 -0.19475 
-0.0197359 -0.0268592 -0.172061 
0.0178612 0.0219174 -0.10211 
0.00243272 0.00142367 -0.122611 
-0.0289693 0.0181201 -0.21274 
0.0189471 -0.0080249 -0.0565646 
-0.0146361 -0.0255115 -0.07711709999999999 
-0.00339279 0.0206364 -0.170611 
0.00306926 0.0064885 -0.11612 
-0.00128586 0.00366368 -0.180611 
-0.0327823 -0.00320978 -0.0487115 
0.0219724 0.0216716 -0.0442345 
-0.021 0.0187019 -0.129761 
0.009348469999999999 0.0084885 -0.0995595 
0.0236974 -0.0108214 -0.0505925 
-0.008438920000000001 -0.0291936 -0.0268885 
0.00685441 0.00573026 -0.180611 
0.00590062 0.0162305 -0.12061 
-0.0245 0.0136581 -0.229087 
0.0321511 -0.00525663 -0.0508707 
-0.0302049 0.0124461 -0.0344396 
-0.0172473 0.0182503 -0.178218 
-0.016 0.00975403 -0.0780613 
0.0185 -0.0248944 -0.143025 
0.0262482 -0.020914 -0.043394 
-0.0140259 -0.0255115 -0.0988704 
0.00724926 0.0117505 -0.0621389 
-0.0287875 -0.0133595 -0.0226105 
0.008025880000000001 0.0064885 -0.115687 
0.0121509 -0.0268685 -0.090143 
0.00486888 0.0194885 -0.180072 
-0.0191437 0.019516 -0.0944543 
0.0164958 -0.0290115 -0.124953 
0.0350515 0.000149935 -0.22806 
0.0185 0.0125354 -0.0852721 
0.0185 0.0186019 -0.09846290000000001 
-0.0015 -0.0223121 -0.101811 
-0.0184883 0.0178234 -0.165465 
-0.008756190000000001 -0.0176321 -0.120611 
-0.0206664 0.0164885 -0.124925 
 0.035 -0.00198519 -0.224328 
0.00450701 0.0206132 -0.123611 
-0.0267616 0.009638519999999999 -0.0334725 
-0.016 0.0194501 -0.116019 
0.0258345 0.0044885 -0.188122 
-0.008982769999999999 0.0291043 -0.0302673 
-0.0015 -0.0074504 -0.108553 
0.00558571 0.0148437 -0.180611 
0.0141937 -0.026591 -0.0398503 
-0.0245 0.0155994 -0.199441 
0.0266589 -0.0155682 -0.0226105 
0.0185 0.0237937 -0.145463 
-0.00476066 -0.0333305 -0.0409934 
0.0227512 0.000323299 -0.0656105 
0.0167248 -0.0255115 -0.101809 
0.0083996 0.0222838 -0.0508013 
-0.0245 0.0179926 -0.204887 
-0.0248074 -0.0165229 -0.0376908 
0.000951072 0.0142464 -0.0608005 
-0.0015 0.00380595 -0.0964392 
0.0185 0.0237672 -0.160833 
0.00272926 -0.0349355 -0.0246007 
-0.0192509 -0.0271579 -0.113276 
0.0187993 0.0059968 -0.176611 
-0.0200695 -0.0195115 -0.126906 
-0.0306277 0.00768135 -0.0430948 
-0.000725622 0.0259971 -0.0656105 
-0.0134499 -0.0255115 -0.09809859999999999 
-0.02851 0.0022926 -0.0404976 
-0.0015 -0.0152447 -0.0948799 
-0.012472 -0.0255115 -0.110241 
0.0113129 0.0084885 -0.09293990000000001 
-0.00994539 0.0064885 -0.10545 
0.0067504 -0.0250466 -0.06577959999999999 
-0.0015 -0.0165266 -0.118191 
-0.0169453 0.020175 -0.141563 
0.00998785 0.0281779 -0.0580134 
0.0185 0.0166699 -0.113757 
-0.00329292 -0.0255115 -0.0827481 
0.0185 0.0128031 -0.106309 
0.00525344 0.0269708 -0.0239942 
-0.0199588 0.0064885 -0.116977 
-0.00729093 0.0170962 -0.120611 
0.0193244 -0.0280624 -0.0340926 
-0.000360327 -0.0290115 -0.115317 
0.00561479 -0.0255115 -0.116322 
-0.00154188 -0.0290115 -0.113261 
0.0156315 0.0064885 -0.109023 
-0.0295 0.011688 -0.212112 
-0.0295 -0.00120125 -0.235438 
-0.0194717 -0.0255115 -0.112704 
-0.0239797 0.016369 -0.0658261 
0.0120872 0.0154298 -0.0656105 
-0.0168476 0.0235313 -0.109905 
-0.0210827 0.0225512 -0.0318408 
-0.0152517 0.0254822 -0.0608874 
-0.0265 0.0035904 -0.200775 
-0.00753128 0.0084885 -0.087799 
0.032799 -0.0075115 -0.198344 
-0.00693859 -0.0327231 -0.0415387 
0.010779 0.00538723 -0.181168 
0.0259166 -0.0143824 -0.0255753 
0.0165436 0.0064885 -0.0982898 
0.00378319 0.0271795 -0.0381387 
-0.0203684 0.0190966 -0.0294118 
-0.0245 0.0161583 -0.204261 
0.00219358 -0.0354518 -0.0270523 
-0.0204903 0.0155821 -0.173226 
-0.0015 -0.0128519 -0.0758639 
0.0108789 -0.0217696 -0.0535052 
0.0177347 -0.00436563 -0.180705 
-0.00617221 -0.0315758 -0.0574121 
0.009220860000000001 0.0290901 -0.0375167 
-0.00748285 0.026183 -0.0413409 
-0.0248656 0.0133842 -0.0243529 
-0.00665235 -0.0244804 -0.180611 
0.00314403 0.0112146 -0.12261 
-0.0130457 0.0084885 -0.118766 
0.015247 0.00766784 -0.172082 
-0.0265 -0.0107734 -0.190487 
-0.0265 0.00363059 -0.18534 
-0.00168899 -0.0283357 -0.0478911 
0.0185 0.0173171 -0.112936 
-0.0118707 -0.0255115 -0.09021609999999999 
-0.0295 0.00456219 -0.206881 
-0.0015 -0.00342075 -0.0840979 
-0.00383788 0.0307852 -0.0277069 
 0.035 0.00160855 -0.212406 
-0.0015 0.00152109 -0.115282 
0.0135 -0.0284714 -0.132457 
0.0159699 0.0152506 -0.0534111 
0.0015 0.00477595 -0.105849 
0.0148555 -0.00246909 -0.0644127 
0.013283 -0.0257248 -0.127801 
-0.0303715 -0.0105521 -0.0226105 
-0.01779 -2.52109e-05 -0.122611 
0.0182701 -0.00413375 -0.0656105 
-0.0115056 0.0284379 -0.0524952 
0.0227227 -0.023996 -0.0298453 
-0.0265 -0.00706852 -0.190105 
-0.00594322 -0.0290115 -0.106351 
0.0103123 -0.0218738 -0.176611 
0.009217909999999999 -0.0255115 -0.06680510000000001 
-0.0086138 -0.0286038 -0.0939407 
-0.0038558 -0.0290115 -0.08187469999999999 
-0.0172689 0.0261251 -0.0538874 
0.035438 -0.008515429999999999 -0.219872 
0.00364577 -0.00774992 -0.120611 
-0.0244382 -0.0142544 -0.19522 
0.0238707 0.0197858 -0.0334294 
-0.00110159 0.00205793 -0.07261049999999999 
0.0084373 -0.0290115 -0.102248 
-0.000255278 0.0315914 -0.0475927 
0.0308233 0.0044885 -0.200337 
-0.0288864 0.000110097 -0.0330346 
-0.0254733 -0.0190664 -0.0608622 
0.00030683 -0.0174376 -0.122611 
0.0185 0.0124448 -0.17911 
0.013812 -0.019308 -0.0540382 
-0.0228724 -0.0088711 -0.0523343 
-0.0015 -0.00727903 -0.0956207 
-0.0015 0.00198857 -0.102019 
-0.0281904 -0.0222001 -0.183113 
-0.00444799 0.0150583 -0.0656105 
-0.026033 0.0111046 -0.0290259 
0.0127548 0.0116145 -0.178611 
0.0155515 0.0164885 -0.128481 
-0.0275887 0.017532 -0.0486732 
0.0177995 0.0131625 -0.17661 
-0.00370106 -0.0290115 -0.0894938 
-0.0111466 0.0084885 -0.0811103 
0.0271189 0.0176283 -0.0463527 
-0.0219533 -0.0164594 -0.187418 
-0.0279351 -0.0130425 -0.236636 
-0.028943 -0.00208989 -0.0249196 
0.0137611 0.0084885 -0.108102 
-0.002 -0.00488355 -0.179312 
0.00721774 0.0218368 -0.0656105 
-0.00724738 0.0248159 -0.12202 
-0.0175266 -0.0249007 -0.0657148 
-0.0285 -0.014663 -0.21216 
-0.029968 0.0104967 -0.0368276 
-0.016 0.0101709 -0.076025 
-0.0347989 -0.00129671 -0.0370046 
0.0275551 -0.00902436 -0.0424984 
0.0127258 0.0084885 -0.109729 
0.023182 0.020467 -0.0428677 
-0.0275593 0.0199786 -0.197331 
-0.0176905 -0.021072 -0.16588 
0.0015 0.00473386 -0.08090120000000001 
-0.0195161 0.0186958 -0.0822114 
0.00598869 0.0172599 -0.176611 
-0.00119794 -0.00840523 -0.07261049999999999 
-0.0182929 -0.00226714 -0.0656105 
0.0143851 -0.0104257 -0.122611 
0.00475 0.0066778 -0.175952 
-0.0221347 -0.00621605 -0.187774 
-0.0015 -0.000423729 -0.0856756 
-0.028354 -0.0128077 -0.0599948 
0.0166628 0.0147456 -0.180611 
-0.016 0.0249129 -0.137301 
-0.0151263 0.0232118 -0.0656282 
-0.0036558 0.0191317 -0.170611 
-0.0071792 0.026488 -0.0364527 
-0.0300629 0.00964774 -0.0368826 
-0.00376263 0.0084885 -0.09565800000000001 
-0.021 0.0130457 -0.110692 
-0.0181891 0.0159947 -0.0508654 
-0.00393028 -0.0255115 -0.086483 
0.0015 0.00349726 -0.0773735 
-0.0302923 -0.0157922 -0.0251251 
-0.00224508 0.0084885 -0.105612 
-0.012102 0.0084885 -0.07893509999999999 
-0.0158281 -0.0177632 -0.120611 
-0.021 0.009147239999999999 -0.173396 
-0.0170363 0.0215392 -0.155098 
-0.0295 0.0114344 -0.210633 
0.027883 0.00623613 -0.0306644 
-0.0304818 -0.0164789 -0.0311335 
-0.0271665 -0.0205383 -0.226222 
-0.00164242 -0.0198702 -0.12061 
0.00840602 -0.0179696 -0.17661 
0.0172659 0.0206113 -0.08696429999999999 
0.0151488 0.0185632 -0.0656313 
0.0304627 0.0149322 -0.0412138 
-0.0212643 -0.0129639 -0.0520954 
-0.0300357 -0.0192947 -0.0280074 
 0.016 0.0171924 -0.0981452 
0.0125898 -0.0149072 -0.0656105 
0.0127499 0.0183247 -0.168128 
0.0253202 0.0123865 -0.0383657 
0.0244982 0.00564754 -0.0656317 
-0.0156329 -0.0270739 -0.170068 
0.0185 0.0167516 -0.118963 
-0.0134962 -0.0315719 -0.0356245 
0.00337446 0.0084885 -0.081257 
0.0179517 0.00681135 -0.17235 
-0.0295 0.008496119999999999 -0.235882 
-0.0259551 0.00623852 -0.0474652 
-0.0265 -0.009616629999999999 -0.192297 
-0.0015 -0.0252109 -0.0968538 
0.0127454 -0.0255115 -0.084948 
-0.0015 -0.0193094 -0.118783 
-0.0233852 0.005113 -0.172981 
-0.015279 -0.014065 -0.0567783 
-0.0246198 -0.0162926 -0.21509 
0.0219101 0.0181916 -0.06816170000000001 
0.00511952 -0.0290115 -0.0866378 
0.0280698 -0.00550671 -0.182672 
0.0226673 -0.00340385 -0.0537569 
0.0304607 0.0133811 -0.0317393 
0.0319805 -0.00273941 -0.190118 
-0.0015 -0.017145 -0.0982966 
0.0118339 -0.027947 -0.0305687 
0.0075961 0.027917 -0.0589121 
0.0230202 0.0146895 -0.0686407 
0.0288584 0.000558534 -0.0284202 
0.00219441 -0.0241905 -0.0656105 
-0.0202984 0.0258911 -0.152424 
-0.0307153 0.00735393 -0.0430359 
0.0263978 -0.0134489 -0.0379779 
-0.008627610000000001 0.0084885 -0.0832141 
-0.0231068 -0.0236143 -0.0291903 
-0.00529153 0.0269764 -0.0381697 
-0.0243453 -0.0160784 -0.194634 
0.0015 -0.00910101 -0.120384 
-0.0015 -0.0183489 -0.0855369 
0.0279845 0.00468448 -0.0422062 
-0.0278046 0.00381971 -0.044171 
0.0130034 -0.0153948 -0.0656105 
-0.016 -0.0277719 -0.156548 
-0.0245 0.000695409 -0.199636 
0.0098011 -0.0255115 -0.101882 
0.0192869 0.0252734 -0.0244358 
-0.0295 -0.015956 -0.224707 
0.008972030000000001 -0.0272223 -0.0472378 
0.0143059 0.0025543 -0.0653367 
0.0283345 0.01371 -0.023874 
0.0260163 0.00765175 -0.0462819 
0.0346226 -5.54062e-05 -0.0330215 
-0.0236667 0.0153644 -0.16694 
0.0104035 -0.0224951 -0.176611 
-0.0293233 -0.00612234 -0.234637 
0.0206787 0.0229191 -0.0276636 
0.0127266 0.00941056 -0.059788 
-0.00291244 -0.0222923 -0.180611 
0.00352145 0.00626406 -0.176611 
 0.016 0.00988529 -0.104078 
-0.0223031 0.000878347 -0.188104 
0.0116467 -0.0175121 -0.0568186 
0.0183077 0.0280145 -0.0240422 
-0.021 0.011059 -0.111315 
0.023925 0.0148294 -0.0365025 
-0.00020656 0.0084885 -0.103323 
-0.000364176 0.0131914 -0.180611 
-0.0209333 0.0139789 -0.175266 
0.0166819 0.0221675 -0.0696946 
0.00415472 0.023126 -0.178651 
-0.0310227 0.00595965 -0.0231833 
0.00851796 -0.0291715 -0.0280775 
0.0120482 0.0121827 -0.180611 
-0.0245 -0.0189697 -0.212984 
-0.0015 -0.014141 -0.111569 
-0.0160366 -0.0322118 -0.0258073 
-0.0306028 0.0140874 -0.028655 
-0.0257147 -0.00978151 -0.172563 
-0.0245 -0.00437951 -0.237314 
-0.0203094 0.0254247 -0.135515 
-0.016657 -0.0299674 -0.0239584 
0.0302167 -0.0120201 -0.0299163 
-0.0106516 0.024487 -0.12061 
-0.002 0.00139462 -0.178954 
0.019266 -0.0231085 -0.0271156 
-0.00488792 -0.0300527 -0.0318953 
0.0176294 -0.0244498 -0.0256383 
0.0317013 -0.000566532 -0.0241055 
-0.0329821 1.8177e-05 -0.0480119 
-0.0225505 0.018692 -0.0642431 
0.0164723 -0.0188507 -0.12061 
-0.0112838 -0.0315166 -0.0533765 
0.028805 -0.00436254 -0.0358441 
0.0118318 -0.01551 -0.18061 
0.0158847 0.00599538 -0.172604 
-0.0257913 -0.014592 -0.0373144 
-0.0176994 -0.0312861 -0.0409759 
-0.00837477 0.010922 -0.0656105 
0.0135 0.0214403 -0.141785 
-0.0140269 0.0287122 -0.0267947 
0.0185 0.0177647 -0.102941 
0.0208303 -0.0045612 -0.181316 
0.0179749 -0.0168311 -0.0656105 
-0.0239087 0.0191744 -0.0583097 
-0.0015 -0.00112193 -0.0746927 
-0.0183569 -0.0301708 -0.0459596 
0.0133782 -0.0266722 -0.173795 
0.0323529 0.0044885 -0.196075 
0.0281744 0.00359526 -0.0603599 
-0.008191179999999999 -0.0324442 -0.0416505 
0.0008086359999999999 0.0217677 -0.12061 
 0.016 0.0163247 -0.114777 
-0.0124714 0.0084885 -0.076072 
0.0185 0.0238517 -0.15628 
-0.0170284 -0.010057 -0.0575134 
-0.00439629 -0.0171631 -0.0656105 
0.0280404 -0.00877848 -0.0249292 
-0.0187897 -0.0235017 -0.0337615 
-0.0117874 0.0064885 -0.07747279999999999 
-0.016 -0.027494 -0.162848 
-0.0242956 0.00897626 -0.19432 
-0.0241332 0.0210838 -0.167101 
-0.0272535 -0.0178302 -0.174051 
0.0226363 0.0019885 -0.18677 
0.0252351 0.018517 -0.0449067 
0.00966266 -0.0268626 -0.172028 
0.009392330000000001 -0.0255115 -0.0916429 
0.0181636 -0.0290115 -0.129178 
-0.021928 0.0208828 -0.16107 
0.017929 -0.0290115 -0.150145 
-0.00378475 -0.0255115 -0.11642 
-0.0265 0.003852 -0.18795 
-0.016178 -0.0255691 -0.0349953 
0.00824308 -0.0255115 -0.08361739999999999 
-0.0096714 -0.008627599999999999 -0.122611 
0.0185 0.0173625 -0.09848 
-0.0187818 0.0197497 -0.0436514 
-0.0295 -0.0193113 -0.198772 
-0.00769844 -0.000417273 -0.122611 
0.0015 -0.00390461 -0.119936 
-0.016 0.0117644 -0.10358 
-0.021 0.0255535 -0.150766 
-0.0245 0.0197482 -0.206314 
-0.008937290000000001 -0.030439 -0.061395 
-0.0105861 -0.0215115 -0.180675 
-0.0170561 -0.0248756 -0.038911 
0.0163213 0.0254519 -0.157068 
0.0139747 -0.0213297 -0.163151 
0.0267768 -0.0207958 -0.0343478 
0.0275036 0.000363598 -0.181841 
0.00129827 -0.0182328 -0.180556 
-0.0245 -0.0107657 -0.235255 
-0.00910215 -0.0205755 -0.0554246 
-0.0128464 0.0064885 -0.0822823 
0.00521373 -0.0188373 -0.0584982 
0.0273356 0.000540947 -0.061797 
0.0104381 0.0167179 -0.120611 
0.0278177 0.0175014 -0.0465074 
-0.0284456 0.00384541 -0.0250996 
-0.00593917 -0.0255115 -0.078111 
-0.0015 -0.0148916 -0.093553 
0.00330662 -0.014367 -0.12061 
-0.0165318 -0.0321563 -0.0362477 
-0.0242594 -0.0224646 -0.167372 
-0.0158179 -0.0283362 -0.0290135 
0.0164176 0.0164885 -0.128239 
-0.00361269 0.0064885 -0.0938846 
 0.016 0.0191592 -0.07244929999999999 
0.0156022 0.0145581 -0.120392 
0.0185 -0.00103926 -0.122292 
-0.0245 -0.0114282 -0.203701 
0.0251908 0.00919769 -0.0471317 
0.0166628 0.00332452 -0.122611 
0.0015 0.000247374 -0.0740884 
-0.0276408 -0.0229628 -0.2065 
-0.0221647 0.0140187 -0.0718739 
0.008221859999999999 -0.00817622 -0.122611 
-0.021 0.00425181 -0.182954 
-0.0173409 -0.0115091 -0.0656105 
-0.0209569 -0.025282 -0.120206 
0.0156315 0.00515995 -0.172865 
0.0126106 0.0245336 -0.0329519 
-0.0047324 0.0064885 -0.115644 
0.0150827 -0.0262276 -0.0318773 
0.0155573 -0.0165829 -0.168607 
-0.0179766 0.0259346 -0.148898 
-0.00711585 -0.032683 -0.039598 
-0.011178 0.0064885 -0.09325319999999999 
-0.0192053 -0.0286042 -0.0229157 
-0.0031842 0.0084885 -0.0732897 
0.0245495 -0.000773135 -0.183303 
-0.0054738 0.0268865 -0.0399643 
-0.0295 -0.008881679999999999 -0.205543 
0.00486807 0.0134717 -0.0656105 
0.0174616 0.0211443 -0.145448 
0.033927 0.00258358 -0.228602 
-0.0295 -0.0176642 -0.225231 
-0.0208965 -0.0195115 -0.128069 
-0.00842654 -0.0153521 -0.0603593 
0.00639453 -0.0328477 -0.0492987 
0.0164777 -0.0111643 -0.0656105 
0.0135189 -0.0145938 -0.120611 
-0.0270619 -0.00676576 -0.0466444 
-0.0154621 0.0248145 -0.122003 
-0.021 -0.0272023 -0.133541 
-0.0196625 -0.0226569 -0.0403481 
0.00311818 -0.0168266 -0.0656105 
-0.0133874 -0.0255115 -0.105097 
-0.0176739 -0.0290115 -0.146453 
0.00573288 0.0276716 -0.0226105 
0.0142092 -0.0280357 -0.161143 
-0.0113496 0.0084885 -0.117073 
0.0135 -0.023963 -0.162288 
-0.0136356 -0.0169678 -0.0559381 
-0.021 0.0088377 -0.108181 
0.009151090000000001 0.0259685 -0.0359625 
-0.0044906 -0.0208074 -0.0656105 
0.0161202 0.0283621 -0.0466313 
0.0185 -0.0262648 -0.108929 
-0.016 -0.0272647 -0.165042 
-0.0109797 0.0064885 -0.09928530000000001 
0.00863338 -0.0290115 -0.111928 
0.0281393 -0.0075115 -0.191862 
-0.0118114 0.0064885 -0.119287 
0.0184388 -0.03096 -0.0310872 
0.0268435 -0.00562278 -0.0474086 
-0.00632688 -0.0244759 -0.180611 
 0.035 -0.00365915 -0.221968 
-0.0277614 -0.00872672 -0.175436 
-0.00366218 -0.0248175 -0.123611 
0.0156296 -0.0308303 -0.0511208 
-0.0310781 -0.008768939999999999 -0.0291623 
0.0154128 0.0064885 -0.117062 
-0.0115203 -0.0255115 -0.0840844 
-0.0266673 0.0136384 -0.0226105 
0.0299461 0.0163639 -0.024247 
0.0144828 -0.0188211 -0.173259 
0.0136123 -0.0315466 -0.0525411 
0.0157098 0.0084885 -0.117116 
-0.00130116 -0.0303098 -0.0400727 
-0.0215758 -0.0266921 -0.173611 
0.012829 -0.0260426 -0.0458644 
-0.00610802 -0.00588676 -0.12261 
0.00493603 0.0261185 -0.0448749 
0.0311547 -0.0073251 -0.205519 
-0.0281307 -0.017953 -0.23153 
-0.0212018 -0.00517452 -0.186238 
-0.021 -0.0163381 -0.172746 
0.0123374 0.0084885 -0.0835953 
0.0185 0.0122516 -0.109883 
-0.014978 -0.0278663 -0.10578 
-0.00613294 -0.0311778 -0.0588066 
0.0283525 -0.0188479 -0.051092 
-0.00549083 0.0084885 -0.104876 
-0.021 0.0227404 -0.134673 
-0.0188232 0.0204582 -0.0378102 
 0.031 -0.00752839 -0.215045 
0.027342 -0.00497536 -0.0463022 
0.0270139 0.008908559999999999 -0.0292795 
0.0300441 -0.00156488 -0.185973 
0.015108 -0.00143358 -0.0622791 
0.0167221 -0.0280493 -0.0590487 
0.0181501 0.0210306 -0.07213609999999999 
-0.00827146 0.0064885 -0.08366700000000001 
-0.0247333 -0.0219686 -0.028249 
-0.00342253 0.0064885 -0.09556770000000001 
-0.0265 0.006844 -0.196685 
0.0101272 -0.0318446 -0.0241674 
0.00531746 -0.00499079 -0.178611 
0.00976746 0.0172776 -0.176611 
-0.0269314 -0.0181302 -0.0245296 
0.0251676 -0.021542 -0.0457507 
0.0146319 0.0084885 -0.0733996 
-0.0125757 0.02457 -0.0352004 
0.00417767 0.0232904 -0.170611 
0.008634920000000001 -0.00677032 -0.180723 
-0.0253451 0.0226092 -0.183158 
0.025461 0.00193224 -0.185618 
-0.0314484 0.00438069 -0.0473537 
0.015237 0.0229769 -0.0401511 
0.027794 -0.0205307 -0.0306672 
0.0185 0.0176834 -0.0904968 
0.0156241 0.0124756 -0.17661 
-0.0150086 0.0204453 -0.0485799 
0.0143864 0.0132514 -0.0656105 
-0.00929368 0.0064885 -0.09959850000000001 
0.0312428 -0.008310039999999999 -0.0388511 
0.00298737 0.0064885 -0.118914 
-0.016 -0.0274194 -0.131362 
0.010799 0.00402676 -0.178611 
-0.0014377 0.0314936 -0.0480001 
-0.000549957 0.0296383 -0.0230465 
0.008116989999999999 -0.0255115 -0.100461 
-0.00646751 -0.0266952 -0.0495526 
-0.0295 -0.0146969 -0.210557 
-0.026656 -0.0182183 -0.194125 
-0.0256823 0.0212698 -0.195876 
-0.0265 0.00794283 -0.1929 
-0.00508076 0.0064885 -0.11615 
0.0122476 -0.0268616 -0.0781405 
-0.0293067 0.015205 -0.0480135 
-0.0285316 0.000755722 -0.240347 
-0.0133031 -0.0262323 -0.177878 
0.00779642 0.0084885 -0.0777316 
-0.0277095 0.0175301 -0.0391789 
-0.020937 -0.000955417 -0.12061 
-0.0311671 -0.00207882 -0.0233686 
0.00592623 -0.032953 -0.0480926 
-0.00747211 -0.008449399999999999 -0.122611 
0.0183794 0.0064885 -0.0978735 
0.0116746 0.0084885 -0.111966 
-0.0295 -0.0183482 -0.212649 
-0.0271566 -0.00694149 -0.173675 
 0.031 -0.00182179 -0.208239 
-0.0265 0.009931489999999999 -0.182666 
0.0301042 -0.00477957 -0.195123 
-0.010865 -0.00771584 -0.122611 
0.0218262 0.0218131 -0.045546 
-0.00248203 0.0217083 -0.0656105 
0.0152196 0.0231044 -0.0365626 
0.0136991 0.00448987 -0.0629755 
-0.00707076 0.0210852 -0.180611 
0.017283 0.0242205 -0.168494 
-0.0223508 0.0064885 -0.06785040000000001 
0.0122063 -0.0255115 -0.105551 
-0.021 0.0167292 -0.118157 
0.0177495 0.0255305 -0.156338 
-0.0209647 0.000192654 -0.0656105 
-0.0280275 0.0130558 -0.214339 
-0.0287314 -0.00308227 -0.0404829 
-0.0186227 0.0275535 -0.0361369 
0.00338364 0.023375 -0.0509368 
-0.011014 0.0084885 -0.0965777 
0.0148259 -0.000191482 -0.0647331 
-0.00779163 0.0195848 -0.180611 
-0.00546538 -0.0291977 -0.0685292 
0.0203906 -0.009816389999999999 -0.0545864 
-0.0245 -0.0200483 -0.201712 
-0.0285232 -0.0198395 -0.190534 
-0.0189224 -0.0241491 -0.156794 
0.0330513 -0.00749088 -0.196607 
-0.0015 -0.0214772 -0.120143 
-0.0280357 -0.00880089 -0.0310959 
-0.00217308 0.0309064 -0.0500438 
-0.0113432 -0.0279855 -0.0727153 
0.0253907 -0.0103409 -0.0478914 
0.0129726 0.0191322 -0.176611 
0.0274385 0.00446812 -0.044835 
0.0162122 0.0288148 -0.0433482 
0.0178702 0.0284413 -0.0291644 
0.0139815 -0.0302149 -0.0568923 
-0.0118206 0.0064885 -0.108147 
0.0263807 0.00407485 -0.0634332 
-0.0245 -0.0203228 -0.216107 
-0.00933528 -0.0162446 -0.122611 
0.0136751 0.02531 -0.129265 
-0.0015 -0.00615224 -0.101152 
-0.024826 0.0184722 -0.221836 
0.0119995 0.0284578 -0.0409997 
0.0185 -0.0280973 -0.15592 
0.00614155 -0.0298225 -0.0378617 
 0.036 -0.00662302 -0.221178 
-0.0218635 -0.00664896 -0.0541192 
-0.0309877 0.00641202 -0.0505345 
0.0158195 0.0153241 -0.174027 
0.0349287 0.00375474 -0.208833 
-0.0257416 -0.0206364 -0.2255 
-0.0135537 -0.026714 -0.0749073 
0.00912786 -0.00567885 -0.12061 
-0.0148351 0.00671742 -0.0596177 
-0.0106135 -0.0276581 -0.0444743 
-0.0217753 0.00710374 -0.0531185 
0.008671460000000001 0.0173419 -0.170576 
-0.0330496 -0.00378713 -0.0226105 
0.0298513 0.016393 -0.037812 
-0.0142255 0.00612888 -0.120336 
0.00830821 0.0216795 -0.12361 
0.0150557 0.0196218 -0.0656183 
0.0311905 -0.009765950000000001 -0.218421 
-0.0235531 0.020067 -0.0508706 
0.0117294 -0.0255115 -0.0707887 
-0.016 0.0163634 -0.06843970000000001 
-0.0245091 0.0234299 -0.17583 
-0.00338002 0.00516757 -0.122611 
0.00105679 -0.0290115 -0.08095670000000001 
-0.01242 0.0283717 -0.0359912 
0.00672827 0.0147969 -0.176157 
0.0116614 -0.0290115 -0.117641 
0.00204011 0.0145663 -0.122611 
-0.0274134 0.0097395 -0.0617786 
-0.00311602 0.0084885 -0.0900319 
-0.0108092 -0.0164088 -0.0656105 
0.0100151 0.0084885 -0.0865698 
-0.00544777 0.0084885 -0.105974 
-0.0295 0.00384298 -0.235914 
-0.021 -0.00716224 -0.12101 
0.0176488 -0.0143489 -0.170046 
0.014772 0.0152532 -0.0541999 
0.0284353 -0.0198534 -0.0474334 
0.0015 -0.0155379 -0.0719167 
0.014834 -0.0290115 -0.1202 
0.0170809 0.0240965 -0.114684 
0.0152822 -0.0293302 -0.0577227 
0.0171229 -0.0133986 -0.12061 
0.013459 -0.0290115 -0.118953 
0.0197278 0.00947107 -0.0755391 
-0.0299254 0.0115095 -0.0480559 
0.0247983 -0.0012566 -0.183551 
-0.0257765 0.0116223 -0.0245581 
-0.0235967 0.0234006 -0.176103 
0.0201067 -0.0266931 -0.032999 
-0.0222895 -0.0262041 -0.17814 
-0.016 0.0236319 -0.117442 
0.0015 -0.020196 -0.0878506 
-0.0271783 -0.0171802 -0.221973 
-0.0125791 -0.0225357 -0.0517043 
0.0301613 0.00917462 -0.0555908 
-0.019805 -0.0264919 -0.112506 
-0.0312763 -0.00803069 -0.0484325 
0.0175807 -0.0196611 -0.180611 
0.00709532 0.00557929 -0.18061 
0.0171208 -0.0218394 -0.176611 
-0.0333284 0.00131283 -0.0263954 
-0.0180806 0.0218363 -0.102114 
-0.0284612 -0.00741253 -0.0229824 
 0.031 0.00247393 -0.227401 
-0.0143359 0.0246964 -0.124922 
0.0281952 0.0135928 -0.024436 
-0.0208634 0.0140486 -0.12261 
-0.0193305 0.0164885 -0.133302 
-0.0241691 0.0175708 -0.193521 
-0.0148999 -0.0185222 -0.0539288 
-0.0239872 0.0196442 -0.0477402 
0.0169979 0.00619111 -0.181941 
-0.0163678 0.00648652 -0.12261 
0.0015 -0.00272539 -0.0975031 
0.00585164 -0.0134093 -0.12261 
0.000225273 0.0250077 -0.0656105 
0.0299639 0.00445022 -0.199202 
-0.021 -0.028223 -0.128631 
0.008904560000000001 -0.0290602 -0.0386569 
0.0166096 0.00156279 -0.12061 
-0.016314 0.0290348 -0.0411243 
0.00438813 -0.0134349 -0.12061 
-0.028753 0.00153742 -0.0320473 
-0.0114567 0.0100615 -0.0656105 
-0.00102505 -0.00141789 -0.07261049999999999 
-0.0134159 -0.0120702 -0.0594989 
0.0015 -0.0192102 -0.100168 
0.0348243 0.00101165 -0.202002 
0.0015 -0.0253299 -0.0737163 
0.018425 -0.0147565 -0.053917 
-0.0300131 -0.0150049 -0.047245 
0.0202676 0.00460887 -0.0554175 
-0.0247055 -0.00589747 -0.235778 
-0.029767 -0.0196362 -0.0352809 
 0.016 0.0193851 -0.0957267 
-0.019888 -0.0289494 -0.151767 
0.0015 -0.00584694 -0.0939743 
-0.00644602 -0.0110918 -0.122611 
-0.0148281 0.0233592 -0.0356063 
-0.0234007 -0.00609084 -0.17362 
0.0173756 0.0245619 -0.0590893 
-0.016 0.0108705 -0.112945 
-0.0152451 0.0064885 -0.077837 
-0.0198022 -0.0258072 -0.110667 
-0.016 0.0211523 -0.162682 
-0.0184997 -0.0290115 -0.127344 
-0.0245 0.00121093 -0.203016 
-0.0122826 -0.0314409 -0.0320155 
-0.0295 0.0151404 -0.228221 
0.0151834 0.0064885 -0.0691169 
0.008928739999999999 0.0241612 -0.123699 
0.0172875 -0.0245431 -0.0406649 
-0.0131972 -0.0255115 -0.109391 
0.0015 -0.00464475 -0.11751 
-0.0245344 0.0168685 -0.0621602 
-0.0182661 0.0280957 -0.039019 
-0.0215593 0.0220442 -0.0554807 
0.0064197 0.0178248 -0.123611 
0.0185 0.009609080000000001 -0.111356 
0.00778607 -0.0290115 -0.120976 
-0.015917 0.0201964 -0.182131 
0.0282084 -0.000309842 -0.0441807 
-0.00234689 0.0147831 -0.175898 
-0.0226431 0.0165515 -0.0274573 
-0.0265091 0.0156023 -0.183453 
-0.0015 -0.0213233 -0.0849956 
-0.0316149 0.00387163 -0.0280355 
0.000491144 0.016894 -0.0581566 
-0.0015 0.00572944 -0.112783 
0.013076 -0.0269904 -0.0416314 
0.0151763 -0.0183482 -0.174256 
0.0144637 -0.0225473 -0.134999 
0.0185 0.0145055 -0.102746 
3 60 63 460 
3 975 60 460 
3 169 729 21 
3 202 450 806 
3 139 202 460 
3 795 535 429 
3 879 262 740 
3 514 202 806 
3 514 975 460 
3 202 514 460 
3 795 143 535 
3 975 862 60 
3 862 102 60 
3 63 464 781 
3 464 102 781 
3 102 464 63 
3 281 63 60 
3 102 281 60 
3 281 102 63 
3 785 169 21 
3 189 785 21 
3 785 189 169 
3 242 189 21 
3 982 835 63 
3 714 567 740 
3 423 169 866 
3 141 423 866 
3 423 141 169 
3 750 450 139 
3 750 141 450 
3 173 141 866 
3 141 173 450 
3 503 87 439 
3 450 559 139 
3 559 202 139 
3 202 559 450 
3 143 947 982 
3 947 143 795 
3 514 295 975 
3 143 831 535 
3 535 831 429 
3 831 853 429 
3 879 831 262 
3 102 801 781 
3 862 801 102 
3 853 854 429 
3 854 55 429 
3 55 854 567 
3 831 854 853 
3 854 831 879 
3 567 854 740 
3 854 879 740 
3 141 634 169 
3 729 634 21 
3 634 729 169 
3 667 69 580 
3 693 274 580 
3 274 667 580 
3 634 274 21 
3 63 581 460 
3 581 927 460 
3 835 581 63 
3 581 835 195 
3 581 575 927 
3 575 581 195 
3 189 556 169 
3 169 556 866 
3 556 262 866 
3 262 556 740 
3 242 327 189 
3 796 55 567 
3 714 796 567 
3 26 503 439 
3 26 139 460 
3 239 693 580 
3 69 239 580 
3 239 69 503 
3 239 26 460 
3 26 239 503 
3 700 514 806 
3 700 295 514 
3 69 960 503 
3 604 835 982 
3 947 604 982 
3 835 604 195 
3 796 604 55 
3 801 887 781 
3 887 801 143 
3 887 143 982 
3 887 63 781 
3 887 982 63 
3 167 801 862 
3 167 862 827 
3 601 87 69 
3 667 601 69 
3 94 274 693 
3 94 327 242 
3 94 242 21 
3 274 94 21 
3 962 274 634 
3 274 962 667 
3 556 592 740 
3 592 556 189 
3 592 327 740 
3 327 592 189 
3 554 714 740 
3 327 554 740 
3 554 327 714 
3 575 878 927 
3 927 878 460 
3 878 239 460 
3 450 101 806 
3 173 101 450 
3 255 700 262 
3 827 255 262 
3 862 255 827 
3 700 255 295 
3 255 862 975 
3 295 255 975 
3 87 19 69 
3 19 960 69 
3 19 87 503 
3 960 19 503 
3 604 403 55 
3 403 604 947 
3 403 947 795 
3 55 403 429 
3 403 795 429 
3 67 167 827 
3 67 827 262 
3 831 67 262 
3 801 651 143 
3 167 651 801 
3 67 651 167 
3 651 831 143 
3 651 67 831 
3 871 611 141 
3 611 118 141 
3 239 304 693 
3 304 94 693 
3 94 304 327 
3 739 878 575 
3 739 575 195 
3 739 796 714 
3 604 739 195 
3 739 604 796 
3 310 700 806 
3 101 310 806 
3 310 101 173 
3 310 173 866 
3 262 310 866 
3 700 310 262 
3 750 496 141 
3 496 871 141 
3 496 750 139 
3 871 679 611 
3 496 679 871 
3 679 496 139 
3 26 679 139 
3 87 679 439 
3 679 26 439 
3 864 634 141 
3 118 864 141 
3 864 118 634 
3 118 715 634 
3 715 118 611 
3 878 411 239 
3 411 304 239 
3 166 962 634 
3 715 166 634 
3 679 807 611 
3 916 807 679 
3 807 715 611 
3 807 916 715 
3 185 166 715 
3 166 89 962 
3 89 679 87 
3 89 916 679 
3 89 166 916 
3 601 89 87 
3 89 601 667 
3 962 89 667 
3 166 278 916 
3 185 278 166 
3 916 278 715 
3 278 185 715 
3 739 411 878 
3 327 411 714 
3 304 411 327 
3 411 739 714 
Vertices and facets:
- p63(v13): -0.03 0.016 -0.035
  neighbors: f40 f210 f212 f213 f215 f238 f343 f345 f404 f405
- p60(v10): -0.029 0.017 -0.22
  neighbors: f40 f71 f183 f184 f213 f214
- p460(v0): -0.035 -0.0013 -0.037
  neighbors: f40 f71 f155 f174 f175 f343 f344 f373 f382 f453 f454
- p975(v19): -0.029 0.015 -0.23
  neighbors: f71 f174 f183 f292 f469 f470
- p729(v34): 0.018 -0.031 -0.031
  neighbors: f143 f326 f327
- p169(v15):  0.03 -0.018 -0.037
  neighbors: f143 f226 f228 f259 f261 f325 f327 f354 f356
- p21(v5): 0.018 -0.031 -0.026
  neighbors: f143 f226 f227 f229 f326 f336 f431 f432
- p202(v36): -0.029 0.0012 -0.24
  neighbors: f153 f155 f173 f175 f280 f281
- p450(v32): -0.028 -0.013 -0.24
  neighbors: f153 f262 f263 f271 f279 f281 f461 f463
- p806(v3): -0.029 0.00076 -0.24
  neighbors: f153 f173 f384 f461 f512 f513
- p139(v17): -0.029 -0.018 -0.23
  neighbors: f155 f262 f279 f280 f373 f520 f529 f530
- p795(v37): -0.0014 0.031 -0.048
  neighbors: f157 f180 f286 f477 f479
- p535(v20): -0.02 0.026 -0.15
  neighbors: f157 f180 f296 f297
- p429(v2): -0.00026 0.032 -0.048
  neighbors: f157 f297 f300 f310 f311 f478 f479
- p879(v40):  0.03 0.016 -0.038
  neighbors: f169 f303 f314 f316
- p262(v21): 0.035 0.0058 -0.22
  neighbors: f169 f303 f357 f358 f465 f466 f483 f484 f516 f517
- p740(v8):  0.03 0.016 -0.024
  neighbors: f169 f244 f315 f316 f358 f445 f447 f449 f450
- p514(v41): -0.029 0.0085 -0.24
  neighbors: f173 f174 f175 f292 f384 f389
- p143(v42): -0.021 0.026 -0.15
  neighbors: f180 f285 f286 f296 f402 f403 f485 f488
- p862(v43): -0.025 0.018 -0.22
  neighbors: f183 f184 f306 f406 f407 f467 f469
- p102(v25): -0.029 0.019 -0.21
  neighbors: f184 f211 f212 f214 f215 f305 f306
- p464(v48): -0.028  0.02  -0.2
  neighbors: f210 f211 f212
- p781(v6): -0.025 0.023 -0.18
  neighbors: f210 f211 f305 f401 f404
- p281(v49): -0.029 0.018 -0.21
  neighbors: f213 f214 f215
- p785(v52): 0.028 -0.021 -0.031
  neighbors: f226 f227 f228
- p189(v29): 0.028 -0.018 -0.023
  neighbors: f227 f228 f229 f354 f360 f446 f448
- p242(v53): 0.023 -0.023 -0.023
  neighbors: f229 f360 f428 f431
- p835(v54): -0.019 0.028 -0.036
  neighbors: f238 f345 f346 f396 f398
- p982(v14): -0.018 0.028 -0.039
  neighbors: f238 f285 f396 f397 f403 f405
- p714(v55): 0.0057 0.028 -0.023
  neighbors: f244 f365 f449 f451 f509 f573 f575
- p567(v16): 0.018 0.028 -0.024
  neighbors: f244 f312 f315 f364 f365
- p423(v58): 0.035 -0.0085 -0.22
  neighbors: f259 f260 f261
- p866(v1): 0.036 -0.0066 -0.22
  neighbors: f259 f260 f268 f356 f357 f515 f516
- p141(v33): 0.035 -0.0096 -0.22
  neighbors: f260 f261 f263 f268 f271 f325 f491 f497 f518 f519 f533 f534
- p750(v59): -0.028 -0.018 -0.23
  neighbors: f262 f263 f518 f520
- p173(v60): 0.035 -0.0082 -0.22
  neighbors: f268 f271 f463 f514 f515
- p87(v61): -0.027 -0.023  -0.2
  neighbors: f275 f420 f471 f473 f531 f562 f565
- p503(v56): -0.03 -0.019 -0.028
  neighbors: f275 f370 f381 f383 f392 f473 f474
- p439(v31): -0.028 -0.022 -0.18
  neighbors: f275 f370 f531 f532
- p559(v62): -0.029 -0.0061 -0.23
  neighbors: f279 f280 f281
- p947(v63): -0.016 0.029 -0.041
  neighbors: f285 f286 f397 f476 f477
- p295(v65): -0.025 0.014 -0.23
  neighbors: f292 f389 f468 f470
- p831(v66): 0.018 0.026 -0.16
  neighbors: f296 f297 f300 f303 f313 f314 f484 f488 f489
- p853(v45): 0.016 0.029 -0.043
  neighbors: f300 f310 f313
- p801(v67): -0.026 0.021  -0.2
  neighbors: f305 f306 f401 f402 f406 f485 f486
- p854(v68): 0.018 0.028 -0.029
  neighbors: f310 f311 f312 f313 f314 f315 f316
- p55(v30): -0.0009 0.031 -0.025
  neighbors: f311 f312 f364 f399 f475 f478
- p634(v70): 0.018 -0.029 -0.15
  neighbors: f325 f326 f327 f336 f433 f533 f535 f537 f550 f551
- p667(v71): -0.017 -0.032 -0.036
  neighbors: f329 f335 f421 f437 f566 f567
- p69(v57): -0.019 -0.031 -0.036
  neighbors: f329 f380 f381 f392 f420 f421 f471 f472
- p580(v23): -0.016 -0.032 -0.026
  neighbors: f329 f334 f335 f378 f380
- p274(v72): -0.0005 -0.036 -0.024
  neighbors: f334 f335 f336 f427 f432 f433 f437
- p693(v47): -0.019 -0.029 -0.023
  neighbors: f334 f378 f427 f501 f503
- p581(v73): -0.031 0.014 -0.029
  neighbors: f343 f344 f345 f346 f348 f349
- p927(v26): -0.033 0.0013 -0.026
  neighbors: f344 f348 f452 f453
- p195(v50): -0.028 0.015 -0.025
  neighbors: f346 f349 f398 f507 f510
- p575(v74): -0.031 0.006 -0.023
  neighbors: f348 f349 f452 f506 f507
- p556(v75): 0.035 -5.5e-05 -0.033
  neighbors: f354 f356 f357 f358 f445 f446
- p327(v76): 0.027 -0.016 -0.023
  neighbors: f360 f428 f447 f448 f450 f451 f504 f573 f574
- p796(v77): -0.00055  0.03 -0.023
  neighbors: f364 f365 f399 f509 f511
- p26(v78): -0.029 -0.02  -0.2
  neighbors: f370 f373 f382 f383 f530 f532
- p239(v79): -0.03 -0.019 -0.023
  neighbors: f378 f380 f381 f382 f383 f454 f501 f542 f543
- p700(v80): 0.034 0.0026 -0.23
  neighbors: f384 f389 f465 f468 f512 f517
- p960(v81): -0.03 -0.02 -0.035
  neighbors: f392 f472 f474
- p604(v82): -0.014 0.029 -0.027
  neighbors: f396 f397 f398 f399 f475 f476 f510 f511
- p887(v83): -0.025 0.023 -0.18
  neighbors: f401 f402 f403 f404 f405
- p167(v84): 0.016 0.025 -0.16
  neighbors: f406 f407 f482 f486 f487
- p827(v22): 0.017 0.024 -0.17
  neighbors: f407 f466 f467 f482 f483
- p601(v87): -0.018 -0.031 -0.041
  neighbors: f420 f421 f565 f566
- p94(v89): 0.0075 -0.03 -0.023
  neighbors: f427 f428 f431 f432 f503 f504
- p962(v90): -0.02 -0.029 -0.15
  neighbors: f433 f437 f550 f561 f567
- p592(v92): 0.032 -0.00057 -0.024
  neighbors: f445 f446 f447 f448
- p554(v93): 0.028 0.014 -0.024
  neighbors: f449 f450 f451
- p878(v94): -0.033 -0.0038 -0.023
  neighbors: f452 f453 f454 f506 f542 f572
- p101(v95): 0.031 -0.0057 -0.23
  neighbors: f461 f463 f513 f514
- p255(v96): 0.032 0.0069 -0.22
  neighbors: f465 f466 f467 f468 f469 f470
- p19(v97): -0.027 -0.023  -0.2
  neighbors: f471 f472 f473 f474
- p403(v98): -0.0038 0.031 -0.028
  neighbors: f475 f476 f477 f478 f479
- p67(v99): 0.018 0.025 -0.16
  neighbors: f482 f483 f484 f487 f489
- p651(v100): 0.016 0.025 -0.16
  neighbors: f485 f486 f487 f488 f489
- p871(v101): -0.026 -0.021 -0.23
  neighbors: f491 f519 f525 f526
- p611(v85): 0.013 -0.027 -0.17
  neighbors: f491 f497 f525 f540 f554 f556
- p118(v102): 0.015 -0.027 -0.17
  neighbors: f497 f534 f535 f537 f540
- p304(v103): -0.029 -0.013 -0.023
  neighbors: f501 f503 f504 f543 f574
- p739(v104): -0.027 0.014 -0.023
  neighbors: f506 f507 f509 f510 f511 f572 f575
- p310(v105): 0.035 0.00015 -0.23
  neighbors: f512 f513 f514 f515 f516 f517
- p496(v106): -0.027 -0.021 -0.23
  neighbors: f518 f519 f520 f526 f529
- p679(v107): -0.028 -0.023 -0.21
  neighbors: f525 f526 f529 f530 f531 f532 f554 f555 f562 f563
- p864(v108): 0.018 -0.028 -0.16
  neighbors: f533 f534 f535
- p715(v109): 0.014 -0.028 -0.16
  neighbors: f537 f540 f551 f556 f557 f559 f570 f571
- p411(v110): -0.03 -0.011 -0.023
  neighbors: f542 f543 f572 f573 f574 f575
- p166(v112): -0.02 -0.028 -0.16
  neighbors: f550 f551 f559 f561 f564 f568 f569
- p807(v113): -0.013 -0.026 -0.18
  neighbors: f554 f555 f556 f557
- p916(v111): -0.022 -0.026 -0.18
  neighbors: f555 f557 f563 f564 f568 f570
- p185(v114): -0.017 -0.027 -0.17
  neighbors: f559 f569 f571
- p89(v115): -0.022 -0.027 -0.17
  neighbors: f561 f562 f563 f564 f565 f566 f567
- p278(v116): -0.02 -0.027 -0.17
  neighbors: f568 f569 f570 f571
- f40
    - flags: bottom simplicial
    - normal:   -0.9678   0.2517 -0.002739
    - offset: -0.03345345
    - vertices: p63(v13) p60(v10) p460(v0)
    - neighboring facets: f71 f343 f213
- f71
    - flags: top simplicial
    - normal:   -0.9961  0.08541 -0.02026
    - offset: -0.03530365
    - vertices: p975(v19) p60(v10) p460(v0)
    - neighboring facets: f40 f174 f183
- f143
    - flags: bottom simplicial
    - normal:    0.7244  -0.6893 0.009193
    - offset: -0.03441196
    - vertices: p729(v34) p169(v15) p21(v5)
    - neighboring facets: f226 f326 f327
- f153
    - flags: top simplicial
    - normal:   -0.9546  -0.1152  -0.2748
    - offset: -0.09320272
    - vertices: p202(v36) p450(v32) p806(v3)
    - neighboring facets: f461 f173 f281
- f155
    - flags: bottom simplicial
    - normal:   -0.9996 -0.01203 -0.02661
    - offset: -0.0357844
    - vertices: p202(v36) p139(v17) p460(v0)
    - neighboring facets: f373 f175 f280
- f157
    - flags: top simplicial
    - normal:  -0.06827   0.9968 -0.04115
    - offset: -0.03346674
    - vertices: p795(v37) p535(v20) p429(v2)
    - neighboring facets: f297 f479 f180
- f169
    - flags: top simplicial
    - normal:    0.8603   0.5098 -0.004919
    - offset: -0.03422358
    - vertices: p879(v40) p262(v21) p740(v8)
    - neighboring facets: f358 f316 f303
- f173
    - flags: top simplicial
    - normal:   -0.9535  0.05195  -0.2969
    - offset: -0.09859447
    - vertices: p514(v41) p202(v36) p806(v3)
    - neighboring facets: f153 f384 f175
- f174
    - flags: top simplicial
    - normal:   -0.9993  0.02905 -0.02519
    - offset: -0.03566779
    - vertices: p514(v41) p975(v19) p460(v0)
    - neighboring facets: f71 f175 f292
- f175
    - flags: bottom simplicial
    - normal:   -0.9996 0.004621 -0.02641
    - offset: -0.03575758
    - vertices: p514(v41) p202(v36) p460(v0)
    - neighboring facets: f155 f174 f173
- f180
    - flags: bottom simplicial
    - normal:   -0.1666   0.9858 -0.02281
    - offset: -0.03237952
    - vertices: p143(v42) p795(v37) p535(v20)
    - neighboring facets: f157 f296 f286
- f183
    - flags: bottom simplicial
    - normal:   -0.3538   0.9101  -0.2159
    - offset: -0.07349124
    - vertices: p862(v43) p975(v19) p60(v10)
    - neighboring facets: f71 f184 f469
- f184
    - flags: top simplicial
    - normal:   -0.3345   0.9302   -0.151
    - offset: -0.05898979
    - vertices: p862(v43) p102(v25) p60(v10)
    - neighboring facets: f214 f183 f306
- f210
    - flags: bottom simplicial
    - normal:   -0.7737   0.6335 0.003298
    - offset: -0.03332934
    - vertices: p464(v48) p63(v13) p781(v6)
    - neighboring facets: f404 f211 f212
- f211
    - flags: top simplicial
    - normal:   -0.7436   0.6686 -0.007917
    - offset: -0.03541267
    - vertices: p464(v48) p102(v25) p781(v6)
    - neighboring facets: f305 f210 f212
- f212
    - flags: bottom simplicial
    - normal:   -0.8003   0.5995 0.001933
    - offset: -0.03365337
    - vertices: p464(v48) p102(v25) p63(v13)
    - neighboring facets: f215 f210 f211
- f213
    - flags: top simplicial
    - normal:   -0.8874   0.4611 -0.0007553
    - offset: -0.03422161
    - vertices: p281(v49) p63(v13) p60(v10)
    - neighboring facets: f40 f214 f215
- f214
    - flags: bottom simplicial
    - normal:   -0.8025    0.596  -0.0261
    - offset: -0.03960223
    - vertices: p281(v49) p102(v25) p60(v10)
    - neighboring facets: f184 f213 f215
- f215
    - flags: top simplicial
    - normal:   -0.8136   0.5814  0.00149
    - offset:  -0.033788
    - vertices: p281(v49) p102(v25) p63(v13)
    - neighboring facets: f212 f213 f214
- f226
    - flags: top simplicial
    - normal:    0.7611  -0.6409  0.09938
    - offset: -0.03126625
    - vertices: p785(v52) p169(v15) p21(v5)
    - neighboring facets: f143 f227 f228
- f227
    - flags: bottom simplicial
    - normal:    0.7661  -0.6283   0.1349
    - offset: -0.03005793
    - vertices: p785(v52) p189(v29) p21(v5)
    - neighboring facets: f229 f226 f228
- f228
    - flags: top simplicial
    - normal:    0.7898  -0.6008   0.1234
    - offset: -0.03050274
    - vertices: p785(v52) p189(v29) p169(v15)
    - neighboring facets: f354 f226 f227
- f229
    - flags: top simplicial
    - normal:    0.6692  -0.5995   0.4391
    - offset: -0.01963426
    - vertices: p242(v53) p189(v29) p21(v5)
    - neighboring facets: f227 f431 f360
- f238
    - flags: bottom simplicial
    - normal:   -0.7077   0.7051  0.04507
    - offset: -0.03097753
    - vertices: p835(v54) p982(v14) p63(v13)
    - neighboring facets: f405 f345 f396
- f244
    - flags: top simplicial
    - normal:    0.1101  0.09263   0.9896
    - offset: 0.01918039
    - vertices: p714(v55) p567(v16) p740(v8)
    - neighboring facets: f315 f449 f365
- f259
    - flags: top simplicial
    - normal:    0.9606  -0.2776  0.01113
    - offset: -0.03396048
    - vertices: p423(v58) p169(v15) p866(v1)
    - neighboring facets: f356 f260 f261
- f260
    - flags: bottom simplicial
    - normal:    0.9318  -0.3481  -0.1034
    - offset: -0.05871386
    - vertices: p423(v58) p141(v33) p866(v1)
    - neighboring facets: f268 f259 f261
- f261
    - flags: top simplicial
    - normal:    0.8086  -0.5883 -0.009852
    - offset: -0.03582994
    - vertices: p423(v58) p141(v33) p169(v15)
    - neighboring facets: f325 f259 f260
- f262
    - flags: top simplicial
    - normal:   -0.8556  -0.3563  -0.3754
    - offset: -0.1173863
    - vertices: p750(v59) p450(v32) p139(v17)
    - neighboring facets: f279 f520 f263
- f263
    - flags: top simplicial
    - normal:    0.1766  -0.7128  -0.6788
    - offset: -0.1649815
    - vertices: p750(v59) p141(v33) p450(v32)
    - neighboring facets: f271 f262 f518
- f268
    - flags: top simplicial
    - normal:    0.9326  -0.3444  -0.1078
    - offset: -0.05970252
    - vertices: p173(v60) p141(v33) p866(v1)
    - neighboring facets: f260 f515 f271
- f271
    - flags: bottom simplicial
    - normal:    0.1945  -0.5547   -0.809
    - offset: -0.1932386
    - vertices: p173(v60) p141(v33) p450(v32)
    - neighboring facets: f263 f463 f268
- f275
    - flags: bottom simplicial
    - normal:   -0.7679  -0.6406 0.002863
    - offset: -0.03534372
    - vertices: p87(v61) p503(v56) p439(v31)
    - neighboring facets: f370 f531 f473
- f279
    - flags: bottom simplicial
    - normal:   -0.9593  -0.1184  -0.2562
    - offset: -0.08897804
    - vertices: p559(v62) p450(v32) p139(v17)
    - neighboring facets: f262 f280 f281
- f280
    - flags: top simplicial
    - normal:   -0.9703 -0.09968  -0.2204
    - offset: -0.08078369
    - vertices: p559(v62) p202(v36) p139(v17)
    - neighboring facets: f155 f279 f281
- f281
    - flags: bottom simplicial
    - normal:   -0.9571  -0.1151  -0.2661
    - offset: -0.09119756
    - vertices: p559(v62) p202(v36) p450(v32)
    - neighboring facets: f153 f279 f280
- f285
    - flags: bottom simplicial
    - normal:   -0.4408   0.8976 -0.008341
    - offset: -0.03359489
    - vertices: p947(v63) p143(v42) p982(v14)
    - neighboring facets: f403 f397 f286
- f286
    - flags: top simplicial
    - normal:   -0.1728   0.9847 -0.02162
    - offset: -0.03229863
    - vertices: p947(v63) p143(v42) p795(v37)
    - neighboring facets: f180 f477 f285
- f292
    - flags: bottom simplicial
    - normal:    0.1098   0.7509  -0.6512
    - offset: -0.1567548
    - vertices: p295(v65) p514(v41) p975(v19)
    - neighboring facets: f174 f470 f389
- f296
    - flags: bottom simplicial
    - normal:  0.001782   0.9972 -0.07455
    - offset: -0.03714637
    - vertices: p831(v66) p143(v42) p535(v20)
    - neighboring facets: f180 f297 f488
- f297
    - flags: bottom simplicial
    - normal:  0.003803   0.9985 -0.05502
    - offset: -0.03416091
    - vertices: p831(v66) p535(v20) p429(v2)
    - neighboring facets: f157 f300 f296
- f300
    - flags: top simplicial
    - normal:    0.1728   0.9846 -0.02627
    - offset: -0.03231128
    - vertices: p831(v66) p853(v45) p429(v2)
    - neighboring facets: f310 f297 f313
- f303
    - flags: bottom simplicial
    - normal:    0.7177   0.6961 -0.01962
    - offset: -0.03357704
    - vertices: p831(v66) p879(v40) p262(v21)
    - neighboring facets: f169 f484 f314
- f305
    - flags: bottom simplicial
    - normal:   -0.3313   0.9392 -0.09013
    - offset: -0.0461397
    - vertices: p801(v67) p102(v25) p781(v6)
    - neighboring facets: f211 f401 f306
- f306
    - flags: bottom simplicial
    - normal:   -0.2325   0.9662  -0.1118
    - offset: -0.04841726
    - vertices: p801(v67) p862(v43) p102(v25)
    - neighboring facets: f184 f305 f406
- f310
    - flags: bottom simplicial
    - normal:    0.1646   0.9863 0.006736
    - offset: -0.03079734
    - vertices: p854(v68) p853(v45) p429(v2)
    - neighboring facets: f300 f311 f313
- f311
    - flags: top simplicial
    - normal:    0.1401   0.9896  0.03135
    - offset: -0.02973605
    - vertices: p854(v68) p55(v30) p429(v2)
    - neighboring facets: f478 f310 f312
- f312
    - flags: bottom simplicial
    - normal:     0.149   0.9864  0.06946
    - offset: -0.0286915
    - vertices: p854(v68) p55(v30) p567(v16)
    - neighboring facets: f364 f315 f311
- f313
    - flags: bottom simplicial
    - normal:    0.3907   0.9203 -0.02143
    - offset: -0.03378052
    - vertices: p854(v68) p831(v66) p853(v45)
    - neighboring facets: f300 f310 f314
- f314
    - flags: top simplicial
    - normal:    0.7029   0.7111 -0.01694
    - offset: -0.03327962
    - vertices: p854(v68) p831(v66) p879(v40)
    - neighboring facets: f303 f316 f313
- f315
    - flags: bottom simplicial
    - normal:    0.7075   0.7067 -0.001537
    - offset: -0.0327882
    - vertices: p854(v68) p567(v16) p740(v8)
    - neighboring facets: f244 f316 f312
- f316
    - flags: top simplicial
    - normal:    0.7078   0.7064 -0.003432
    - offset: -0.03283919
    - vertices: p854(v68) p879(v40) p740(v8)
    - neighboring facets: f169 f315 f314
- f325
    - flags: bottom simplicial
    - normal:     0.727  -0.6865 -0.01625
    - offset: -0.03538938
    - vertices: p634(v70) p141(v33) p169(v15)
    - neighboring facets: f261 f327 f533
- f326
    - flags: bottom simplicial
    - normal:    0.4294   -0.903 -0.01662
    - offset: -0.03638985
    - vertices: p634(v70) p729(v34) p21(v5)
    - neighboring facets: f143 f336 f327
- f327
    - flags: top simplicial
    - normal:    0.7184  -0.6954 -0.01446
    - offset: -0.03522741
    - vertices: p634(v70) p729(v34) p169(v15)
    - neighboring facets: f143 f325 f326
- f329
    - flags: top simplicial
    - normal:   -0.6025  -0.7977  0.02434
    - offset: -0.0347305
    - vertices: p667(v71) p69(v57) p580(v23)
    - neighboring facets: f380 f335 f421
- f334
    - flags: bottom simplicial
    - normal:   -0.2584  -0.7321   0.6302
    - offset: -0.0114626
    - vertices: p274(v72) p693(v47) p580(v23)
    - neighboring facets: f378 f335 f427
- f335
    - flags: top simplicial
    - normal:   -0.2601  -0.9656 0.007202
    - offset: -0.03508724
    - vertices: p274(v72) p667(v71) p580(v23)
    - neighboring facets: f329 f334 f437
- f336
    - flags: bottom simplicial
    - normal:    0.2667  -0.9636 -0.01742
    - offset: -0.03535347
    - vertices: p274(v72) p634(v70) p21(v5)
    - neighboring facets: f326 f432 f433
- f343
    - flags: bottom simplicial
    - normal:   -0.9683   0.2483  0.02915
    - offset: -0.03229353
    - vertices: p581(v73) p63(v13) p460(v0)
    - neighboring facets: f40 f344 f345
- f344
    - flags: top simplicial
    - normal:   -0.9718   0.2215  0.08021
    - offset: -0.03056372
    - vertices: p581(v73) p927(v26) p460(v0)
    - neighboring facets: f453 f343 f348
- f345
    - flags: bottom simplicial
    - normal:   -0.6959   0.7023   0.1497
    - offset: -0.02690194
    - vertices: p581(v73) p835(v54) p63(v13)
    - neighboring facets: f238 f343 f346
- f346
    - flags: top simplicial
    - normal:   -0.6817   0.7083   0.1832
    - offset: -0.02559202
    - vertices: p581(v73) p835(v54) p195(v50)
    - neighboring facets: f398 f349 f345
- f348
    - flags: bottom simplicial
    - normal:   -0.9207   0.2495      0.3
    - offset: -0.02309663
    - vertices: p575(v74) p581(v73) p927(v26)
    - neighboring facets: f344 f452 f349
- f349
    - flags: top simplicial
    - normal:   -0.8513   0.3225   0.4138
    - offset: -0.01873972
    - center: -0.0299554 0.01180261666666667 -0.02554203333333334 
    - vertices: p575(v74) p581(v73) p195(v50)
    - neighboring facets: f346 f507 f348
- f354
    - flags: bottom simplicial
    - normal:    0.9579  -0.2505   0.1403
    - offset: -0.02854528
    - vertices: p556(v75) p189(v29) p169(v15)
    - neighboring facets: f228 f356 f446
- f356
    - flags: bottom simplicial
    - normal:    0.9744  -0.2243  0.01496
    - offset: -0.03325523
    - vertices: p556(v75) p169(v15) p866(v1)
    - neighboring facets: f259 f357 f354
- f357
    - flags: top simplicial
    - normal:    0.9971  0.07535  0.00467
    - offset: -0.03436543
    - vertices: p556(v75) p262(v21) p866(v1)
    - neighboring facets: f516 f356 f358
- f358
    - flags: bottom simplicial
    - normal:    0.9632   0.2687  0.01058
    - offset: -0.03298342
    - vertices: p556(v75) p262(v21) p740(v8)
    - neighboring facets: f169 f445 f357
- f360
    - flags: bottom simplicial
    - normal:    0.2584  -0.1337   0.9567
    - offset: 0.01266251
    - vertices: p327(v76) p242(v53) p189(v29)
    - neighboring facets: f229 f448 f428
- f364
    - flags: top simplicial
    - normal:   0.09943   0.7631   0.6386
    - offset: -0.007842981
    - vertices: p796(v77) p55(v30) p567(v16)
    - neighboring facets: f312 f365 f399
- f365
    - flags: bottom simplicial
    - normal:   0.08698   0.4723   0.8771
    - offset: 0.006263313
    - center: 0.007830207666666667 0.02844146666666666 -0.02323306666666667 
    - vertices: p796(v77) p714(v55) p567(v16)
    - neighboring facets: f244 f364 f509
- f370
    - flags: top simplicial
    - normal:   -0.8563  -0.5164 -0.0005139
    - offset: -0.03569921
    - vertices: p26(v78) p503(v56) p439(v31)
    - neighboring facets: f275 f532 f383
- f373
    - flags: top simplicial
    - normal:   -0.9848  -0.1732 -0.01236
    - offset: -0.03495242
    - vertices: p26(v78) p139(v17) p460(v0)
    - neighboring facets: f155 f382 f530
- f378
    - flags: top simplicial
    - normal:   -0.6544  -0.7307   0.1946
    - offset: -0.02901005
    - center: -0.02188439999999999 -0.026491 -0.0239897 
    - vertices: p239(v79) p693(v47) p580(v23)
    - neighboring facets: f334 f380 f501
- f380
    - flags: bottom simplicial
    - normal:   -0.6799  -0.7313  0.05438
    - offset: -0.0330559
    - vertices: p239(v79) p69(v57) p580(v23)
    - neighboring facets: f329 f378 f381
- f381
    - flags: top simplicial
    - normal:   -0.6866  -0.7257  0.04303
    - offset: -0.03342108
    - vertices: p239(v79) p69(v57) p503(v56)
    - neighboring facets: f392 f383 f380
- f382
    - flags: top simplicial
    - normal:   -0.9689  -0.2474 -0.003151
    - offset: -0.0341545
    - vertices: p239(v79) p26(v78) p460(v0)
    - neighboring facets: f373 f454 f383
- f383
    - flags: bottom simplicial
    - normal:   -0.8636  -0.5042 -0.000589
    - offset: -0.03568338
    - vertices: p239(v79) p26(v78) p503(v56)
    - neighboring facets: f370 f381 f382
- f384
    - flags: top simplicial
    - normal:    0.1448   0.5079  -0.8491
    - offset: -0.2003394
    - vertices: p700(v80) p514(v41) p806(v3)
    - neighboring facets: f173 f512 f389
- f389
    - flags: top simplicial
    - normal:    0.1446   0.7338  -0.6638
    - offset: -0.1585535
    - vertices: p700(v80) p295(v65) p514(v41)
    - neighboring facets: f292 f384 f468
- f392
    - flags: bottom simplicial
    - normal:   -0.7001   -0.714 0.007658
    - offset: -0.03459021
    - vertices: p960(v81) p69(v57) p503(v56)
    - neighboring facets: f381 f474 f472
- f396
    - flags: top simplicial
    - normal:   -0.4494   0.8864   0.1111
    - offset: -0.02877572
    - vertices: p604(v82) p835(v54) p982(v14)
    - neighboring facets: f238 f397 f398
- f397
    - flags: bottom simplicial
    - normal:    -0.362   0.9289  0.07869
    - offset: -0.02963868
    - vertices: p604(v82) p947(v63) p982(v14)
    - neighboring facets: f285 f396 f476
- f398
    - flags: bottom simplicial
    - normal:    -0.649   0.7254   0.2293
    - offset: -0.0237873
    - center: -0.02029676666666666 0.0238755 -0.0292398 
    - vertices: p604(v82) p835(v54) p195(v50)
    - neighboring facets: f346 f510 f396
- f399
    - flags: bottom simplicial
    - normal:   -0.2342   0.7071   0.6672
    - offset: -0.005708791
    - center: -0.005159122333333334 0.02976786666666667 -0.02480136666666667 
    - vertices: p604(v82) p796(v77) p55(v30)
    - neighboring facets: f364 f475 f511
- f401
    - flags: bottom simplicial
    - normal:  -0.07566   0.9919  -0.1025
    - offset: -0.04310751
    - vertices: p887(v83) p801(v67) p781(v6)
    - neighboring facets: f305 f404 f402
- f402
    - flags: top simplicial
    - normal:  -0.000128   0.9942  -0.1071
    - offset: -0.04213478
    - vertices: p887(v83) p801(v67) p143(v42)
    - neighboring facets: f485 f403 f401
- f403
    - flags: top simplicial
    - normal:   -0.5111   0.8595 -0.005993
    - offset: -0.03371782
    - vertices: p887(v83) p143(v42) p982(v14)
    - neighboring facets: f285 f405 f402
- f404
    - flags: top simplicial
    - normal:   -0.7312   0.6821 0.007024
    - offset: -0.03266818
    - vertices: p887(v83) p63(v13) p781(v6)
    - neighboring facets: f210 f401 f405
- f405
    - flags: top simplicial
    - normal:   -0.7142   0.6999 0.008718
    - offset: -0.03236976
    - vertices: p887(v83) p982(v14) p63(v13)
    - neighboring facets: f238 f404 f403
- f406
    - flags: top simplicial
    - normal:  1.652e-06   0.9942  -0.1071
    - offset: -0.04213452
    - vertices: p167(v84) p801(v67) p862(v43)
    - neighboring facets: f306 f407 f486
- f407
    - flags: top simplicial
    - normal:  1.393e-05   0.9942  -0.1072
    - offset: -0.04213604
    - vertices: p167(v84) p862(v43) p827(v22)
    - neighboring facets: f467 f482 f406
- f420
    - flags: top simplicial
    - normal:   -0.6188  -0.7855 -0.002204
    - offset: -0.03561937
    - vertices: p601(v87) p87(v61) p69(v57)
    - neighboring facets: f471 f421 f565
- f421
    - flags: bottom simplicial
    - normal:   -0.6037  -0.7972 0.002365
    - offset: -0.03552966
    - vertices: p601(v87) p667(v71) p69(v57)
    - neighboring facets: f329 f420 f566
- f427
    - flags: top simplicial
    - normal:  -0.02311  -0.2268   0.9737
    - offset: 0.01538103
    - center: -0.00407668 -0.031673 -0.0232715 
    - vertices: p94(v89) p274(v72) p693(v47)
    - neighboring facets: f334 f503 f432
- f428
    - flags: top simplicial
    - normal:   0.02732 -0.03652    0.999
    - offset: 0.02129008
    - center: 0.01914971 -0.02300706666666667 -0.0226771 
    - vertices: p94(v89) p327(v76) p242(v53)
    - neighboring facets: f360 f431 f504
- f431
    - flags: top simplicial
    - normal:    0.1921  -0.4356   0.8794
    - offset: 0.005372738
    - vertices: p94(v89) p242(v53) p21(v5)
    - neighboring facets: f229 f432 f428
- f432
    - flags: bottom simplicial
    - normal:    0.1861  -0.4611   0.8676
    - offset: 0.004385235
    - vertices: p94(v89) p274(v72) p21(v5)
    - neighboring facets: f336 f431 f427
- f433
    - flags: top simplicial
    - normal:  0.0008642  -0.9983 -0.05837
    - offset: -0.03774127
    - vertices: p962(v90) p274(v72) p634(v70)
    - neighboring facets: f336 f550 f437
- f437
    - flags: bottom simplicial
    - normal:   -0.2411  -0.9703 -0.01993
    - offset: -0.03590919
    - vertices: p962(v90) p274(v72) p667(v71)
    - neighboring facets: f335 f567 f433
- f445
    - flags: bottom simplicial
    - normal:    0.9438   0.1005    0.315
    - offset: -0.02226886
    - vertices: p592(v92) p556(v75) p740(v8)
    - neighboring facets: f358 f447 f446
- f446
    - flags: top simplicial
    - normal:    0.9406  -0.1608    0.299
    - offset: -0.02270303
    - vertices: p592(v92) p556(v75) p189(v29)
    - neighboring facets: f354 f448 f445
- f447
    - flags: top simplicial
    - normal:    0.2032  0.02924   0.9787
    - offset: 0.01716796
    - vertices: p592(v92) p327(v76) p740(v8)
    - neighboring facets: f450 f445 f448
- f448
    - flags: bottom simplicial
    - normal:      0.38 -0.03562   0.9243
    - offset: 0.01021344
    - vertices: p592(v92) p327(v76) p189(v29)
    - neighboring facets: f360 f446 f447
- f449
    - flags: top simplicial
    - normal:    0.1029  0.07688   0.9917
    - offset:  0.0197057
    - vertices: p554(v93) p714(v55) p740(v8)
    - neighboring facets: f244 f450 f451
- f450
    - flags: bottom simplicial
    - normal:    0.1743   0.0325   0.9842
    - offset: 0.01811263
    - vertices: p554(v93) p327(v76) p740(v8)
    - neighboring facets: f447 f449 f451
- f451
    - flags: top simplicial seen
    - normal:   0.07943  0.03844   0.9961
    - offset: 0.02100321
    - center: 0.02024209333333333 0.008604466666666666 -0.02303166666666667 
    - vertices: p554(v93) p327(v76) p714(v55)
    - neighboring facets: f573 f449 f450
    - ridges:
- f452
    - flags: bottom simplicial
    - normal:   -0.9126   0.2104   0.3507
    - offset: -0.02143333
    - center: -0.0324669 0.001161783333333333 -0.02406306666666666 
    - vertices: p878(v94) p575(v74) p927(v26)
    - neighboring facets: f348 f453 f506
- f453
    - flags: bottom simplicial
    - normal:    -0.991  0.04039   0.1274
    - offset: -0.02971883
    - vertices: p878(v94) p927(v26) p460(v0)
    - neighboring facets: f344 f454 f452
- f454
    - flags: top simplicial
    - normal:   -0.9801  -0.1777  0.08837
    - offset: -0.03106711
    - center: -0.03275326666666668 -0.007913613333333335 -0.0276204 
    - vertices: p878(v94) p239(v79) p460(v0)
    - neighboring facets: f382 f453 f542
- f461
    - flags: bottom simplicial
    - normal:    0.1803  -0.2482  -0.9518
    - offset: -0.2234296
    - vertices: p101(v95) p450(v32) p806(v3)
    - neighboring facets: f153 f513 f463
- f463
    - flags: bottom simplicial
    - normal:    0.1956  -0.5293  -0.8256
    - offset: -0.1967974
    - vertices: p101(v95) p173(v60) p450(v32)
    - neighboring facets: f271 f461 f514
- f465
    - flags: top simplicial
    - normal:    0.5302   0.7053  -0.4706
    - offset: -0.1273787
    - vertices: p255(v96) p700(v80) p262(v21)
    - neighboring facets: f517 f466 f468
- f466
    - flags: bottom simplicial
    - normal:    0.4489   0.8805  -0.1524
    - offset: -0.05476152
    - vertices: p255(v96) p827(v22) p262(v21)
    - neighboring facets: f483 f465 f467
- f467
    - flags: bottom simplicial
    - normal:    0.1836   0.9513  -0.2475
    - offset: -0.06791135
    - vertices: p255(v96) p862(v43) p827(v22)
    - neighboring facets: f407 f466 f469
- f468
    - flags: bottom simplicial
    - normal:    0.1492   0.7592  -0.6335
    - offset: -0.1518442
    - vertices: p255(v96) p700(v80) p295(v65)
    - neighboring facets: f389 f470 f465
- f469
    - flags: top simplicial
    - normal:    0.1489   0.8278  -0.5409
    - offset: -0.1315926
    - vertices: p255(v96) p862(v43) p975(v19)
    - neighboring facets: f183 f470 f467
- f470
    - flags: bottom simplicial
    - normal:    0.1487   0.8225   -0.549
    - offset: -0.1333614
    - vertices: p255(v96) p295(v65) p975(v19)
    - neighboring facets: f292 f469 f468
- f471
    - flags: bottom simplicial
    - normal:   -0.6388  -0.7694 -0.0003742
    - offset: -0.0354312
    - vertices: p19(v97) p87(v61) p69(v57)
    - neighboring facets: f420 f472 f473
- f472
    - flags: top simplicial
    - normal:   -0.7002  -0.7139 0.005565
    - offset: -0.03466538
    - vertices: p19(v97) p960(v81) p69(v57)
    - neighboring facets: f392 f471 f474
- f473
    - flags: top simplicial
    - normal:    -0.759  -0.6511 0.003242
    - offset: -0.03526864
    - vertices: p19(v97) p87(v61) p503(v56)
    - neighboring facets: f275 f474 f471
- f474
    - flags: bottom simplicial
    - normal:   -0.7441  -0.6681 0.003879
    - offset: -0.0351307
    - vertices: p19(v97) p960(v81) p503(v56)
    - neighboring facets: f392 f473 f472
- f475
    - flags: bottom simplicial
    - normal:   -0.1873   0.9746   0.1229
    - offset: -0.02731571
    - vertices: p403(v98) p604(v82) p55(v30)
    - neighboring facets: f399 f478 f476
- f476
    - flags: top simplicial
    - normal:   -0.1945   0.9795   0.0531
    - offset: -0.02942826
    - vertices: p403(v98) p604(v82) p947(v63)
    - neighboring facets: f397 f477 f475
- f477
    - flags: top simplicial
    - normal:   -0.1558   0.9877  0.01605
    - offset: -0.03055856
    - vertices: p403(v98) p947(v63) p795(v37)
    - neighboring facets: f286 f479 f476
- f478
    - flags: bottom simplicial
    - normal:  -0.08397   0.9961  0.02526
    - offset: -0.0302891
    - vertices: p403(v98) p55(v30) p429(v2)
    - neighboring facets: f311 f479 f475
- f479
    - flags: top simplicial
    - normal:  -0.09063   0.9956  0.02404
    - offset: -0.03033146
    - vertices: p403(v98) p795(v37) p429(v2)
    - neighboring facets: f157 f478 f477
- f482
    - flags: top simplicial
    - normal:  2.929e-05   0.9942  -0.1072
    - offset: -0.04213581
    - vertices: p67(v99) p167(v84) p827(v22)
    - neighboring facets: f407 f483 f487
- f483
    - flags: top simplicial
    - normal:    0.5306   0.8402  -0.1118
    - offset: -0.04835051
    - vertices: p67(v99) p827(v22) p262(v21)
    - neighboring facets: f466 f484 f482
- f484
    - flags: bottom simplicial
    - normal:    0.5643   0.8199  -0.0967
    - offset: -0.04606636
    - vertices: p67(v99) p831(v66) p262(v21)
    - neighboring facets: f303 f483 f489
- f485
    - flags: bottom simplicial
    - normal:  7.217e-07   0.9942  -0.1071
    - offset: -0.04213434
    - vertices: p651(v100) p801(v67) p143(v42)
    - neighboring facets: f402 f488 f486
- f486
    - flags: bottom simplicial
    - normal:  1.143e-06   0.9942  -0.1071
    - offset: -0.04213441
    - vertices: p651(v100) p167(v84) p801(v67)
    - neighboring facets: f406 f485 f487
- f487
    - flags: bottom simplicial
    - normal:  1.433e-05   0.9942  -0.1071
    - offset: -0.04213475
    - vertices: p651(v100) p67(v99) p167(v84)
    - neighboring facets: f482 f486 f489
- f488
    - flags: top simplicial
    - normal:  6.758e-06   0.9943  -0.1071
    - offset: -0.04212228
    - vertices: p651(v100) p831(v66) p143(v42)
    - neighboring facets: f296 f485 f489
- f489
    - flags: top simplicial
    - normal:  1.593e-05   0.9943  -0.1071
    - offset: -0.04212517
    - vertices: p651(v100) p67(v99) p831(v66)
    - neighboring facets: f484 f488 f487
- f491
    - flags: top simplicial
    - normal:    0.1799  -0.9521  -0.2472
    - offset: -0.07076909
    - vertices: p871(v101) p611(v85) p141(v33)
    - neighboring facets: f497 f519 f525
- f497
    - flags: bottom simplicial
    - normal:    0.2404  -0.9456  -0.2194
    - offset: -0.06657408
    - vertices: p118(v102) p611(v85) p141(v33)
    - neighboring facets: f491 f534 f540
- f501
    - flags: bottom simplicial tested
    - normal:   -0.1059  -0.0864   0.9906
    - offset: 0.01819561
    - center: -0.0261347 -0.0202069 -0.0229241 
    - vertices: p304(v103) p239(v79) p693(v47)
    - neighboring facets: f378 f503 f543
- f503
    - flags: top simplicial tested
    - normal:  -0.01279 -0.02805   0.9995
    - offset: 0.02185694
    - center: -0.01350739 -0.0239974 -0.02271353333333333 
    - vertices: p304(v103) p94(v89) p693(v47)
    - neighboring facets: f427 f501 f504
- f504
    - flags: bottom simplicial tested seen
    - normal:  -1.02e-05 -0.0002562        1
    - offset: 0.02260678
    - center: 0.001780676666666666 -0.01965206666666667 -0.0226118 
    - vertices: p304(v103) p94(v89) p327(v76)
    - neighboring facets: f428 f574 f503
    - ridges:
- f506
    - flags: top simplicial tested seen
    - normal:   -0.3452   0.1264     0.93
    - offset: 0.01009598
    - center: -0.03024653333333334 0.005270306666666665 -0.02280143333333334 
    - vertices: p739(v104) p878(v94) p575(v74)
    - neighboring facets: f452 f507 f572
    - ridges:
- f507
    - flags: top simplicial tested
    - normal:   -0.6378   0.3091   0.7054
    - offset: -0.005273966
    - center: -0.02864356666666667 0.01165295 -0.02352719999999999 
    - vertices: p739(v104) p575(v74) p195(v50)
    - neighboring facets: f349 f510 f506
- f509
    - flags: top simplicial tested seen
    - normal:  -0.04008  0.09253   0.9949
    - offset: 0.02016454
    - center: -0.007161459000000001 0.02364943333333333 -0.02275583333333333 
    - vertices: p739(v104) p796(v77) p714(v55)
    - neighboring facets: f365 f575 f511
    - ridges:
- f510
    - flags: bottom simplicial tested
    - normal:   -0.4107   0.5469   0.7295
    - offset: -0.001918821
    - center: -0.0229783 0.01923713333333334 -0.024731 
    - vertices: p739(v104) p604(v82) p195(v50)
    - neighboring facets: f398 f507 f511
- f511
    - flags: top simplicial tested
    - normal:   -0.2672   0.4592   0.8472
    - offset: 0.005767705
    - center: -0.01374805233333333 0.0239963 -0.02415056666666667 
    - vertices: p739(v104) p604(v82) p796(v77)
    - neighboring facets: f399 f509 f510
- f512
    - flags: top simplicial
    - normal:    0.1869  -0.1305  -0.9737
    - offset: -0.2285877
    - vertices: p310(v105) p700(v80) p806(v3)
    - neighboring facets: f384 f513 f517
- f513
    - flags: bottom simplicial
    - normal:    0.1822  -0.2357  -0.9546
    - offset: -0.2240574
    - vertices: p310(v105) p101(v95) p806(v3)
    - neighboring facets: f461 f512 f514
- f514
    - flags: top simplicial
    - normal:    0.3457  -0.3403  -0.8745
    - offset: -0.2115002
    - vertices: p310(v105) p101(v95) p173(v60)
    - neighboring facets: f463 f515 f513
- f515
    - flags: top simplicial
    - normal:    0.9698 -0.09311  -0.2253
    - offset: -0.08536142
    - vertices: p310(v105) p173(v60) p866(v1)
    - neighboring facets: f268 f516 f514
- f516
    - flags: bottom simplicial
    - normal:    0.9952  0.06728 -0.07095
    - offset: -0.05107519
    - vertices: p310(v105) p262(v21) p866(v1)
    - neighboring facets: f357 f515 f517
- f517
    - flags: bottom simplicial
    - normal:    0.8806   0.3315  -0.3387
    - offset: -0.1081564
    - vertices: p310(v105) p700(v80) p262(v21)
    - neighboring facets: f465 f516 f512
- f518
    - flags: bottom simplicial
    - normal:    0.1709  -0.8732  -0.4564
    - offset: -0.1165297
    - vertices: p496(v106) p750(v59) p141(v33)
    - neighboring facets: f263 f519 f520
- f519
    - flags: top simplicial
    - normal:    0.1709  -0.8734   -0.456
    - offset: -0.1164558
    - vertices: p496(v106) p871(v101) p141(v33)
    - neighboring facets: f491 f518 f526
- f520
    - flags: top simplicial
    - normal:   -0.6309  -0.7365  -0.2441
    - offset: -0.08748591
    - vertices: p496(v106) p750(v59) p139(v17)
    - neighboring facets: f262 f529 f518
- f525
    - flags: bottom simplicial
    - normal:  0.006613  -0.9926  -0.1209
    - offset: -0.04757293
    - vertices: p679(v107) p871(v101) p611(v85)
    - neighboring facets: f491 f554 f526
- f526
    - flags: bottom simplicial
    - normal:  -0.006429  -0.9925  -0.1222
    - offset: -0.04819509
    - vertices: p679(v107) p496(v106) p871(v101)
    - neighboring facets: f519 f525 f529
- f529
    - flags: top simplicial
    - normal:   -0.7183  -0.6882  -0.1019
    - offset:  -0.056697
    - vertices: p679(v107) p496(v106) p139(v17)
    - neighboring facets: f520 f530 f526
- f530
    - flags: bottom simplicial
    - normal:   -0.8898  -0.4552 -0.03249
    - offset: -0.04175752
    - vertices: p679(v107) p26(v78) p139(v17)
    - neighboring facets: f373 f529 f532
- f531
    - flags: bottom simplicial
    - normal:   -0.7682  -0.6402 0.002828
    - offset: -0.03535062
    - vertices: p679(v107) p87(v61) p439(v31)
    - neighboring facets: f275 f532 f562
- f532
    - flags: top simplicial
    - normal:   -0.8499  -0.5269 -0.002789
    - offset: -0.03616768
    - vertices: p679(v107) p26(v78) p439(v31)
    - neighboring facets: f370 f531 f530
- f533
    - flags: top simplicial
    - normal:    0.6341   -0.771 -0.05935
    - offset: -0.04264689
    - vertices: p864(v108) p634(v70) p141(v33)
    - neighboring facets: f325 f534 f535
- f534
    - flags: bottom simplicial
    - normal:    0.3676  -0.9158  -0.1616
    - offset: -0.05772788
    - vertices: p864(v108) p118(v102) p141(v33)
    - neighboring facets: f497 f533 f535
- f535
    - flags: top simplicial
    - normal:    0.2285  -0.9648  -0.1301
    - offset: -0.05162666
    - vertices: p864(v108) p118(v102) p634(v70)
    - neighboring facets: f537 f533 f534
- f537
    - flags: bottom simplicial
    - normal:   0.04977  -0.9932   -0.105
    - offset: -0.0454666
    - vertices: p715(v109) p118(v102) p634(v70)
    - neighboring facets: f535 f551 f540
- f540
    - flags: top simplicial
    - normal:  5.057e-06  -0.9942  -0.1071
    - offset: -0.04514075
    - vertices: p715(v109) p118(v102) p611(v85)
    - neighboring facets: f497 f556 f537
- f542
    - flags: bottom simplicial tested seen
    - normal:   -0.1915  -0.0758   0.9786
    - offset: 0.01551064
    - center: -0.03127746666666666 -0.01099874333333333 -0.02282236666666667 
    - vertices: p411(v110) p878(v94) p239(v79)
    - neighboring facets: f454 f543 f572
    - ridges:
- f543
    - flags: top simplicial tested seen
    - normal:   -0.1361 -0.07679   0.9877
    - offset: 0.01738891
    - center: -0.02985676666666667 -0.01418953333333333 -0.02282236666666666 
    - vertices: p411(v110) p304(v103) p239(v79)
    - neighboring facets: f501 f542 f574
    - ridges:
- f550
    - flags: top simplicial
    - normal:  0.002177   -0.996  -0.0889
    - offset: -0.04228366
    - vertices: p166(v112) p962(v90) p634(v70)
    - neighboring facets: f433 f551 f561
- f551
    - flags: bottom simplicial
    - normal:  0.002217   -0.996 -0.08912
    - offset: -0.04231693
    - vertices: p166(v112) p715(v109) p634(v70)
    - neighboring facets: f537 f550 f559
- f554
    - flags: bottom simplicial
    - normal:  0.001069  -0.9935   -0.114
    - offset: -0.04632876
    - vertices: p807(v113) p679(v107) p611(v85)
    - neighboring facets: f525 f556 f555
- f555
    - flags: bottom simplicial
    - normal:  0.0001939  -0.9935  -0.1136
    - offset: -0.04626477
    - vertices: p807(v113) p916(v111) p679(v107)
    - neighboring facets: f563 f554 f557
- f556
    - flags: top simplicial
    - normal:  4.628e-06  -0.9942  -0.1071
    - offset: -0.04514074
    - vertices: p807(v113) p715(v109) p611(v85)
    - neighboring facets: f540 f554 f557
- f557
    - flags: top simplicial
    - normal:  3.915e-06  -0.9942  -0.1071
    - offset: -0.04514054
    - vertices: p807(v113) p916(v111) p715(v109)
    - neighboring facets: f570 f556 f555
- f559
    - flags: top simplicial
    - normal:  -2.29e-07  -0.9942  -0.1071
    - offset: -0.04513832
    - vertices: p185(v114) p166(v112) p715(v109)
    - neighboring facets: f551 f571 f569
- f561
    - flags: bottom simplicial
    - normal:   -0.1457  -0.9862 -0.07893
    - offset: -0.04342593
    - vertices: p89(v115) p166(v112) p962(v90)
    - neighboring facets: f550 f567 f564
- f562
    - flags: top simplicial
    - normal:   -0.6013   -0.799 -0.005468
    - offset: -0.03609664
    - vertices: p89(v115) p679(v107) p87(v61)
    - neighboring facets: f531 f565 f563
- f563
    - flags: top simplicial
    - normal:  -0.03766  -0.9936  -0.1065
    - offset: -0.04583972
    - vertices: p89(v115) p916(v111) p679(v107)
    - neighboring facets: f555 f562 f564
- f564
    - flags: top simplicial
    - normal:  -2.04e-05  -0.9942  -0.1071
    - offset: -0.04513903
    - vertices: p89(v115) p166(v112) p916(v111)
    - neighboring facets: f568 f563 f561
- f565
    - flags: bottom simplicial
    - normal:   -0.6096  -0.7927 -0.003139
    - offset: -0.03571849
    - vertices: p89(v115) p601(v87) p87(v61)
    - neighboring facets: f420 f562 f566
- f566
    - flags: top simplicial
    - normal:   -0.5857  -0.8105 -0.004526
    - offset: -0.03590974
    - vertices: p89(v115) p601(v87) p667(v71)
    - neighboring facets: f421 f567 f565
- f567
    - flags: bottom simplicial
    - normal:   -0.5365  -0.8439 -0.00784
    - offset: -0.03628909
    - vertices: p89(v115) p962(v90) p667(v71)
    - neighboring facets: f437 f566 f561
- f568
    - flags: bottom simplicial
    - normal:  -1.759e-05  -0.9942  -0.1071
    - offset: -0.04513902
    - vertices: p278(v116) p166(v112) p916(v111)
    - neighboring facets: f564 f570 f569
- f569
    - flags: bottom simplicial
    - normal:  -6.943e-06  -0.9942  -0.1071
    - offset: -0.04513875
    - vertices: p278(v116) p185(v114) p166(v112)
    - neighboring facets: f559 f568 f571
- f570
    - flags: bottom simplicial
    - normal:  2.442e-06  -0.9942  -0.1071
    - offset: -0.04514003
    - vertices: p278(v116) p916(v111) p715(v109)
    - neighboring facets: f557 f571 f568
- f571
    - flags: top simplicial
    - normal:  2.235e-06  -0.9942  -0.1071
    - offset: -0.04513992
    - vertices: p278(v116) p185(v114) p715(v109)
    - neighboring facets: f559 f570 f569
- f572
    - flags: bottom simplicial tricoplanar keepcentrum
    - owner of normal & centrum is facet f572
    - normal:        -0       -0        1
    - offset:  0.0226105
    - center: -0.01441402 -0.0003261549999999998 -0.0226105 
    - vertices: p411(v110) p739(v104) p878(v94)
    - neighboring facets: f506 f542 f575
- f573
    - flags: bottom simplicial tricoplanar
    - owner of normal & centrum is facet f572
    - normal:        -0       -0        1
    - offset:  0.0226105
    - center: -0.01441402 -0.0003261549999999998 -0.0226105 
    - vertices: p411(v110) p327(v76) p714(v55)
    - neighboring facets: f451 f575 f574
- f574
    - flags: bottom simplicial tricoplanar
    - owner of normal & centrum is facet f572
    - normal:        -0       -0        1
    - offset:  0.0226105
    - center: -0.01441402 -0.0003261549999999998 -0.0226105 
    - vertices: p411(v110) p304(v103) p327(v76)
    - neighboring facets: f504 f573 f543
- f575
    - flags: top simplicial tricoplanar
    - owner of normal & centrum is facet f572
    - normal:        -0       -0        1
    - offset:  0.0226105
    - center: -0.01441402 -0.0003261549999999998 -0.0226105 
    - vertices: p411(v110) p739(v104) p714(v55)
    - neighboring facets: f509 f573 f572
