3
1000 176 264
-0.0935 0.06326519999999999 -0.0169038 
-0.0230264 -0.0531524 -0.000100002 
0.0505 0.0610046 -0.00207552 
-0.0590905 -0.0575176 -0.0201 
-0.0637315 0.0514652 -0.0201 
-0.06981999999999999 -0.0607558 -0.000100002 
-0.0759587 -0.0231001 -0.0101 
-0.0881528 0.0650771 -0.000100002 
-0.0426668 -0.0342889 -0.0101 
-0.0369035 -0.00636772 -0.0101 
-0.0511162 -0.116155 -0.0201 
-0.07702100000000001 0.0744843 -0.0201 
-0.06791759999999999 0.014416 -0.000100002 
-0.0702175 -0.118049 -0.0201 
0.0212428 -0.06798070000000001 -0.0201 
-0.0147671 -0.121678 -0.0201 
0.00787145 -0.029213 -0.0101 
-0.0277306 0.0621899 -0.000100002 
-0.0173599 -0.132832 -0.0201 
0.0384196 -0.112451 -0.000100002 
-0.019747 0.00688026 -7.98702e-10 
-0.0298694 -0.127103 -0.0201 
-0.000254001 -0.0132408 -0.0101 
-0.0926903 0.0237162 -0.0201 
0.0360815 -0.134426 -0.000100002 
-0.0505472 -0.0618394 -0.000100002 
0.0367013 -0.00576667 -0.000100002 
-0.08441510000000001 -0.139818 -0.00229535 
0.0385762 0.00234212 -0.0201 
0.0414142 -0.0216985 -0.0101 
-0.09162629999999999 -0.0819136 -0.000100002 
0.021076 0.0830013 -0.000100002 
-0.0590604 -0.0210012 -0.000100002 
0.0107708 0.0925 -0.0173909 
0.00265223 -0.023142 -0.0101 
-0.0143009 -0.135679 -0.000100002 
-0.0396143 0.00677117 -0.0201 
-0.0650522 -0.10847 -0.000100002 
0.0128489 -0.0342118 -0.0101 
-0.0352572 -0.107368 -0.0201 
-0.0935 -0.0599855 -0.0132214 
-0.073029 -0.0774565 -0.0201 
-0.06890499999999999 -0.048 -0.0167966 
-0.0528183 -0.128967 -0.0201 
-0.0850344 0.0293264 -0.0201 
0.0149652 0.0662901 -0.000100002 
-0.0844828 -0.00258547 -0.000100002 
-0.00381739 0.0855052 -0.0201 
0.0159151 0.0754586 -0.0201 
-0.0369093 -0.130207 -0.000100002 
-0.0488516 -0.0810077 -0.000100002 
-0.07359590000000001  -0.14 -0.00269239 
-0.0840785 0.06993290000000001 -0.000100002 
-0.0829831 -0.0204497 -0.0101 
-0.07556690000000001 -0.07355159999999999 -0.000100003 
0.0218243 -0.0753515 -0.0201 
-0.0441711 0.0213018 -0.0201 
-0.0232304 0.0670864 -0.0201 
0.0505 0.0368716 -0.0139945 
-0.0935 0.0762343 -0.00349214 
0.047877 -0.0922246 -0.000100003 
-0.000934744 -0.113652 -0.000100002 
-0.074943 -0.132618 -0.0201 
0.0505 -0.104124 -0.00776377 
-0.0214336 0.0522743 -0.000100002 
-0.0553186 -0.0915692 -0.0201 
-0.0565936 -0.06374109999999999 -0.0201 
-0.00346927 -0.0594637 -0.000100003 
-0.0935 -0.038272 -0.008034700000000001 
0.0366882 0.0239534 -0.0201 
-0.0894538 0.00509043 -0.0201 
-0.0935 -0.07606930000000001 -0.00531563 
-0.0416047 -0.113593 -0.000100002 
-0.07644189999999999 0.0163347 -0.000100002 
-0.0914203 0.00669153 -0.000100002 
-0.0336135 0.0226044 -0.0201 
0.0289084  -0.14 -0.00279805 
-0.0185897 -0.048 -0.0108823 
-0.0567753 -0.11474 -0.0201 
-0.0270555 0.0005 -0.0119032 
-0.047096 -0.0541855 -0.000100002 
0.0406988 -0.13996 -0.0169439 
-0.0561209 0.0737018 -0.0201 
-0.0935 0.00877557 -0.00899956 
-0.00424088 -0.0359463 -0.000100002 
-0.0927767 0.0785385 -0.0201 
-0.0935 -0.0543083 -0.0107861 
0.0397827 -0.118029 -0.000100002 
-0.0935 0.0459954 -0.0168374 
-0.0576599 -0.120166 -0.000100002 
0.00716033 -0.07922659999999999 -0.000100002 
-0.0834169 0.050863 -0.0201 
0.0505 0.0261342 -0.008966679999999999 
-0.0495863 0.022829 -0.0201 
0.00380879 0.09178500000000001 -0.0201 
-0.08569110000000001 -0.018013 -0.000100002 
-0.00250228 0.0583597 -0.0201 
-0.00478983 -0.0336329 -0.000100002 
-0.0694863 -0.048 -0.0108462 
-0.0451447 0.0769555 -0.0201 
-0.0493764 -0.114539 -0.0201 
0.0343866 0.00200919 -0.0201 
-0.025417 0.0604677 -0.000100002 
-0.0405408 -0.0243629 -0.000100002 
0.0331587 -0.131531 -0.000100002 
0.0303016 0.0696799 -0.0201 
-0.0338503 -0.117506 -0.0201 
0.00504601 -0.0496088 -0.0201 
-0.0557764 -0.0884611 -0.0201 
-0.0513416 -0.017296 -0.0101 
-0.0519543 -0.0215254 -0.000100002 
0.0463911 -0.0232317 -0.0101 
-0.0586555 -0.0243943 -0.000100002 
-0.0755131 -0.0634055 -0.0201 
-0.080206 0.0379863 -0.0201 
-0.0310952 0.0510156 -0.0201 
-0.0935 0.0155909 -0.0148961 
-0.0154166 0.00707056 -7.98702e-10 
0.00924611 -0.0741671 -0.000100003 
-0.0446182 -0.0194106 -0.000100002 
-8.5366e-05 -0.0831245 -0.000100002 
-0.0188988 0.0005 -0.0131496 
0.0505 0.0241088 -0.010872 
-0.0935 0.00548822 -0.000508645 
0.00672166 -0.048 -0.0190003 
-0.048633 -0.0304255 -0.0101 
0.00398648 -0.118332 -0.0201 
-0.00389681 -0.0989874 -0.000100002 
0.00380512 -0.0534375 -0.0201 
0.0354109 0.0738964 -0.0201 
-0.0314507 0.0634976 -0.0201 
0.0134538 -0.0311768 -0.0101 
-0.0168285 -0.048 -0.0109764 
0.0505 0.0218608 -0.009947350000000001 
0.0094068 -0.129689 -0.000100002 
-0.0139782 0.0337673 -0.0201 
0.0420366 0.011099 -0.000100002 
-0.0562893 0.0741005 -0.000100003 
0.0198113 -0.132884 -0.0201 
0.0353968 -0.0496531 -0.000100002 
-0.0917636 -0.0478264 -0.0101 
-0.0245618 0.00500534 -7.98702e-10 
-0.00167247 0.0523423 -0.0201 
-0.0716017 -0.131082 -0.000100002 
-0.0461853  -0.14 -0.0108211 
-0.0935 -0.0737656 -0.0108193 
0.0458037 0.0293164 -0.000100002 
0.0301178 0.0925 -0.00291352 
-0.09284539999999999 -0.0653456 -0.0201 
-0.0284181 0.0005 -0.016683 
-0.0436633 -0.129232 -0.0201 
-0.0856638 -0.127502 -0.0201 
-0.0452126 0.0533277 -0.000100002 
0.00690967 0.07504769999999999 -0.000100002 
-0.0667078 0.0925 -0.010252 
-0.0838617 -0.044579 -0.000100002 
0.0218871 0.0607398 -0.000100002 
0.00637569 -0.0604568 -0.0201 
-0.0935 -0.118597 -0.00415841 
0.03373 0.0458028 -0.0201 
-0.0759058 0.0241769 -0.000100002 
0.00753662 0.07835739999999999 -0.000100002 
-0.08576300000000001 -0.0339582 -0.000100002 
0.009835790000000001 0.0380307 -0.000100002 
0.00591067 -0.132508 -0.000100002 
0.00690041 -0.0396075 -0.000100002 
-0.0480803 -0.119994 -0.000100002 
0.00598336 -0.103153 -0.000100002 
0.00137169 -0.0288751 -0.0101 
0.0451134 0.03194 -0.000100002 
-0.07529130000000001 -0.119413 -0.0201 
0.0360483 -0.07800749999999999 -0.0201 
-0.0404863 0.0270208 -0.0201 
-0.009433469999999999 0.00888567 -0.0201 
-0.0508762 -0.09255430000000001 -0.000100002 
-0.0537639 -0.0618891 -0.0201 
-0.0368314 -0.0482861 -0.000100002 
-0.0935 -0.0135255 -0.00167272 
0.0312276 0.0164865 -0.000100002 
-0.0802385 -0.0455489 -0.000100002 
-0.0911614 -0.0273293 -0.0101 
-0.00404865 -0.06863809999999999 -0.0201 
-0.0283689 0.0304932 -0.0201 
0.0182353 -0.0116853 -7.98702e-10 
0.00705472 0.0316183 -0.0201 
0.0013403 -0.0449682 -0.000100002 
-0.009432299999999999 -0.0477377 -0.0101 
-0.0554349 -0.0993055 -0.0201 
-0.0375092 -0.127387 -0.000100002 
0.0324817 -0.108467 -0.0201 
-0.0238115 -0.0941594 -0.0201 
0.0486866 -0.106184 -0.0201 
-0.0481079 -0.0250161 -0.0101 
0.0369756 -0.0414613 -0.0101 
-0.0151446 0.0357264 -0.0201 
0.0100637 -0.0791338 -0.0201 
-0.0849748 -0.0416124 -0.0101 
-0.0900914 0.0669191 -0.000100002 
-0.0795182 -0.0517494 -0.000100002 
0.0505 0.0572503 -0.014328 
-0.076348 -0.048 -0.0159964 
-0.0247202 -0.0579851 -0.0201 
0.0419712 -0.07943740000000001 -0.000100002 
0.0291169 -0.106393 -0.000100002 
-0.0269095 0.0816799 -0.000100002 
-0.0351064 0.0925 -0.009585059999999999 
-0.000563995 -0.100699 -0.0201 
0.0259924 -0.0366677 -0.0101 
-0.0935 -0.121895 -0.0177098 
-0.00960505 0.039594 -0.000100002 
-0.04445 -0.0503351 -0.000100002 
-0.0482511 -0.0158459 -0.000100002 
-0.0935 0.0165777 -0.00131723 
0.0226151 0.0754716 -0.0201 
-0.0472843 0.0340517 -0.000100002 
0.0419043 0.0675569 -0.000100002 
-0.00581961 0.0149029 -7.98702e-10 
-0.0256999 -0.037281 -0.0101 
-0.0662066 -0.0182966 -0.0101 
-0.0504566 0.000646681 -0.000100002 
0.0213231 -0.109173 -0.0201 
-0.06790210000000001 0.00511429 -0.000100002 
-0.0935 -0.0685273 -0.0169434 
0.0118565  -0.14 -0.007814969999999999 
-0.0512884 -0.07697909999999999 -0.000100002 
-0.0935 -0.0832619 -0.014546 
-0.0554613 0.0356594 -0.0201 
0.0378168 0.0683415 -0.0201 
0.0369836 0.00702651 -0.000100003 
-0.0212731 -0.131155 -0.000100002 
-0.0202067 0.0179998 -0.0201 
0.0100117 -0.0766015 -0.0201 
-0.00290836 -0.139339 -0.000100002 
-0.0672543 -0.082672 -0.0201 
0.0505 0.0512126 -0.0110617 
-0.0679326 -0.0624537 -0.000100002 
-0.0486395  -0.14 -0.0184796 
-0.0320325 -0.104559 -0.000100002 
-0.0806211 -0.122909 -0.0201 
0.0162682 0.0294136 -0.0201 
-0.00158573 -0.0239692 -7.98702e-10 
-0.0117323 -0.0140354 -0.0101 
0.0503492 -0.129543 -0.0201 
-0.043333 0.0553029 -0.000100002 
0.00431933 -0.121766 -0.0201 
0.0262244 -0.103821 -0.0201 
-0.07061389999999999 -0.0982642 -0.0201 
-0.088681 -0.0328084 -0.0101 
0.0505 0.0523476 -0.00124986 
-0.0176076 -0.0792248 -0.0201 
0.009668589999999999 -0.0484205 -0.000100002 
0.0505 0.0497468 -0.0010583 
-0.0935 -0.105897 -0.0050511 
-0.0935 -0.0928866 -0.0129525 
-0.0770633 -0.109773 -0.0201 
-0.0697697 0.00725503 -0.0201 
0.0409125 -0.048 -0.0152514 
-0.0867356 -0.0262996 -0.0101 
0.0423433 -0.11418 -0.0201 
-0.007892390000000001 -0.008514270000000001 -0.0101 
-0.09320009999999999 0.00924737 -0.000100002 
-0.046766 -0.00261119 -0.0101 
0.0109895 -0.0235228 -7.98702e-10 
-0.016198 0.07716530000000001 -0.000100002 
0.0204065 -0.115428 -0.0201 
-0.00855703  -0.14 -0.0174433 
-0.0396332 0.0158598 -0.0201 
0.0476931 -0.0695788 -0.000100002 
-0.0935 -0.0920697 -0.0188302 
-0.0935 -0.0981824 -0.00446946 
-0.0335155 0.0925 -0.00718797 
0.0378069 -0.123092 -0.000100002 
-0.0329123 0.0903997 -0.000100002 
-0.0395688 0.0312662 -0.000100002 
0.0280696 -0.0919079 -0.0201 
-0.0189919 -0.08457389999999999 -0.0201 
-0.0294892 0.00496197 -0.0201 
0.0208963 -0.046103 -0.000100002 
0.00717839 -0.0797335 -0.000100003 
0.0505 -0.118193 -0.0118384 
-0.018903 -0.0952557 -0.000100002 
0.0032076 0.0467782 -0.000100003 
0.0505 0.0475451 -0.008103849999999999 
-0.0581992 -0.0541859 -0.000100002 
-0.0180449 0.0920552 -0.0201 
-0.0741363 -0.127765 -0.0201 
-0.00532789 -0.0957008 -0.000100002 
-0.0233002 -0.0538086 -0.000100002 
-0.0824858 0.0005 -0.0145624 
-0.06458609999999999 -0.0219483 -0.0101 
-0.069093 -0.0746016 -0.0201 
0.0346301  -0.14 -0.00112179 
-0.0935 0.0278798 -0.0180817 
-0.06945750000000001 0.0498803 -0.0201 
-0.0545389 -0.0740417 -0.000100002 
0.0344801 -0.0651915 -0.000100002 
-0.0914121 0.0550782 -0.000100002 
0.00066413 0.0503604 -0.0201 
0.00181492 0.0776192 -0.000100002 
-0.0797886 -0.048 -0.0175241 
0.0109169 -0.04623 -0.0101 
0.00603267 -0.100323 -0.0201 
-0.0650714 -0.0494936 -0.000100002 
0.0505 0.00710419 -0.008189719999999999 
-0.00415303 0.0925 -0.0168613 
-0.0757752 -0.100477 -0.0201 
0.0378807 -0.00896716 -0.000100002 
0.0329802 -0.127924 -0.000100002 
0.0505 -0.0570803 -0.00383556 
-0.0381907 -0.0669795 -0.000100002 
-0.0179785 -0.0119612 -7.98702e-10 
-0.0387415 -0.0207977 -0.0101 
-0.065599 -0.0362326 -0.0101 
0.0319192 0.070107 -0.000100002 
-0.00584167 0.0336468 -0.000100002 
-0.07886849999999999 -0.0220943 -0.000100002 
-0.0639407 -0.13266 -0.000100002 
0.0184946 0.00191263 -7.98702e-10 
0.00746164 0.0736613 -0.0201 
-0.0935 -0.0504753 -0.000443187 
-0.0458062 -0.0987633 -0.0201 
-0.0514148 0.0588254 -0.0201 
-0.0372129 0.0692827 -0.0201 
-0.0594493 0.0435501 -0.000100002 
-0.0747921 0.081246 -0.0201 
-0.0935 -0.0705587 -0.00386806 
0.0353664 0.0268966 -0.000100002 
0.00549682 0.0925 -0.009427 
-0.00280049 -0.0381556 -0.0101 
0.0177555 0.07628600000000001 -0.0201 
-0.0542747 -0.107412 -0.0201 
-0.0911112 -0.0516072 -0.0201 
0.0205578  -0.14 -0.00249979 
0.0282288 -0.0279624 -0.000100002 
-0.0935 0.00181836 -0.010787 
0.0505 -0.06464 -0.00624227 
0.0011199 0.0363855 -0.000100003 
-0.0545858 -0.0337809 -0.0101 
-0.0507948 -0.130375 -0.0201 
0.0230379 -0.026959 -0.0101 
-0.0123662 0.0402296 -0.0201 
-0.0398315 -0.112872 -0.000100002 
-0.00341946 0.0923132 -0.0201 
-0.08645079999999999 0.088212 -0.000100002 
-0.0512742 -0.0176245 -0.000100002 
-0.0935 -0.0748645 -0.00737191 
-0.0354655 0.0173181 -0.000100002 
-0.090299 0.00558196 -0.000100002 
-0.0594792 -0.100443 -0.0201 
-0.0732049 -0.009122959999999999 -0.000100002 
0.00760795 -0.0679757 -0.0201 
-0.0454878 0.0176383 -0.000100002 
0.0326488 -0.119203 -0.000100002 
-0.0900903 -0.0477479 -0.000100002 
0.013243 -0.0403722 -0.0101 
-0.0848116 0.018803 -0.000100002 
-0.0426926 -0.0451845 -0.0101 
-0.06980459999999999 0.0925 -0.00118997 
-0.034466 -0.00968551 -0.000100002 
-0.0570429 -0.0819097 -0.000100002 
-0.0281595 -0.122025 -0.0201 
-0.0549406 -0.06079 -0.000100002 
-0.07543759999999999 -0.116229 -0.0201 
-0.0589001 -0.0672227 -0.000100002 
-0.0606124 -0.0521737 -0.0201 
0.037318 0.00579749 -0.000100002 
0.0398206 -0.0755818 -0.000100002 
-0.0518699 0.0113345 -0.000100002 
0.0505 -0.09085559999999999 -0.00759028 
-0.0387691 0.0442665 -0.000100002 
-0.0431459 0.0331477 -0.0201 
0.00752302 0.0677499 -0.0201 
0.0505 0.0360992 -0.00306814 
-0.0821254 0.0703472 -0.0201 
0.0055178 -0.0533649 -0.0201 
-0.06507599999999999 0.0782513 -0.0201 
-0.0117012 0.0557702 -0.0201 
-0.0852994 0.0619523 -0.0201 
-0.0935 -0.0787361 -0.0153683 
-0.0516676 -0.0934077 -0.0201 
-0.07441879999999999 0.0925 -0.0103876 
-0.00768505 0.0925 -0.0100755 
0.0394517 0.0379482 -0.000100002 
0.0450002 -0.108824 -0.0201 
0.0299212 0.0432778 -0.000100002 
-0.030254 0.0153427 -0.000100002 
0.0443433 -0.139228 -0.0103549 
9.70275e-06 -0.00878517 -7.98702e-10 
-0.0620701 0.00153927 -0.000100002 
-0.0168158 0.0005 -0.0108826 
-0.0935 -0.0903408 -0.0114438 
-0.0935 0.0697768 -0.00053395 
-0.0525874 -0.113066 -0.000100003 
-0.0152466 -0.0972365 -0.000100002 
-0.0874211 -0.053007 -0.0201 
-0.06958250000000001 -0.00592775 -0.0101 
-0.0574878 0.0228301 -0.0201 
-0.062396 0.00114217 -0.0201 
-0.0508213  -0.14 -0.0137985 
0.00244707 -0.0442447 -0.0101 
-0.0432442 -0.00632917 -0.000100002 
0.031806 -0.0056461 -0.000100002 
0.0173508 0.0600274 -0.000100002 
0.0495479 0.07565860000000001 -0.0201 
-0.0828242 0.0669964 -0.0201 
-0.0343518 0.0206851 -0.000100002 
0.0238022 0.08360529999999999 -0.0201 
0.0381575  -0.14 -0.00319454 
-0.0377337 -0.111367 -0.0201 
-0.0120533 -0.0216409 -0.0101 
0.0410133 0.0626935 -0.0201 
0.024383 0.0925 -0.0147094 
-0.0418604 -0.0984203 -0.000100002 
0.00355404 -0.0666913 -0.0201 
0.0504514 0.0103326 -0.0201 
-0.0275482 -0.118534 -0.0201 
-0.0603906 0.0438426 -0.0201 
-0.07343420000000001 -0.0911941 -0.000100002 
0.0219517 -0.126571 -0.000100003 
-0.0148812 -0.0891055 -0.0201 
0.0200346 -0.018866 -0.0101 
-0.0508355 -0.0612232 -0.000100002 
0.0505 -0.0835682 -0.00834236 
0.011084 -0.0274054 -7.98702e-10 
-0.022861 -0.0858883 -0.0201 
0.0172309 -0.0523075 -0.000100002 
-0.0480935 0.0005 -0.0153939 
0.0313764 -0.00385401 -0.0101 
-0.0335801 -0.012536 -0.000100002 
-0.08219799999999999 -0.0448731 -0.000100002 
-0.079211 0.0824237 -0.0201 
-0.0935 0.00133687 -0.00606191 
0.0073489 -0.0170371 -0.0101 
0.0173396 -0.0952723 -0.000100002 
-0.0316618 0.0393536 -0.0201 
0.0307723  -0.14 -0.0156655 
0.0143662  -0.14 -0.012616 
-0.0528087 0.0384102 -0.000100002 
0.00628579 0.0419717 -0.000100002 
0.0393578 -0.132488 -0.000100002 
-0.07693659999999999 0.08100060000000001 -0.000100002 
-0.0935 -0.0394034 -0.00374796 
-0.00119001 0.0153131 -7.98702e-10 
0.0133714 -0.0936694 -0.000100002 
0.00375807 0.0897882 -0.0201 
0.0132675 -0.0563596 -0.000100002 
-0.07412439999999999 -0.0977421 -0.000100002 
0.018714 -0.0504556 -0.0201 
-0.0553848 0.0005 -0.0143041 
0.0212283 -0.0457503 -0.000100002 
0.0153223 0.0333456 -0.000100002 
-0.0935 0.0671751 -0.00112233 
-0.0520748 -0.070991 -0.0201 
0.00164898 0.0741668 -0.000100002 
-0.06715359999999999 0.0657466 -0.000100002 
-0.0493827 0.0471362 -0.0201 
-0.0894387 0.0299004 -0.000100002 
0.0443707 -0.06275940000000001 -0.000100002 
0.0185694 0.0597958 -0.0201 
-0.0924374 -0.0681562 -0.0201 
-0.0297853 -0.0654918 -0.000100003 
-0.0935 -0.0790836 -0.00197003 
-0.0874204 -0.0662387 -0.0201 
-0.0384318 0.0005 -0.0180201 
0.00016474 0.0781279 -0.000100002 
0.0014909 0.0876096 -0.000100002 
0.0344212 -0.06336310000000001 -0.0201 
0.0505 -0.0388686 -0.00188987 
0.0211441 -0.0782745 -0.000100002 
0.0360013 -0.0309048 -0.0101 
-0.0851696 -0.0721149 -0.000100002 
0.000540987 -0.128541 -0.000100002 
0.00416608 0.0765533 -0.000100002 
0.0277651 -0.0693719 -0.000100002 
0.018786 0.0542346 -0.000100002 
-0.0528774 -0.0955573 -0.000100002 
-0.0397623 0.0527377 -0.0201 
0.00367834 -0.00526026 -0.0101 
-0.0483884 0.0565825 -0.000100002 
-0.0171668 0.0718538 -0.0201 
-0.0529872 0.0925 -0.0116344 
-0.0292604 0.0809006 -0.0201 
-0.0163464 -0.06912310000000001 -0.0201 
-0.0471826 -0.0386644 -0.0101 
-0.0659994  -0.14 -0.00276776 
-0.081723 0.00418538 -0.000100003 
0.0501211 -0.056165 -0.0201 
0.0303402 0.07489270000000001 -0.0201 
-0.0451237 -0.0790976 -0.0201 
-0.07926039999999999 -0.119747 -0.0201 
-0.0791475 0.0544216 -0.000100002 
-0.0156682 0.0376243 -0.000100002 
0.0152848 -0.139362 -0.000100002 
0.0435907 0.0103297 -0.000100002 
-0.0172635 0.0925 -0.00352907 
-0.0315435 0.0659954 -0.0201 
0.0327014 0.0462005 -0.000100002 
-0.0836286 -0.108996 -0.000100002 
-0.0899015 0.0302944 -0.0201 
0.0505 -0.10153 -0.00944972 
-0.0410454 0.0488815 -0.000100002 
0.0505 -0.106802 -0.00930135 
-0.0266013  -0.14 -0.000216866 
-0.0245047 0.07487000000000001 -0.0201 
-0.02955 -0.048 -0.0187253 
0.00165002 -0.0581709 -0.0201 
-0.00951537 0.0603622 -0.0201 
-0.0197204 0.0925 -0.008628230000000001 
-0.0801727 -0.103753 -0.0201 
-0.00422321 -0.050971 -0.000100002 
0.0311545 -0.0473522 -0.0101 
0.0192299 0.06634619999999999 -0.0201 
-0.0371623 -0.09037679999999999 -0.0201 
0.029445 -0.026709 -0.0101 
0.0460515 -0.0357755 -0.000100002 
-0.06609810000000001  -0.14 -0.0106327 
-0.0247781 0.0100119 -0.0201 
0.0450109 0.0884735 -0.000100002 
0.0318657 -0.0499943 -0.0201 
-0.0398604 0.009880140000000001 -0.000100003 
-0.0116252 -0.0964747 -0.000100002 
0.0422439 -0.139653 -0.00945316 
0.0498767 -0.0720476 -0.000100002 
0.0505 -0.126618 -0.00187057 
-0.0885334 -0.121499 -0.000100002 
0.022331 0.009744070000000001 -0.0201 
0.0505 0.0792432 -0.00888005 
0.0258707 -0.11381 -0.0201 
-0.0319577 0.0352032 -0.0201 
-0.0332748 0.0138389 -0.000100002 
-0.0935 0.071751 -0.0119204 
-0.0830061 -0.0163825 -0.000100002 
-0.0805965 -0.0547545 -0.000100002 
-0.09170739999999999 0.0878704 -0.00403547 
-0.0877686 -0.0511163 -0.0201 
0.00752682 -0.097704 -0.000100002 
0.00534435 0.0861386 -0.0201 
-0.0935 -0.0496477 -0.0192685 
-0.06782199999999999 -0.119438 -0.0201 
0.0272521 0.0852692 -0.0201 
-0.074656 0.0925 -0.0183069 
0.0160909 -0.047483 -0.000100002 
-0.0176791 -0.1347 -0.0201 
-0.0716227 0.0681582 -0.000100002 
-0.0935 -0.108525 -0.00493079 
-0.0911159 -0.136256 -0.0193701 
0.000750523 -0.0546541 -0.0201 
-0.0863515 0.07675990000000001 -0.0201 
0.0305161 0.0316434 -0.000100002 
-0.0335469 -0.101523 -0.0201 
-0.0118337 0.0005 -0.0193932 
0.0503106 -0.12896 -0.000100002 
-0.09301570000000001 -0.132435 -0.0186084 
0.0123942 -0.00431533 -0.0101 
0.0238372 -0.0738564 -0.0201 
-0.0935 -0.0701645 -0.009082410000000001 
-0.000515401 -0.133237 -0.0201 
-0.0368381 -0.127846 -0.000100002 
-0.06995220000000001 0.0820437 -0.0201 
0.0372012 -0.0120844 -0.000100002 
-0.08275449999999999 0.0005 -0.0193639 
0.0505 0.0559069 -0.005942 
-0.00355553 -0.0797505 -0.000100002 
-0.0828844 0.0767332 -0.0201 
0.0342408 -0.048 -0.0134589 
0.0321304 -0.0857825 -0.000100002 
-0.0158227  -0.14 -0.010875 
-0.08046970000000001 0.0005 -0.0124366 
-0.0441397 -0.0458714 -0.0101 
-0.0619072 0.0925 -0.00385386 
-0.0377097 -0.0841254 -0.0201 
-0.0421849 -0.0990668 -0.000100002 
0.0289166 0.0461624 -0.000100002 
-0.07476339999999999 0.0353495 -0.0201 
0.00381581 -0.10635 -0.000100002 
0.0058405 0.032694 -0.0201 
-0.0935 0.0568207 -0.0124894 
-0.0326256 0.0101275 -0.0201 
0.0288531 -0.0467526 -0.000100002 
-0.0468533 0.0274063 -0.000100002 
0.0379127 0.0762476 -0.0201 
0.00158008 0.0617705 -0.0201 
0.0107976 -0.11998 -0.000100003 
0.0441636 -0.0986643 -0.000100002 
-0.0253553 0.038925 -0.0201 
0.022056 -0.10053 -0.0201 
-0.0537289 -0.127146 -0.0201 
-0.09184199999999999 -0.131843 -0.000100002 
-0.0140813 0.06258900000000001 -0.000100002 
-0.0935 -0.0667997 -0.0148625 
-0.0935 0.0633437 -0.0156071 
-0.0935 -0.108776 -0.0190706 
0.0189517 -0.0981461 -0.0201 
-0.0235828 -0.0583958 -0.000100002 
0.0505 -0.0860022 -0.00990622 
-0.0681047 -0.123621 -0.0201 
0.0315725 0.06798940000000001 -0.0201 
-0.0880235 0.0912733 -0.0145399 
-0.0754809 0.0426607 -0.0201 
-0.0339613 -0.0141751 -0.0101 
-0.0935 -0.00827929 -0.00885932 
0.0505 -0.054113 -0.000381821 
-0.0212921 0.0227279 -0.000100002 
-0.037388 -0.00926276 -0.0101 
0.0488798 0.0576792 -0.0201 
-0.0392363 -0.0353985 -0.0101 
0.00336309 -0.0254423 -7.98702e-10 
-0.07599259999999999 -0.0770796 -0.0201 
0.0505 -0.103452 -0.00608395 
0.0265604 0.065568 -0.000100002 
0.0505 -0.0100661 -0.00222803 
-0.0262681 -0.0770025 -0.000100002 
-0.0810217 0.0132737 -0.0201 
-0.0786611 -0.0875558 -0.000100003 
-0.00840199 0.091775 -0.0201 
-0.0581101 -0.0794311 -0.000100002 
0.0203924 -0.048 -0.0169635 
-0.0623577 -0.112948 -0.0201 
0.00750311 -0.0443873 -0.0101 
0.0505 0.0243974 -0.0185834 
-0.0811496 0.0130126 -0.000100002 
-0.08405020000000001 0.0923906 -0.000732129 
-0.0935 0.02864 -0.009395540000000001 
-0.0502297 -0.0213482 -0.000100002 
-0.0913827 0.0249284 -0.0201 
0.0374892 -0.106589 -0.000100002 
-0.029048 0.0513626 -0.000100002 
0.0162262 0.00879193 -0.0201 
0.020759 -0.0107863 -7.98702e-10 
-0.0385492 0.0005 -0.017143 
0.00461214 -0.0455976 -0.000100002 
-0.00322027 -0.0705123 -0.0201 
-0.0208596 -0.0329738 -0.000100002 
-0.00427354 -0.107948 -0.000100002 
-0.0159545 -0.0389859 -0.000100002 
-0.08361490000000001 0.0690471 -0.000100002 
0.00194057 0.0034121 -0.0201 
-0.0935 0.057726 -0.00579206 
-0.017193 -0.0596303 -0.0201 
-0.0134677 -0.0945917 -0.000100002 
-0.0505699 -0.0269151 -0.0101 
0.00155865  -0.14 -0.0115624 
0.0407593 -0.0540533 -0.000100002 
-0.0304601 -0.125136 -0.000100002 
-0.0395981 -0.135571 -0.0201 
-0.0879142 -0.1196 -0.0201 
0.0175432 -0.0430955 -0.0101 
0.0352392 -0.0545689 -0.000100002 
-0.0844212 0.052606 -0.000100002 
0.0113533 0.0918336 -0.000100002 
-0.0935 0.00260001 -0.017279 
-0.018471 -0.0779323 -0.000100002 
-0.0342366 -0.009162429999999999 -0.0101 
-0.00319505 -0.0887695 -0.0201 
-0.0574057 0.0637509 -0.0201 
0.0166599 0.0234602 -7.98702e-10 
0.0265329 -0.0285116 -0.000100002 
0.00710389  -0.14 -0.00354771 
-0.0548294 -0.00881727 -0.000100002 
0.0490722 -0.134824 -0.0171925 
-0.0896055 -0.0545728 -0.000100002 
-0.0576444 -0.07651380000000001 -0.000100002 
0.0397459 0.0005 -0.0197541 
-0.0935 0.000774603 -0.00132664 
-0.071988 0.038879 -0.000100002 
-0.0368539 0.0102799 -0.000100002 
-0.0501685 -0.106609 -0.0201 
-0.0571994 0.0839483 -0.0201 
0.0285986 0.0433643 -0.000100002 
0.00288059 -0.0877448 -0.0201 
-0.0078552 -0.0729977 -0.000100002 
-0.0646191 -0.0170829 -0.000100002 
-0.0724721 -0.10625 -0.000100002 
-0.063901 -0.0933254 -0.000100002 
-0.0802904 -0.0447281 -0.0101 
0.0438018 0.0611182 -0.000100002 
-0.0780575  -0.14 -0.00110634 
0.0106925 -0.134884 -0.000100002 
0.0463741 -0.07261040000000001 -0.0201 
0.0435549 -0.134805 -0.000100002 
0.0483655 0.08838210000000001 -0.0144724 
0.0174739 -0.111377 -0.000100002 
-0.0384207 0.0766182 -0.000100002 
-0.0803382 -0.0728524 -0.000100002 
-0.093359 -0.0742831 -0.000100002 
-0.0161676 -0.0109012 -0.0101 
-0.0347559 0.0925 -0.00972248 
-0.0849789 0.0529792 -0.000100002 
-0.0935 0.0507361 -0.01866 
0.0172078 -0.0144503 -0.0101 
-0.0783354 0.0368691 -0.0201 
-0.0196517 0.0495592 -0.0201 
-0.0754928 -0.0611566 -0.000100002 
0.0431188 0.0549256 -0.0201 
0.0167167 -0.0697955 -0.0201 
-0.00468886 -0.0265386 -7.98702e-10 
-0.0935 -0.0638958 -0.011432 
-0.0353691 0.0562856 -0.000100003 
-0.0244017 0.0224551 -0.000100002 
0.0205928 -0.010429 -0.0101 
-0.0270626 0.0501417 -0.0201 
0.0359668 -0.0476526 -0.000100003 
-0.0463856 -0.0944895 -0.000100002 
-0.013668  -0.14 -0.00112584 
0.0334949 -0.07017139999999999 -0.0201 
-0.00591463 -0.0588041 -0.0201 
-0.0477351 -0.08086400000000001 -0.0201 
-0.0906201 -0.136998 -0.00143648 
-0.0794016 0.0476906 -0.0201 
-0.084395 -0.0267122 -0.0101 
-0.0764421  -0.14 -0.0160007 
-0.0452102 -0.10515 -0.0201 
-0.0599424 -0.0164239 -0.000100002 
-0.0246152 -0.0418238 -0.000100002 
-0.00472948 0.0925 -0.0172277 
0.00448 -0.0899374 -0.000100002 
-0.08187510000000001 -0.0573034 -0.0201 
-0.0854554 0.07660160000000001 -0.0201 
0.0505 0.0445881 -0.0188769 
-0.000961062 -0.0376636 -0.0101 
-0.0577782 0.0925 -0.00286483 
-0.0579469 -0.0480767 -0.000100003 
0.0505 -0.09463779999999999 -0.0110244 
-0.0177926 -0.0476861 -0.0101 
-0.0931993 0.00811738 -0.0201 
-0.0730155 -0.037253 -0.000100002 
-0.030251 -0.0115862 -0.000100002 
-0.0423929 0.0260413 -0.0201 
-0.0599282 0.0353814 -0.000100002 
-0.0128797 -0.0938512 -0.0201 
-0.0681278  -0.14 -0.00476113 
-0.0540436 -0.108769 -0.000100002 
0.00212744 8.9078e-05 -7.98702e-10 
-0.0380578 0.0676327 -0.000100002 
-0.0634966 0.0351195 -0.0201 
-0.0165534 0.0295434 -0.000100003 
0.00570227 0.072586 -0.0201 
-0.0841741 -0.0619755 -0.0201 
-0.0505014 -0.026405 -0.000100003 
-0.0614084 0.0925 -0.0174917 
0.0027743 -0.0941858 -0.0201 
0.00666149 0.071518 -0.000100002 
0.0503983 -0.110011 -0.0201 
-0.09195830000000001 -0.0520514 -0.0201 
-0.0935 -0.0336748 -0.00588703 
0.0060475 -0.102702 -0.000100002 
-0.0935 -0.09229610000000001 -0.00955541 
-0.0161206 -0.112823 -0.000100002 
-0.0884185 -0.138509 -0.0113212 
-0.0236682 -0.00969777 -7.98702e-10 
0.0212326 0.0414229 -0.000100002 
0.0337198 -0.07336330000000001 -0.000100002 
-7.81883e-05 0.0456408 -0.000100002 
0.0110951 -0.0487738 -0.0201 
-0.0797062 -0.0327923 -0.0101 
0.0428408 -0.0214408 -0.0101 
-0.0737524 0.0118176 -0.000100002 
-0.0192614 0.0306207 -0.000100002 
-0.0440406 -0.0687506 -0.0201 
-0.0269757 -0.0323165 -0.0101 
-0.048882 0.0925 -0.0163863 
-0.0333907 0.0565445 -0.0201 
-0.0935 -0.100372 -0.0128744 
-0.0385978 0.0925 -0.00770869 
-0.0530619 0.0460088 -0.0201 
0.0505 0.0372302 -0.00542726 
0.0498902 0.0326403 -0.000100002 
0.0505 -0.074332 -0.0157987 
-0.08997140000000001 -0.084809 -0.000100002 
-0.0528337 0.0764823 -0.0201 
-0.0623343 -0.0147621 -0.000100002 
-0.06773899999999999 0.00528495 -0.0201 
0.0265205 -0.127786 -0.0201 
0.0208868 0.0139113 -7.98702e-10 
0.0283707 -0.0981214 -0.000100002 
0.0100019 -0.109805 -0.0201 
0.0383768 -0.0749745 -0.0201 
-0.0482498 -0.105152 -0.0201 
-0.0519504 0.0925 -0.0158791 
0.0235551 0.0283078 -0.0201 
-0.0364393 0.0364393 -0.0201 
0.0194632 0.0917516 -0.000100003 
0.00358315 -0.0168863 -7.98702e-10 
0.037126 0.075507 -0.0201 
-0.0572852  -0.14 -0.00345297 
-0.0354192 -0.13257 -0.0201 
-0.0834211 -0.0195739 -0.0101 
0.0110616 -0.0398596 -0.000100002 
-0.0261227  -0.14 -0.00122275 
-0.0289638 0.0343657 -0.000100002 
-0.07836990000000001 -0.0285551 -0.000100002 
0.0340865 -0.091558 -0.0201 
-0.0823238 -0.131205 -0.0201 
-0.0931259 0.0213783 -0.0201 
-0.00345499 0.0214261 -7.98702e-10 
-0.09164899999999999 -0.0762361 -0.000100002 
0.0412993 -0.1225 -0.0201 
-0.0153818 -0.0892029 -0.0201 
0.00732164  -0.14 -0.0198675 
-0.0260824 0.0585623 -0.000100002 
-0.0351346 0.00345614 -0.0201 
-0.00401802 -0.129955 -0.000100002 
-0.0816272 0.0300917 -0.0201 
-0.0835771 0.0533582 -0.000100002 
0.0377465 0.027351 -0.000100002 
0.0505 -0.0641071 -0.00933312 
0.0435204 0.0715649 -0.000100002 
0.0201027 -0.114625 -0.000100002 
-0.0709259 -0.113683 -0.0201 
-0.0381483 0.0841861 -0.0201 
-0.0932938 0.0365752 -0.000100002 
0.0345032 -0.119211 -0.0201 
0.0375547 -0.0620971 -0.0201 
-0.0115947 -0.101219 -0.000100002 
-0.087106 -0.0858951 -0.0201 
-0.07333000000000001 -0.0519573 -0.0201 
0.0454982 -0.0895879 -0.000100002 
0.00221454 0.050055 -0.000100002 
-0.0464365 0.0114851 -0.0201 
0.0167619 0.00603432 -0.0201 
0.00109668 -0.007870540000000001 -7.98702e-10 
-0.0168233 -0.0940762 -0.000100002 
-0.0843925 0.0005 -0.0140478 
-0.06502620000000001 0.0660755 -0.000100002 
-0.0623665 0.0925 -0.00177499 
0.0441113 -0.0276283 -0.0101 
-0.0484109 -0.106928 -0.000100002 
0.0316678 -0.120516 -0.000100002 
-0.08380310000000001 0.0394523 -0.000100002 
-0.049721 -0.0703095 -0.0201 
-0.023999 -0.0310454 -0.0101 
0.000600853 -0.0537276 -0.000100002 
-0.08684310000000001 -0.0136801 -0.000100002 
0.032858 0.00171545 -0.000100002 
-0.0935 -0.0723081 -0.012763 
0.0488936 0.0228143 -0.0201 
0.0208352  -0.14 -0.00339384 
-0.06362520000000001 -0.0937313 -0.0201 
0.00468052 -0.00442011 -0.0101 
0.00699535 -0.132412 -0.000100002 
-0.0869037 -0.0891516 -0.000100002 
0.0505 0.0804812 -0.0172677 
0.0377198 -0.0867445 -0.000100002 
-0.0258119 0.0505994 -0.0201 
-0.044441 -0.09081649999999999 -0.000100002 
-0.0115927 0.00386449 -7.98702e-10 
-0.0238123 0.019557 -0.000100002 
-0.0935 0.0241132 -0.00640424 
-0.0774562 0.0600555 -0.000100002 
0.0479051 -0.0307579 -0.0101 
-0.0508116  -0.14 -0.00627215 
0.0112185 -0.0555492 -0.000100002 
-0.0935 -0.122172 -0.00771156 
0.0505 -0.127488 -0.00950492 
-0.0434907 0.0005 -0.0158002 
-0.0181894 0.0323789 -0.000100002 
-0.0656714 -0.0071742 -0.000100002 
-0.0832827 -0.0140372 -0.000100002 
0.0325214 -0.0646254 -0.000100002 
0.00454896 -0.07224709999999999 -0.000100002 
0.0403751 0.00398974 -0.0201 
-0.0591769 0.0392852 -0.000100002 
0.000876128 -0.0401738 -0.000100002 
-0.00132379 0.0005 -0.0108229 
0.0498694 -0.00720956 -0.0101 
-0.0935 0.0172512 -0.0182937 
0.007474 -0.00937545 -7.98702e-10 
0.0505 0.0568787 -0.0178715 
-0.0613439 0.0814377 -0.0201 
0.000265969 0.0752034 -0.000100002 
-0.0135329 -0.00318897 -7.98702e-10 
0.0283616 0.0383156 -0.000100002 
0.00157861 -0.0050395 -0.0101 
-0.049964 -0.0726145 -0.0201 
0.0505 0.0130779 -0.0123577 
-0.0935 -0.126936 -0.00637001 
0.0261834  -0.14 -0.00421506 
0.0375405 0.0175019 -0.0201 
0.00767807 0.0925 -0.00765913 
0.0505 -0.108918 -0.0146555 
-0.0713333 -0.00482263 -0.000100002 
-0.0342941 0.0915951 -0.0201 
-0.0394016 0.0423895 -0.000100002 
-0.00522943 0.0131756 -7.98702e-10 
-0.047565 0.0828409 -0.0201 
-0.0456507 -0.102447 -0.0201 
-0.0320232 -0.048 -0.0116437 
-0.0257858 -0.0643977 -0.000100002 
-0.014262 -0.07906829999999999 -0.000100002 
-0.0574372 -0.0721873 -0.000100002 
0.0262467 0.0681865 -0.0201 
0.0171673 0.0743361 -0.000100003 
-0.076151 -0.119117 -0.000100002 
-0.0362708 -0.0941623 -0.000100002 
-0.0745984 -0.121989 -0.000100002 
0.00042041 -0.0680987 -0.0201 
-0.0780776 -0.0456226 -0.000100002 
-0.0505698 -0.0553808 -0.0201 
-0.0472566 -0.06946960000000001 -0.0201 
0.0445629 -0.0647785 -0.000100002 
-0.0150221 -0.0356288 -0.0101 
0.0178142 -0.0200372 -0.0101 
0.0505 0.0742418 -0.0126906 
0.0445481 0.00378404 -0.000100002 
0.0326646 -0.0604953 -0.0201 
-0.0495996 -0.0782577 -0.000100002 
-0.0775535 0.0488288 -0.0201 
-0.0186943 0.0291774 -0.000100002 
-0.0761899 -0.09993390000000001 -0.0201 
-0.0557621 -0.0879122 -0.000100002 
-0.073767 0.0051263 -0.000100002 
-0.0255391 0.0687697 -0.0201 
-0.00465687 -0.0213827 -7.98702e-10 
-0.0935 -0.0271595 -0.0009927409999999999 
-0.0110205 -0.0642567 -0.000100002 
0.0242238 -0.105658 -0.0201 
-0.0575286 -0.114991 -0.000100002 
-0.0848815 -0.134981 -0.0201 
0.00335622 -0.0880822 -0.0201 
0.0404111 0.00118689 -0.000100002 
-0.0499578  -0.14 -0.0171511 
0.0383743 -0.139825 -0.0201 
0.0270671 -0.038097 -0.0101 
0.0485945 0.0143283 -0.0201 
-0.0256943 0.0287154 -0.0201 
-0.0767612 0.0481961 -0.0201 
0.0133871 -0.0750987 -0.000100002 
-0.0334006 0.07714169999999999 -0.0201 
0.0505 -0.0272553 -0.00415917 
0.0116857 0.0489611 -0.0201 
-0.0776676 0.0869688 -0.0201 
-0.0591118 0.08873689999999999 -0.0201 
0.011978 -0.128062 -0.0201 
-0.0776987 -0.132922 -0.000100002 
0.00581077 -0.103272 -0.000100002 
0.0277345 -0.075824 -0.000100002 
0.0505 0.047061 -0.0164121 
0.023216 0.0251172 -0.0201 
-0.0182763 0.00767021 -0.0201 
-0.0554855 -0.122251 -0.000100002 
0.0198472 -0.0928124 -0.0201 
0.0137604 -0.122918 -0.000100002 
-0.0817169 0.0829655 -0.000100002 
-0.00797249 0.0125876 -7.98702e-10 
-0.0193157 -0.0350087 -0.0101 
-0.0935 0.0693595 -0.0192745 
-0.0718789 -0.09959510000000001 -0.0201 
0.0505 -0.09846779999999999 -0.00536649 
-0.0531767 -0.102385 -0.0201 
-0.0935 -0.00792033 -0.00335518 
-0.0169448 0.0248422 -0.000100002 
0.0277025 -0.0110854 -0.0101 
0.0433154 -0.13944 -0.0114192 
-0.0264302 -0.133367 -0.0201 
-0.0579508 0.0504712 -0.0201 
0.0327584 -0.129772 -0.0201 
0.0505 0.07743559999999999 -0.0169614 
-0.0390671 0.07682609999999999 -0.0201 
0.0505 -0.0137693 -0.008474280000000001 
0.049431  0.022 -0.000100003 
-0.0337508 0.0673076 -0.0201 
-0.0118912 -0.048 -0.0159342 
-0.0340298 -0.0720832 -0.000100002 
0.0439698 -0.0849838 -0.0201 
-0.00439922 -0.09598379999999999 -0.000100002 
-0.0260411 0.0925 -0.0154205 
-0.0333213 -0.138958 -0.000100002 
0.0505 -0.09897889999999999 -0.019385 
-0.06769260000000001 -0.048 -0.0105759 
-0.0569334 0.0190231 -0.000100002 
0.0407518 -0.0281515 -0.0101 
0.000461961 -0.0263769 -0.0101 
-0.0218092 -0.0402786 -0.000100002 
0.015702 0.0390702 -0.000100003 
0.00941196 0.0472153 -0.0201 
0.0364077 -0.00241878 -0.000100002 
-0.07921 -0.113926 -0.0201 
0.0304812 0.0785999 -0.0201 
-0.0592783  -0.14 -0.0171447 
-0.0918822 0.0178269 -0.000100002 
-0.0292949 -0.130659 -0.0201 
0.0505 -0.0485105 -0.0148628 
0.0505 -0.057055 -0.0171509 
0.0217662 0.0238014 -0.0201 
0.0352015 0.0826853 -0.0201 
-0.0317315 -0.0358153 -0.0101 
-0.0377351 -0.0016196 -0.000100002 
0.0448615 -0.114259 -0.000100002 
-0.0935 -0.111619 -0.00293687 
0.0160819 0.0624714 -0.000100002 
-0.0935 0.0410146 -0.00198752 
-0.068401 0.00363883 -0.0201 
0.0272673 0.0635835 -0.000100002 
-0.0464812 0.08285149999999999 -0.0201 
0.0505 0.0295729 -0.00873024 
-0.0392647 0.0359311 -0.000100002 
-0.0935 -0.0596028 -0.00419213 
-0.000716407 0.07673489999999999 -0.000100002 
0.0363118 -0.11817 -0.000100002 
-0.067816 -0.0323663 -0.0101 
3 710 236 545 
3 517 526 2 
3 242 659 551 
3 591 552 545 
3 587 552 875 
3 391 533 343 
3 679 407 291 
3 251 766 517 
3 517 781 147 
3 781 649 147 
3 533 621 343 
3 676 707 587 
3 552 707 545 
3 707 552 587 
3 966 676 587 
3 853 242 551 
3 148 591 545 
3 148 724 591 
3 724 537 591 
3 537 724 945 
3 945 793 85 
3 724 793 945 
3 552 208 875 
3 208 552 591 
3 59 533 391 
3 533 59 85 
3 59 945 85 
3 680 517 147 
3 680 526 517 
3 386 407 679 
3 386 679 551 
3 659 386 551 
3 921 659 242 
3 766 601 551 
3 251 601 766 
3 248 517 2 
3 248 251 517 
3 621 272 343 
3 272 621 649 
3 649 357 147 
3 621 357 649 
3 414 718 403 
3 27 676 710 
3 27 707 676 
3 966 502 676 
3 917 645 545 
3 645 148 545 
3 197 391 343 
3 141 197 343 
3 930 540 85 
3 33 540 342 
3 597 533 85 
3 540 597 85 
3 597 621 533 
3 597 540 621 
3 841 680 403 
3 718 841 403 
3 680 841 526 
3 386 81 952 
3 81 386 659 
3 921 81 659 
3 523 853 551 
3 601 523 551 
3 655 272 649 
3 781 655 649 
3 272 655 343 
3 655 781 517 
3 540 380 621 
3 380 357 621 
3 695 966 587 
3 967 718 414 
3 853 967 242 
3 748 710 545 
3 748 27 710 
3 707 748 545 
3 27 748 707 
3 296 810 391 
3 197 296 391 
3 296 141 810 
3 141 296 197 
3 684 141 587 
3 141 684 810 
3 684 319 391 
3 810 684 391 
3 930 881 540 
3 411 680 147 
3 680 984 403 
3 539 984 680 
3 94 539 680 
3 94 33 342 
3 94 411 33 
3 411 94 680 
3 81 435 407 
3 81 521 952 
3 521 81 407 
3 521 386 952 
3 386 521 407 
3 794 141 343 
3 655 794 343 
3 773 655 517 
3 766 773 517 
3 773 766 551 
3 628 773 551 
3 502 492 291 
3 492 679 291 
3 141 749 587 
3 749 695 587 
3 967 742 242 
3 742 967 414 
3 684 988 319 
3 988 684 587 
3 540 284 342 
3 881 284 540 
3 798 435 81 
3 798 81 921 
3 798 921 917 
3 236 798 545 
3 798 917 545 
3 695 423 966 
3 492 423 679 
3 679 423 551 
3 423 628 551 
3 158 587 875 
3 158 988 587 
3 423 232 966 
3 232 423 492 
3 232 502 966 
3 232 492 502 
3 526 967 2 
3 967 841 718 
3 967 601 251 
3 248 967 251 
3 841 967 526 
3 967 248 2 
3 967 523 601 
3 523 967 853 
3 357 411 147 
3 33 411 540 
3 380 411 357 
3 411 380 540 
3 284 793 724 
3 645 284 148 
3 94 284 539 
3 148 284 724 
3 284 921 242 
3 284 984 539 
3 284 414 403 
3 921 284 917 
3 793 284 85 
3 284 645 917 
3 284 930 85 
3 284 881 930 
3 284 742 414 
3 984 284 403 
3 284 94 342 
3 742 284 242 
3 710 798 236 
3 676 798 710 
3 502 798 676 
3 407 798 291 
3 798 502 291 
3 435 798 407 
3 423 794 655 
3 749 423 695 
3 773 423 655 
3 794 423 141 
3 423 773 628 
3 423 749 141 
3 158 537 945 
3 158 59 391 
3 158 208 591 
3 59 158 945 
3 537 158 591 
3 208 158 875 
3 319 158 391 
3 988 158 319 
Vertices and facets:
- p710(v23): -0.076 -0.14 -0.016
  neighbors: f91 f302 f375 f376 f495 f496
- p236(v13): -0.049 -0.14 -0.018
  neighbors: f91 f445 f495
- p545(v8): -0.091 -0.14 -0.019
  neighbors: f91 f141 f195 f210 f311 f312 f375 f377 f445 f446
- p526(v28): 0.051 0.079 -0.0089
  neighbors: f107 f252 f345 f461 f465
- p517(v15): 0.045 0.088 -0.0001
  neighbors: f107 f170 f173 f250 f252 f275 f276 f358 f414 f415
- p2(v1): 0.051 0.061 -0.0021
  neighbors: f107 f275 f461 f466
- p659(v32): 0.049 -0.13 -0.017
  neighbors: f128 f257 f264 f350 f351
- p242(v18):  0.05 -0.13 -0.02
  neighbors: f128 f204 f264 f374 f431 f481 f492
- p551(v9):  0.05 -0.13 -0.0001
  neighbors: f128 f204 f255 f257 f269 f353 f354 f416 f417 f451 f453
- p552(v35): -0.093 -0.13 -0.019
  neighbors: f141 f143 f195 f196 f221 f222
- p591(v19): -0.093 -0.11 -0.019
  neighbors: f141 f210 f211 f215 f222 f513 f515
- p587(v16): -0.092 -0.13 -0.0001
  neighbors: f143 f194 f196 f199 f368 f383 f428 f429 f436 f455 f456
- p875(v12): -0.093 -0.13 -0.0064
  neighbors: f143 f221 f455 f516
- p533(v38): -0.092 0.088 -0.004
  neighbors: f155 f176 f237 f238 f334 f336
- p391(v37): -0.093  0.07 -0.00053
  neighbors: f155 f237 f313 f379 f380 f387 f388 f512 f517
- p343(v6): -0.086 0.088 -0.0001
  neighbors: f155 f176 f277 f313 f322 f357 f411 f412
- p407(v40): 0.038 -0.14 -0.0032
  neighbors: f164 f254 f405 f407 f409 f499 f501
- p679(v24): 0.044 -0.13 -0.0001
  neighbors: f164 f254 f255 f422 f449 f451
- p291(v14): 0.035 -0.14 -0.0011
  neighbors: f164 f421 f422 f499 f500
- p251(v41): 0.051  0.05 -0.0011
  neighbors: f170 f270 f276 f463 f464
- p766(v26):  0.05 0.033 -0.0001
  neighbors: f170 f269 f270 f415 f416
- p781(v42): 0.019 0.092 -0.0001
  neighbors: f173 f174 f356 f358
- p147(v11):  0.03 0.092 -0.0029
  neighbors: f173 f174 f250 f285 f393 f471
- p649(v27): 0.011 0.092 -0.0001
  neighbors: f174 f278 f285 f286 f355 f356
- p621(v43): -0.084 0.092 -0.00073
  neighbors: f176 f277 f278 f286 f336 f337 f364 f365
- p707(v46): -0.091 -0.14 -0.0014
  neighbors: f194 f195 f196 f303 f377 f378
- p676(v30): -0.078 -0.14 -0.0011
  neighbors: f194 f199 f302 f303 f307 f496 f497
- p966(v47): -0.033 -0.14 -0.0001
  neighbors: f199 f307 f368 f447 f457 f459
- p853(v48): 0.051 -0.13 -0.0095
  neighbors: f204 f353 f374 f468
- p148(v49): -0.093 -0.065 -0.02
  neighbors: f210 f211 f312 f478 f480
- p724(v34): -0.093 0.0081 -0.02
  neighbors: f211 f215 f216 f219 f477 f480
- p537(v50): -0.093 -0.05 -0.019
  neighbors: f215 f216 f511 f515
- p945(v33): -0.093 0.069 -0.019
  neighbors: f216 f218 f219 f240 f511 f514
- p793(v51): -0.093 0.021 -0.02
  neighbors: f218 f219 f477 f485
- p85(v10): -0.093 0.079 -0.02
  neighbors: f218 f238 f240 f328 f334 f335 f485 f487
- p208(v52): -0.093 -0.12 -0.018
  neighbors: f221 f222 f513 f516
- p59(v56): -0.093 0.076 -0.0035
  neighbors: f237 f238 f240 f512 f514
- p680(v58): 0.048 0.088 -0.014
  neighbors: f250 f252 f341 f345 f393 f396 f397 f399 f402
- p386(v59): 0.044 -0.14 -0.01
  neighbors: f254 f255 f257 f349 f350 f408 f409
- p921(v60): 0.038 -0.14 -0.02
  neighbors: f264 f351 f442 f444 f481 f484
- p601(v61): 0.051 -0.054 -0.00038
  neighbors: f269 f270 f354 f463 f467
- p248(v62): 0.051 0.052 -0.0012
  neighbors: f275 f276 f464 f466
- p272(v63): -0.033  0.09 -0.0001
  neighbors: f277 f278 f355 f357
- p357(v65): -0.07 0.092 -0.0012
  neighbors: f285 f286 f365 f471 f473
- p718(v67): 0.051 0.045 -0.019
  neighbors: f297 f343 f372 f462
- p414(v45):  0.05  0.01 -0.02
  neighbors: f297 f372 f432 f483 f489
- p403(v7):  0.05 0.076 -0.02
  neighbors: f297 f341 f343 f396 f483 f490
- p27(v68): -0.084 -0.14 -0.0023
  neighbors: f302 f303 f376 f378
- p502(v69): -0.027 -0.14 -0.00022
  neighbors: f307 f421 f459 f460 f497 f500
- p645(v70): -0.088 -0.12 -0.02
  neighbors: f311 f312 f478 f486
- p917(v20): -0.085 -0.13 -0.02
  neighbors: f311 f444 f446 f484 f486
- p197(v71): -0.09 0.067 -0.0001
  neighbors: f313 f322 f380 f382
- p141(v72): -0.025 0.005 -8e-10
  neighbors: f322 f381 f382 f383 f384 f411 f428 f506 f509
- p930(v74): -0.078 0.087 -0.02
  neighbors: f328 f391 f487 f488
- p540(v57): -0.075 0.092 -0.018
  neighbors: f328 f331 f335 f337 f364 f391 f438 f439 f472 f474
- p33(v75): 0.011 0.092 -0.017
  neighbors: f331 f400 f401 f472
- p342(v39): -0.0034 0.092 -0.02
  neighbors: f331 f400 f438 f491
- p597(v76): -0.088 0.091 -0.015
  neighbors: f334 f335 f336 f337
- p841(v78): 0.051  0.08 -0.017
  neighbors: f341 f343 f345 f462 f465
- p81(v79): 0.041 -0.14 -0.017
  neighbors: f349 f350 f351 f405 f406 f407 f441 f442
- p952(v5): 0.043 -0.14 -0.011
  neighbors: f349 f406 f408
- p523(v80): 0.051 -0.13 -0.0019
  neighbors: f353 f354 f467 f468
- p655(v81): 0.017 0.023 -8e-10
  neighbors: f355 f356 f357 f358 f412 f414 f503 f505
- p380(v82): -0.074 0.092 -0.01
  neighbors: f364 f365 f473 f474
- p695(v83): -0.0047 -0.027 -8e-10
  neighbors: f368 f429 f447 f504
- p967(v84): 0.051 -0.099 -0.019
  neighbors: f372 f374 f431 f432 f461 f462 f463 f464 f465 f466 f467 f468
- p748(v85): -0.088 -0.14 -0.011
  neighbors: f375 f376 f377 f378
- p296(v86): -0.091 0.055 -0.0001
  neighbors: f379 f380 f381 f382
- p810(v55): -0.093 0.037 -0.0001
  neighbors: f379 f381 f384 f388
- p684(v87): -0.093 -0.074 -0.0001
  neighbors: f383 f384 f387 f388 f434 f436
- p319(v73): -0.093 -0.05 -0.00044
  neighbors: f387 f434 f517 f518
- p881(v88): -0.034 0.092 -0.02
  neighbors: f391 f439 f488
- p411(v89): 0.024 0.092 -0.015
  neighbors: f393 f401 f402 f471 f472 f473 f474
- p984(v90): 0.035 0.083 -0.02
  neighbors: f396 f397 f482 f490
- p539(v77): 0.027 0.085 -0.02
  neighbors: f397 f399 f479 f482
- p94(v91): 0.0038 0.092 -0.02
  neighbors: f399 f400 f401 f402 f479 f491
- p435(v92): 0.031 -0.14 -0.016
  neighbors: f405 f441 f501
- p521(v93): 0.042 -0.14 -0.0095
  neighbors: f406 f407 f408 f409
- p794(v94): -0.0035 0.021 -8e-10
  neighbors: f411 f412 f503 f506
- p773(v95): 0.021 0.014 -8e-10
  neighbors: f414 f415 f416 f417 f505 f507
- p628(v66): 0.021 -0.011 -8e-10
  neighbors: f417 f453 f507
- p492(v96): 0.015 -0.14 -0.0001
  neighbors: f421 f422 f449 f458 f460
- p749(v98): -0.024 -0.0097 -8e-10
  neighbors: f428 f429 f504 f509
- p742(v99):  0.05 -0.11 -0.02
  neighbors: f431 f432 f489 f492
- p988(v100): -0.093 -0.11 -0.0029
  neighbors: f434 f436 f456 f518
- p284(v101): -0.018 0.092 -0.02
  neighbors: f438 f439 f477 f478 f479 f480 f481 f482 f483 f484 f485 f486 f487 f488 f489 f490 f491 f492
- p798(v102): 0.0073 -0.14 -0.02
  neighbors: f441 f442 f446 f444 f445 f495 f496 f497 f499 f500 f501
- p423(v103): 0.011 -0.027 -8e-10
  neighbors: f447 f449 f451 f453 f457 f458 f503 f504 f505 f506 f507 f509
- p158(v104): -0.093 -0.12 -0.0042
  neighbors: f455 f456 f511 f512 f513 f514 f515 f516 f517 f518
- p232(v105): -0.0029 -0.14 -0.0001
  neighbors: f457 f458 f459 f460
- f91
    - flags: top simplicial tested seen
    - normal:  -0.05563  -0.7795  -0.6239
    - offset:  -0.123367
    - center: -0.07206583333333334 -0.138752 -0.01795013333333333 
    - vertices: p710(v23) p236(v13) p545(v8)
    - neighboring facets: f445 f375 f495
    - ridges:
- f107
    - flags: bottom simplicial seen
    - normal:    0.9018   0.1511   0.4049
    - offset: -0.05391556
    - center: 0.0486703 0.07624043333333333 -0.003685190666666666 
    - vertices: p526(v28) p517(v15) p2(v1)
    - neighboring facets: f275 f461 f252
    - ridges:
- f128
    - flags: bottom simplicial
    - normal:     0.973  -0.2306 0.008599
    - offset: -0.07868453
    - center: 0.04991066666666666 -0.131109 -0.01246416733333333 
    - vertices: p659(v32) p242(v18) p551(v9)
    - neighboring facets: f204 f257 f264
- f141
    - flags: bottom simplicial tested
    - normal:   -0.4171 -0.02629  -0.9085
    - offset: -0.05918426
    - center: -0.09254386666666665 -0.1258223333333333 -0.01901636666666667 
    - vertices: p552(v35) p591(v19) p545(v8)
    - neighboring facets: f210 f195 f222
- f143
    - flags: bottom simplicial tested
    - normal:   -0.9686   -0.239  0.06907
    - offset: -0.1204593
    - center: -0.09278589999999998 -0.1304046666666667 -0.008359470666666667 
    - vertices: p552(v35) p587(v16) p875(v12)
    - neighboring facets: f455 f221 f196
- f155
    - flags: bottom simplicial tested
    - normal:   -0.5947   0.2091   0.7762
    - offset: -0.06978688
    - center: -0.09055273333333332 0.08195306666666667 -0.001556473999999998 
    - vertices: p533(v38) p391(v37) p343(v6)
    - neighboring facets: f313 f176 f237
- f164
    - flags: bottom simplicial tested seen
    - normal:    0.3512  -0.7208   0.5976
    - offset: -0.1124037
    - center: 0.03878083333333333 -0.1382683333333334 -0.00147211066666666 
    - vertices: p407(v40) p679(v24) p291(v14)
    - neighboring facets: f422 f499 f254
    - ridges:
- f170
    - flags: top simplicial tested
    - normal:    0.4141  0.03619   0.9095
    - offset: -0.02174993
    - center: 0.04846703333333333 0.05695353333333333 -0.000419434666666667 
    - vertices: p251(v41) p766(v26) p517(v15)
    - neighboring facets: f415 f276 f270
    - ridges:
- f173
    - flags: bottom simplicial tested
    - normal:     0.102   0.7951   0.5978
    - offset: -0.07487709
    - center: 0.03153063333333334 0.09090836666666666 -0.001037841666666673 
    - vertices: p781(v42) p517(v15) p147(v11)
    - neighboring facets: f250 f174 f358
- f174
    - flags: top simplicial tested
    - normal:  0.009673   0.9566   0.2911
    - offset: -0.08793277
    - center: 0.02031143333333333 0.09202840000000001 -0.001037841666666666 
    - vertices: p781(v42) p649(v27) p147(v11)
    - neighboring facets: f285 f173 f356
- f176
    - flags: bottom simplicial tested
    - normal:   -0.5592   0.4286   0.7097
    - offset: -0.08607679
    - center: -0.0874028 0.089491 -0.001622533666666665 
    - vertices: p621(v43) p533(v38) p343(v6)
    - neighboring facets: f155 f277 f336
- f194
    - flags: bottom simplicial tested
    - normal:  -0.08967  -0.2698   0.9587
    - offset: -0.04371264
    - center: -0.08683986666666665 -0.1362803333333333 -0.0008809406666666668 
    - vertices: p707(v46) p676(v30) p587(v16)
    - neighboring facets: f199 f196 f303
- f195
    - flags: bottom simplicial tested
    - normal:   -0.8949  -0.4462  0.00628
    - offset: -0.1422165
    - center: -0.09158390000000001 -0.1352296666666667 -0.01313832666666667 
    - vertices: p707(v46) p552(v35) p545(v8)
    - neighboring facets: f141 f377 f196
- f196
    - flags: top simplicial tested
    - normal:   -0.9665   -0.247  0.06919
    - offset: -0.1213316
    - center: -0.09182593333333333 -0.1337586666666667 -0.006714960666666666 
    - vertices: p707(v46) p552(v35) p587(v16)
    - neighboring facets: f143 f194 f195
- f199
    - flags: top simplicial tested
    - normal:  -0.01865  -0.1534    0.988
    - offset: -0.02183998
    - center: -0.06774026666666666 -0.1369336666666667 -0.0004354480000000002 
    - vertices: p966(v47) p676(v30) p587(v16)
    - neighboring facets: f194 f368 f307
- f204
    - flags: top simplicial tested
    - normal:    0.9952  -0.0976 0.004766
    - offset: -0.06265616
    - center: 0.0503866 -0.1286636666666666 -0.009901640666666666 
    - vertices: p853(v48) p242(v18) p551(v9)
    - neighboring facets: f128 f353 f374
- f210
    - flags: top simplicial tested
    - normal:   -0.3217 -0.01759  -0.9467
    - offset: -0.05004408
    - center: -0.0924871 -0.1034592 -0.01951356666666666 
    - vertices: p148(v49) p591(v19) p545(v8)
    - neighboring facets: f141 f312 f211
- f211
    - flags: top simplicial tested seen
    - normal:    -0.766 -0.00369  -0.6428
    - offset: -0.08428299
    - center: -0.09318156666666666 -0.05533474 -0.01975686666666667 
    - vertices: p148(v49) p724(v34) p591(v19)
    - neighboring facets: f215 f210 f480
    - ridges:
- f215
    - flags: bottom simplicial tested seen
    - normal:   -0.9046 -0.001427  -0.4262
    - offset: -0.0928646
    - center: -0.09339976666666666 -0.05010210666666667 -0.0194797 
    - vertices: p537(v50) p724(v34) p591(v19)
    - neighboring facets: f211 f515 f216
    - ridges:
- f216
    - flags: top simplicial tested seen
    - normal:     -0.94 -1.72e-05  -0.3411
    - offset: -0.09446532
    - center: -0.09339976666666666 0.009276393333333334 -0.01954766666666666 
    - vertices: p537(v50) p724(v34) p945(v33)
    - neighboring facets: f219 f511 f215
    - ridges:
- f218
    - flags: bottom simplicial tested seen
    - normal:   -0.7777 0.004751  -0.6286
    - offset: -0.08516175
    - center: -0.0931342 0.05642543333333333 -0.01982483333333334 
    - vertices: p793(v51) p945(v33) p85(v10)
    - neighboring facets: f240 f485 f219
    - ridges:
- f219
    - flags: bottom simplicial tested seen
    - normal:   -0.7904 0.004375  -0.6125
    - offset: -0.08601612
    - center: -0.09327506666666666 0.03295172666666667 -0.01982483333333333 
    - vertices: p793(v51) p724(v34) p945(v33)
    - neighboring facets: f216 f218 f477
    - ridges:
- f221
    - flags: bottom simplicial tested seen
    - normal:   -0.9988 -0.04422 -0.01966
    - offset: -0.09912866
    - center: -0.09333856666666666 -0.1270886666666667 -0.01422940333333333 
    - vertices: p208(v52) p552(v35) p875(v12)
    - neighboring facets: f143 f516 f222
    - ridges:
- f222
    - flags: top simplicial tested seen
    - normal:   -0.9714  -0.0245  -0.2362
    - offset: -0.09799489
    - center: -0.09333856666666665 -0.1210353333333333 -0.01846293333333333 
    - vertices: p208(v52) p552(v35) p591(v19)
    - neighboring facets: f141 f513 f221
    - ridges:
- f237
    - flags: top simplicial tested seen
    - normal:   -0.9246   0.1586   0.3462
    - offset: -0.09733652
    - center: -0.09290246666666666 0.0779605 -0.00268718666666667 
    - vertices: p59(v56) p533(v38) p391(v37)
    - neighboring facets: f155 f512 f238
    - ridges:
- f238
    - flags: bottom simplicial tested
    - normal:   -0.9883   0.1512 -0.02206
    - offset: -0.1040067
    - center: -0.09266136666666668 0.08088106666666667 -0.009209203333333334 
    - vertices: p59(v56) p533(v38) p85(v10)
    - neighboring facets: f334 f240 f237
- f240
    - flags: top simplicial tested seen
    - normal:   -0.9966  0.07557 -0.03292
    - offset: -0.09905785
    - center: -0.09325890000000002 0.07471076666666666 -0.01428888 
    - vertices: p59(v56) p945(v33) p85(v10)
    - neighboring facets: f218 f238 f514
    - ridges:
- f250
    - flags: top simplicial tested
    - normal:    0.2514   0.9665  0.05253
    - offset: -0.09681568
    - center: 0.04116473333333333 0.0897852 -0.005828640666666668 
    - vertices: p680(v58) p517(v15) p147(v11)
    - neighboring facets: f173 f393 f252
- f252
    - flags: top simplicial tested
    - normal:    0.9152   0.3431   0.2114
    - offset:   -0.07153
    - center: 0.04795879999999999 0.08536626666666668 -0.007817484000000001 
    - vertices: p680(v58) p526(v28) p517(v15)
    - neighboring facets: f107 f250 f345
- f254
    - flags: top simplicial
    - normal:    0.5249  -0.7662   0.3708
    - offset: -0.1261077
    - vertices: p386(v59) p407(v40) p679(v24)
    - neighboring facets: f164 f255 f409
- f255
    - flags: top simplicial
    - normal:    0.6123  -0.7077   0.3523
    - offset: -0.1220428
    - center: 0.04606960000000002 -0.134331 -0.003518301333333329 
    - vertices: p386(v59) p679(v24) p551(v9)
    - neighboring facets: f451 f257 f254
- f257
    - flags: bottom simplicial
    - normal:    0.7817  -0.6051   0.1509
    - offset: -0.1173434
    - center: 0.04790870000000001 -0.1343373333333333 -0.009215800666666664 
    - vertices: p386(v59) p659(v32) p551(v9)
    - neighboring facets: f128 f255 f350
- f264
    - flags: top simplicial tested seen
    - normal:      0.44  -0.5124  -0.7375
    - offset: -0.1033544
    - center: 0.0459319 -0.1347306666666667 -0.01913083333333333 
    - vertices: p921(v60) p659(v32) p242(v18)
    - neighboring facets: f128 f481 f351
    - ridges:
- f269
    - flags: bottom simplicial tested
    - normal:    0.5915 0.001539   0.8063
    - offset: -0.02948209
    - center: 0.0502336 -0.05014423333333334 -0.0001939416666666721 
    - vertices: p601(v61) p766(v26) p551(v9)
    - neighboring facets: f416 f354 f270
- f270
    - flags: bottom simplicial tested seen
    - normal:    0.8115 0.003806   0.5843
    - offset: -0.04055201
    - center: 0.05029673333333334 0.009424699999999999 -0.0005133743333333317 
    - vertices: p601(v61) p251(v41) p766(v26)
    - neighboring facets: f170 f269 f463
    - ridges:
- f275
    - flags: top simplicial tested seen
    - normal:    0.6402  0.07294   0.7647
    - offset: -0.03519298
    - center: 0.0486703 0.06727523333333334 -0.001141793999999999 
    - vertices: p248(v62) p517(v15) p2(v1)
    - neighboring facets: f107 f466 f276
    - ridges:
- f276
    - flags: top simplicial tested seen
    - normal:    0.5692  0.06039     0.82
    - offset: -0.03088296
    - center: 0.0486703 0.06352263333333334 -0.0008027206666666646 
    - vertices: p248(v62) p251(v41) p517(v15)
    - neighboring facets: f170 f275 f464
    - ridges:
- f277
    - flags: bottom simplicial
    - normal:  -0.006255   0.1531   0.9882
    - offset: -0.01394588
    - center: -0.06780443333333333 0.09033410000000001 -0.000310711000000002 
    - vertices: p272(v63) p621(v43) p343(v6)
    - neighboring facets: f176 f357 f278
- f278
    - flags: top simplicial
    - normal:  -0.005531   0.1708   0.9853
    - offset: -0.01552018
    - center: -0.03520306666666666 0.09154130000000001 -0.0003107109999999986 
    - vertices: p272(v63) p621(v43) p649(v27)
    - neighboring facets: f286 f355 f277
- f285
    - flags: bottom simplicial tested seen
    - normal:   0.00446    0.966   0.2585
    - offset: -0.08873505
    - center: -0.0094445 0.09227786666666665 -0.001401164000000003 
    - vertices: p357(v65) p649(v27) p147(v11)
    - neighboring facets: f174 f471 f286
    - ridges:
- f286
    - flags: bottom simplicial tested
    - normal:  0.003331   0.9442   0.3293
    - offset:  -0.086717
    - center: -0.0475005 0.09224140000000002 -0.0006740336666666674 
    - vertices: p357(v65) p621(v43) p649(v27)
    - neighboring facets: f278 f285 f365
- f297
    - flags: bottom simplicial tested seen
    - normal:    0.9196  0.01272  -0.3927
    - offset: -0.05441866
    - center: 0.05016643333333334 0.04352643333333334 -0.0196923 
    - vertices: p718(v67) p414(v45) p403(v7)
    - neighboring facets: f483 f343 f372
    - ridges:
- f302
    - flags: top simplicial tested seen
    - normal:  -0.02805  -0.9996 -0.003042
    - offset: -0.1421369
    - center: -0.07963823333333335 -0.1399393333333334 -0.006467463333333333 
    - vertices: p27(v68) p676(v30) p710(v23)
    - neighboring facets: f496 f376 f303
    - ridges:
- f303
    - flags: top simplicial tested
    - normal:   -0.1637   -0.599   0.7838
    - offset: -0.09577526
    - center: -0.08436423333333333 -0.1389386666666667 -0.001612723333333329 
    - vertices: p27(v68) p707(v46) p676(v30)
    - neighboring facets: f194 f302 f378
- f307
    - flags: bottom simplicial tested seen
    - normal:  -0.01687  -0.2182   0.9758
    - offset: -0.03078672
    - center: -0.04599336666666667 -0.1396526666666667 -0.0004744026666666645 
    - vertices: p502(v69) p966(v47) p676(v30)
    - neighboring facets: f199 f497 f459
    - ridges:
- f311
    - flags: bottom simplicial tested seen
    - normal:   -0.1118 -0.02204  -0.9935
    - offset: -0.03243488
    - center: -0.08797053333333334 -0.130279 -0.01985669999999999 
    - vertices: p645(v70) p917(v20) p545(v8)
    - neighboring facets: f446 f312 f486
    - ridges:
- f312
    - flags: top simplicial tested seen
    - normal:   -0.1529  -0.0139  -0.9881
    - offset: -0.03497054
    - center: -0.09062516666666666 -0.1070672 -0.0198567 
    - vertices: p645(v70) p148(v49) p545(v8)
    - neighboring facets: f210 f311 f478
    - ridges:
- f313
    - flags: top simplicial
    - normal:   -0.1106  0.01892   0.9937
    - offset: -0.01113474
    - vertices: p197(v71) p391(v37) p343(v6)
    - neighboring facets: f155 f322 f380
- f322
    - flags: top simplicial
    - normal:  -0.001314 0.0002246        1
    - offset: -3.339306e-05
    - center: -0.06703466666666667 0.05337881333333333 -6.666826623399997e-05 
    - vertices: p141(v72) p197(v71) p343(v6)
    - neighboring facets: f313 f411 f382
- f328
    - flags: top simplicial tested seen
    - normal:   -0.2293   0.4109  -0.8824
    - offset: -0.07127527
    - center: -0.0817001 0.08600243333333334 -0.0195023 
    - vertices: p930(v74) p540(v57) p85(v10)
    - neighboring facets: f335 f487 f391
    - ridges:
- f331
    - flags: top simplicial tested seen
    - normal:  0.0007813   0.9973 -0.07286
    - offset: -0.09352966
    - center: -0.02243488666666667 0.09243773333333334 -0.01859926666666667 
    - vertices: p33(v75) p540(v57) p342(v39)
    - neighboring facets: f438 f400 f472
    - ridges:
- f334
    - flags: top simplicial
    - normal:   -0.8933   0.4119  -0.1798
    - offset:  -0.118844
    - vertices: p597(v76) p533(v38) p85(v10)
    - neighboring facets: f238 f335 f336
- f335
    - flags: bottom simplicial
    - normal:   -0.2791   0.4698  -0.8375
    - offset: -0.07962801
    - vertices: p597(v76) p540(v57) p85(v10)
    - neighboring facets: f328 f334 f337
- f336
    - flags: top simplicial
    - normal:   -0.5336   0.8414  0.08545
    - offset: -0.1225242
    - vertices: p597(v76) p621(v43) p533(v38)
    - neighboring facets: f176 f334 f337
- f337
    - flags: top simplicial
    - normal:   -0.1053   0.9932 -0.05008
    - offset: -0.1006441
    - center: -0.08224323333333333 0.09205463333333334 -0.01119297633333333 
    - vertices: p597(v76) p540(v57) p621(v43)
    - neighboring facets: f364 f336 f335
- f341
    - flags: top simplicial tested
    - normal:    0.4094   0.4006  -0.8197
    - offset: -0.06706822
    - center: 0.04947113333333333 0.0815073 -0.01728003333333333 
    - vertices: p841(v78) p680(v58) p403(v7)
    - neighboring facets: f396 f343 f345
- f343
    - flags: bottom simplicial tested seen
    - normal:    0.9396  0.01533   -0.342
    - offset: -0.05458799
    - center: 0.05018263333333334 0.0669093 -0.0187482 
    - vertices: p841(v78) p718(v67) p403(v7)
    - neighboring facets: f297 f341 f462
    - ridges:
- f345
    - flags: bottom simplicial tested seen
    - normal:    0.9679   0.2485  0.03668
    - offset: -0.06824824
    - center: 0.0497885 0.08270216666666667 -0.01354005 
    - vertices: p841(v78) p680(v58) p526(v28)
    - neighboring facets: f252 f465 f341
    - ridges:
- f349
    - flags: bottom simplicial tested
    - normal:    0.2088  -0.9779 -0.00683
    - offset:  -0.145485
    - center: 0.04278583333333334 -0.1395426666666667 -0.012906 
    - vertices: p81(v79) p386(v59) p952(v5)
    - neighboring facets: f408 f406 f350
- f350
    - flags: top simplicial tested
    - normal:    0.5094  -0.8396  -0.1885
    - offset: -0.1414404
    - center: 0.04470476666666667 -0.138004 -0.01483043333333333 
    - vertices: p81(v79) p386(v59) p659(v32)
    - neighboring facets: f257 f351 f349
- f351
    - flags: bottom simplicial tested
    - normal:    0.4746  -0.7923  -0.3834
    - offset: -0.1367028
    - center: 0.04271510000000002 -0.138203 -0.01807880000000001 
    - vertices: p81(v79) p921(v60) p659(v32)
    - neighboring facets: f264 f350 f442
- f353
    - flags: top simplicial tested seen
    - normal:    0.9972 -0.07425 0.008461
    - offset: -0.05974413
    - center: 0.05043686666666666 -0.1276886666666667 -0.003825164 
    - vertices: p523(v80) p853(v48) p551(v9)
    - neighboring facets: f204 f354 f468
    - ridges:
- f354
    - flags: bottom simplicial tested seen
    - normal:    0.9946 -0.002127   0.1036
    - offset: -0.05030378
    - center: 0.05043686666666667 -0.1032303333333333 -0.000784131 
    - vertices: p523(v80) p601(v61) p551(v9)
    - neighboring facets: f269 f353 f467
    - ridges:
- f355
    - flags: top simplicial tested
    - normal:  -4.726e-05 0.001459        1
    - offset: -3.343809e-05
    - center: -0.001633033333333333 0.0685645 -6.666826623399999e-05 
    - vertices: p655(v81) p272(v63) p649(v27)
    - neighboring facets: f278 f356 f357
- f356
    - flags: bottom simplicial tested
    - normal:  1.492e-05 0.001464        1
    - offset: -3.458725e-05
    - center: 0.01582546666666667 0.06901513333333333 -6.666859956733331e-05 
    - vertices: p655(v81) p781(v42) p649(v27)
    - neighboring facets: f174 f355 f358
- f357
    - flags: bottom simplicial tested
    - normal:  -5.925e-05  0.00145        1
    - offset: -3.302994e-05
    - center: -0.0342344 0.06735729999999999 -6.666826623399999e-05 
    - vertices: p655(v81) p272(v63) p343(v6)
    - neighboring facets: f277 f412 f355
- f358
    - flags: top simplicial tested
    - normal:  0.0001869 0.001457        1
    - offset: -3.728629e-05
    - center: 0.02704466666666666 0.0678951 -6.666859956733333e-05 
    - vertices: p655(v81) p781(v42) p517(v15)
    - neighboring facets: f173 f414 f356
- f364
    - flags: bottom simplicial tested seen
    - normal:  -0.01103   0.9999 0.0003303
    - offset: -0.09331155
    - center: -0.07770833333333334 0.09246353333333333 -0.009808876333333334 
    - vertices: p380(v82) p540(v57) p621(v43)
    - neighboring facets: f337 f365 f474
    - ridges:
- f365
    - flags: top simplicial tested seen
    - normal:  -0.007557        1 0.003791
    - offset: -0.09301973
    - center: -0.07609120000000001 0.09246353333333333 -0.004103233 
    - vertices: p380(v82) p357(v65) p621(v43)
    - neighboring facets: f286 f364 f473
    - ridges:
- f368
    - flags: top simplicial tested
    - normal:  -0.0001049 -0.0008628        1
    - offset: -2.338907e-05
    - center: -0.04328405333333333 -0.0991132 -6.666826623399999e-05 
    - vertices: p695(v83) p966(v47) p587(v16)
    - neighboring facets: f199 f429 f447
- f372
    - flags: top simplicial tested seen
    - normal:     0.999 0.0001559 -0.04406
    - offset: -0.0512897
    - center: 0.0504838 -0.01468606666666666 -0.01945396666666667 
    - vertices: p967(v84) p718(v67) p414(v45)
    - neighboring facets: f297 f432 f462
    - ridges:
- f374
    - flags: bottom simplicial tested seen
    - normal:    0.9999 -0.004621 -0.01334
    - offset: -0.0512109
    - center: 0.05044973333333334 -0.1186699666666667 -0.01632997333333333 
    - vertices: p967(v84) p853(v48) p242(v18)
    - neighboring facets: f204 f431 f468
    - ridges:
- f375
    - flags: top simplicial
    - normal:   -0.1983  -0.9591   -0.202
    - offset:  -0.152666
    - vertices: p748(v85) p710(v23) p545(v8)
    - neighboring facets: f91 f377 f376
- f376
    - flags: top simplicial
    - normal:   -0.1522  -0.9855 -0.07543
    - offset: -0.1508046
    - vertices: p748(v85) p27(v68) p710(v23)
    - neighboring facets: f302 f375 f378
- f377
    - flags: bottom simplicial
    - normal:   -0.6129    -0.79 -0.01574
    - offset: -0.1637928
    - vertices: p748(v85) p707(v46) p545(v8)
    - neighboring facets: f195 f375 f378
- f378
    - flags: bottom simplicial
    - normal:   -0.4077  -0.9118  0.04858
    - offset: -0.1617932
    - vertices: p748(v85) p27(v68) p707(v46)
    - neighboring facets: f303 f377 f376
- f379
    - flags: top simplicial
    - normal:   -0.1202  0.01223   0.9927
    - offset: -0.01156516
    - center: -0.09273530000000001 0.05381006666666666 -0.000244651333333334 
    - vertices: p296(v86) p810(v55) p391(v37)
    - neighboring facets: f388 f380 f381
- f380
    - flags: bottom simplicial
    - normal:   -0.1156   0.0129   0.9932
    - offset: -0.01118123
    - vertices: p296(v86) p197(v71) p391(v37)
    - neighboring facets: f313 f379 f382
- f381
    - flags: top simplicial
    - normal:  -0.00139 0.0001414        1
    - offset: -3.484798e-05
    - center: -0.0697559 0.03221958 -6.666826623399997e-05 
    - vertices: p296(v86) p141(v72) p810(v55)
    - neighboring facets: f384 f379 f382
- f382
    - flags: bottom simplicial
    - normal:  -0.001381 0.000154        1
    - offset: -3.467893e-05
    - vertices: p296(v86) p141(v72) p197(v71)
    - neighboring facets: f322 f380 f381
- f383
    - flags: top simplicial tested
    - normal:  -0.001411 -3.718e-05        1
    - offset: -3.446279e-05
    - center: -0.06992093333333332 -0.06704025333333334 -6.666826623399999e-05 
    - vertices: p684(v87) p141(v72) p587(v16)
    - neighboring facets: f428 f436 f384
- f384
    - flags: bottom simplicial tested
    - normal:  -0.001455 8.555e-07        1
    - offset: -3.572983e-05
    - center: -0.07040486666666666 -0.01090085333333334 -6.666826623399997e-05 
    - vertices: p684(v87) p141(v72) p810(v55)
    - neighboring facets: f381 f388 f383
- f387
    - flags: top simplicial tested seen
    - normal:   -0.9175 0.0003002   0.3978
    - offset: -0.08559295
    - center: -0.09345299999999999 -0.0183272 -0.000359046333333339 
    - vertices: p684(v87) p319(v73) p391(v37)
    - neighboring facets: f517 f388 f434
    - ridges:
- f388
    - flags: bottom simplicial tested
    - normal:   -0.8872 0.0005218   0.4615
    - offset: -0.08273896
    - center: -0.09338426666666666 0.01068963333333333 -0.0002446513333333341 
    - vertices: p684(v87) p810(v55) p391(v37)
    - neighboring facets: f379 f387 f384
- f391
    - flags: bottom simplicial tested seen
    - normal:  -0.03469   0.3252   -0.945
    - offset: -0.04997414
    - center: -0.0622059 0.09035463333333334 -0.0195023 
    - vertices: p881(v88) p930(v74) p540(v57)
    - neighboring facets: f328 f439 f488
    - ridges:
- f393
    - flags: top simplicial tested seen
    - normal:    0.1694   0.9821 -0.08238
    - offset: -0.09618669
    - center: 0.03428876666666667 0.0911273666666667 -0.01069844000000001 
    - vertices: p411(v89) p680(v58) p147(v11)
    - neighboring facets: f250 f471 f402
    - ridges:
- f396
    - flags: bottom simplicial tested seen
    - normal:    0.2017   0.4118  -0.8887
    - offset: -0.05901235
    - center: 0.04437163333333333 0.082242 -0.01822413333333334 
    - vertices: p984(v90) p680(v58) p403(v7)
    - neighboring facets: f341 f490 f397
    - ridges:
- f397
    - flags: bottom simplicial tested seen
    - normal:    0.1577   0.4852  -0.8601
    - offset: -0.0629572
    - center: 0.0369397 0.08544553333333334 -0.01822413333333333 
    - vertices: p984(v90) p539(v77) p680(v58)
    - neighboring facets: f399 f396 f482
    - ridges:
- f399
    - flags: top simplicial tested seen
    - normal:     0.146   0.5253  -0.8383
    - offset: -0.06561942
    - center: 0.02647546333333333 0.08847876666666667 -0.01822413333333333 
    - vertices: p94(v91) p539(v77) p680(v58)
    - neighboring facets: f397 f402 f479
    - ridges:
- f400
    - flags: top simplicial tested seen
    - normal:   0.06645   0.9093  -0.4108
    - offset: -0.0919713
    - center: 0.003720043333333332 0.09219939999999999 -0.01919696666666666 
    - vertices: p94(v91) p33(v75) p342(v39)
    - neighboring facets: f331 f491 f401
    - ridges:
- f401
    - flags: top simplicial tested seen
    - normal:   0.09247   0.8781  -0.4694
    - offset: -0.09038675
    - center: 0.01298753 0.09226166666666669 -0.01740010000000001 
    - vertices: p94(v91) p411(v89) p33(v75)
    - neighboring facets: f472 f400 f402
    - ridges:
- f402
    - flags: bottom simplicial tested
    - normal:    0.1378   0.7663  -0.6275
    - offset: -0.08347438
    - center: 0.02551909666666667 0.09088903333333333 -0.01642726666666667 
    - vertices: p94(v91) p411(v89) p680(v58)
    - neighboring facets: f393 f399 f401
- f405
    - flags: bottom simplicial tested seen
    - normal:  0.003744       -1 -0.002217
    - offset: -0.1401486
    - center: 0.03654286666666667 -0.1399866666666666 -0.01193464666666667 
    - vertices: p435(v92) p81(v79) p407(v40)
    - neighboring facets: f407 f501 f441
    - ridges:
- f406
    - flags: bottom simplicial
    - normal:    0.1949  -0.9808 -1.381e-05
    - offset:  -0.145209
    - vertices: p521(v93) p81(v79) p952(v5)
    - neighboring facets: f349 f408 f407
- f407
    - flags: top simplicial
    - normal:    0.1115  -0.9936  0.01772
    - offset: -0.1433031
    - vertices: p521(v93) p81(v79) p407(v40)
    - neighboring facets: f405 f409 f406
- f408
    - flags: top simplicial
    - normal:    0.1995  -0.9799 0.002546
    - offset: -0.1452483
    - vertices: p521(v93) p386(v59) p952(v5)
    - neighboring facets: f349 f406 f409
- f409
    - flags: bottom simplicial
    - normal:    0.2397  -0.9654   0.1029
    - offset: -0.1439696
    - vertices: p521(v93) p386(v59) p407(v40)
    - neighboring facets: f254 f407 f408
- f411
    - flags: top simplicial tested seen
    - normal:  -0.0005923 0.0007613        1
    - offset: -1.835728e-05
    - center: -0.03815586333333333 0.03821448 -3.333453246800001e-05 
    - vertices: p794(v94) p141(v72) p343(v6)
    - neighboring facets: f322 f412 f506
    - ridges:
- f412
    - flags: bottom simplicial tested seen
    - normal:  -0.0001345  0.00133        1
    - offset: -2.896446e-05
    - center: -0.02441529666666667 0.0443661 -3.3334532468e-05 
    - vertices: p794(v94) p655(v81) p343(v6)
    - neighboring facets: f357 f411 f503
    - ridges:
- f414
    - flags: top simplicial tested seen
    - normal:   0.00175 0.0007748        1
    - offset: -4.733892e-05
    - center: 0.0275192 0.04194833333333333 -3.3334532468e-05 
    - vertices: p773(v95) p655(v81) p517(v15)
    - neighboring facets: f358 f415 f505
    - ridges:
- f415
    - flags: bottom simplicial tested
    - normal:  0.003264 0.0002852        1
    - offset: -7.213551e-05
    - center: 0.03859596666666667 0.04500836666666667 -6.666826623400002e-05 
    - vertices: p773(v95) p766(v26) p517(v15)
    - neighboring facets: f170 f414 f416
- f416
    - flags: top simplicial tested
    - normal:  0.003442 8.955e-06        1
    - offset: -7.201844e-05
    - center: 0.04036253333333333 -0.02746946666666666 -6.666826623399998e-05 
    - vertices: p773(v95) p766(v26) p551(v9)
    - neighboring facets: f269 f417 f415
- f417
    - flags: bottom simplicial tested seen
    - normal:  0.003315 -1.716e-05        1
    - offset: -6.900719e-05
    - center: 0.03065213333333333 -0.041945 -3.333453246799999e-05 
    - vertices: p773(v95) p628(v66) p551(v9)
    - neighboring facets: f453 f416 f507
    - ridges:
- f421
    - flags: bottom simplicial tested seen
    - normal:  0.009681  -0.7555    0.655
    - offset: -0.1053756
    - center: 0.007771199999999999 -0.1397873333333333 -0.0004795526666666589 
    - vertices: p492(v96) p502(v69) p291(v14)
    - neighboring facets: f500 f422 f460
    - ridges:
- f422
    - flags: top simplicial tested
    - normal:   0.04227  -0.2622   0.9641
    - offset: -0.03709642
    - center: 0.0311566 -0.1380556666666667 -0.000440598000000006 
    - vertices: p492(v96) p679(v24) p291(v14)
    - neighboring facets: f164 f421 f449
- f428
    - flags: bottom simplicial tested seen
    - normal:  -0.001323 -8.04e-05        1
    - offset: -3.208746e-05
    - center: -0.04669066666666667 -0.04551180999999999 -3.333453246799999e-05 
    - vertices: p749(v98) p141(v72) p587(v16)
    - neighboring facets: f383 f429 f509
    - ridges:
- f429
    - flags: top simplicial tested seen
    - normal:  -0.0004858 -0.0005475        1
    - offset: -1.680818e-05
    - center: -0.04006635333333333 -0.05602645666666666 -3.3334532468e-05 
    - vertices: p749(v98) p695(v83) p587(v16)
    - neighboring facets: f368 f428 f504
    - ridges:
- f431
    - flags: bottom simplicial tested seen
    - normal:    0.9947  -0.0025  -0.1029
    - offset:  -0.052474
    - center: 0.05041583333333333 -0.1128443 -0.01986166666666667 
    - vertices: p742(v99) p967(v84) p242(v18)
    - neighboring facets: f374 f492 f432
    - ridges:
- f432
    - flags: top simplicial tested seen
    - normal:     0.991 -0.0004372  -0.1342
    - offset: -0.05268799
    - center: 0.0504499 -0.0662191 -0.01986166666666667 
    - vertices: p742(v99) p967(v84) p414(v45)
    - neighboring facets: f372 f489 f431
    - ridges:
- f434
    - flags: bottom simplicial tested seen
    - normal:   -0.9943 -0.004351   0.1067
    - offset: -0.09313788
    - center: -0.09345300000000001 -0.07879246666666667 -0.001160019666666667 
    - vertices: p988(v100) p684(v87) p319(v73)
    - neighboring facets: f387 f518 f436
    - ridges:
- f436
    - flags: top simplicial tested
    - normal:   -0.9293 -0.02449   0.3685
    - offset: -0.0885406
    - center: -0.09290033333333333 -0.1059150333333333 -0.001045624666666663 
    - vertices: p988(v100) p684(v87) p587(v16)
    - neighboring facets: f383 f456 f434
- f438
    - flags: bottom simplicial tested seen
    - normal:  -0.01374   0.7789   -0.627
    - offset: -0.0845518
    - center: -0.03204012 0.09228946666666667 -0.0195023 
    - vertices: p284(v101) p540(v57) p342(v39)
    - neighboring facets: f331 f491 f439
    - ridges:
- f439
    - flags: bottom simplicial tested seen
    - normal:  -0.01865   0.6587  -0.7522
    - offset: -0.07608926
    - center: -0.04233166666666666 0.0920501 -0.01950230000000001 
    - vertices: p284(v101) p881(v88) p540(v57)
    - neighboring facets: f391 f438 f488
    - ridges:
- f441
    - flags: top simplicial tested seen
    - normal:  0.002344  -0.9999 -0.01308
    - offset: -0.1402647
    - center: 0.02626424666666667 -0.1399866666666667 -0.0174923 
    - vertices: p798(v102) p435(v92) p81(v79)
    - neighboring facets: f405 f442 f501
    - ridges:
- f442
    - flags: top simplicial tested
    - normal:   0.00528  -0.9989 -0.04662
    - offset: -0.1408107
    - center: 0.02879824666666667 -0.1399283333333333 -0.01897046666666667 
    - vertices: p798(v102) p81(v79) p921(v60)
    - neighboring facets: f351 f444 f441
- f444
    - flags: top simplicial tested seen
    - normal:  -0.006459  -0.1644  -0.9864
    - offset: -0.04255888
    - center: -0.01306185333333333 -0.1382686666666667 -0.0200225 
    - vertices: p798(v102) p921(v60) p917(v20)
    - neighboring facets: f484 f446 f442
    - ridges:
- f445
    - flags: bottom simplicial tested seen
    - normal:  -0.02201  -0.4607  -0.8873
    - offset: -0.08196456
    - center: -0.04414458666666667 -0.138752 -0.01923906666666667 
    - vertices: p798(v102) p236(v13) p545(v8)
    - neighboring facets: f91 f446 f495
    - ridges:
- f446
    - flags: top simplicial tested
    - normal:  -0.02053  -0.4192  -0.9077
    - offset: -0.07657265
    - center: -0.05622525333333334 -0.137079 -0.01977920000000001 
    - vertices: p798(v102) p917(v20) p545(v8)
    - neighboring facets: f311 f445 f444
- f447
    - flags: bottom simplicial tested seen
    - normal:  -4.821e-05 -0.0008773        1
    - offset: -2.350644e-05
    - center: -0.008975386666666666 -0.06430066666666666 -3.333453246799999e-05 
    - vertices: p423(v103) p695(v83) p966(v47)
    - neighboring facets: f368 f457 f504
    - ridges:
- f449
    - flags: bottom simplicial tested
    - normal:  0.0001431 -0.0008878        1
    - offset: -2.591721e-05
    - center: 0.0233079 -0.1005241333333333 -6.666826623399998e-05 
    - vertices: p423(v103) p492(v96) p679(v24)
    - neighboring facets: f422 f451 f458
- f451
    - flags: bottom simplicial tested
    - normal:  0.0006386 -0.0007381        1
    - offset: -2.730362e-05
    - center: 0.03498316666666667 -0.0970568 -6.666826623400002e-05 
    - vertices: p423(v103) p679(v24) p551(v9)
    - neighboring facets: f255 f453 f449
- f453
    - flags: top simplicial tested seen
    - normal:  0.001017 -0.0005919        1
    - offset: -2.749212e-05
    - center: 0.02738453333333333 -0.05571723333333333 -3.333453246799999e-05 
    - vertices: p423(v103) p628(v66) p551(v9)
    - neighboring facets: f417 f451 f507
    - ridges:
- f455
    - flags: top simplicial tested seen
    - normal:   -0.9753 -0.05664   0.2136
    - offset: -0.09701846
    - center: -0.09294733333333334 -0.125792 -0.003542807333333335 
    - vertices: p158(v104) p587(v16) p875(v12)
    - neighboring facets: f143 f516 f456
    - ridges:
- f456
    - flags: top simplicial tested seen
    - normal:   -0.9669 -0.04401   0.2514
    - offset: -0.09457758
    - center: -0.09294733333333334 -0.1206863333333333 -0.002398427333333332 
    - vertices: p158(v104) p988(v100) p587(v16)
    - neighboring facets: f436 f455 f518
    - ridges:
- f457
    - flags: bottom simplicial
    - normal:  -1.117e-05 -0.000892        1
    - offset: -2.432097e-05
    - vertices: p232(v105) p423(v103) p966(v47)
    - neighboring facets: f447 f459 f458
- f458
    - flags: top simplicial
    - normal:  -1.129e-06 -0.0008933        1
    - offset: -2.446672e-05
    - vertices: p232(v105) p423(v103) p492(v96)
    - neighboring facets: f449 f460 f457
- f459
    - flags: top simplicial
    - normal:  -0.001517  -0.1211   0.9926
    - offset: -0.01678088
    - vertices: p232(v105) p502(v69) p966(v47)
    - neighboring facets: f307 f457 f460
- f460
    - flags: top simplicial
    - normal:  -0.0002108  -0.1668    0.986
    - offset: -0.02313903
    - vertices: p232(v105) p492(v96) p502(v69)
    - neighboring facets: f421 f459 f458
- f461
    - flags: bottom simplicial tricoplanar keepcentrum
    - owner of normal & centrum is facet f461
    - normal:         1        0        0
    - offset:    -0.0505
    - center: 0.0505 0.006576944444444444 -0.006796182333333333 
    - vertices: p967(v84) p526(v28) p2(v1)
    - neighboring facets: f107 f466 f465
- f462
    - flags: top simplicial tricoplanar
    - owner of normal & centrum is facet f461
    - normal:         1        0        0
    - offset:    -0.0505
    - center: 0.0505 0.006576944444444444 -0.006796182333333333 
    - vertices: p967(v84) p841(v78) p718(v67)
    - neighboring facets: f343 f372 f465
- f463
    - flags: top simplicial tricoplanar
    - owner of normal & centrum is facet f461
    - normal:         1        0        0
    - offset:    -0.0505
    - center: 0.0505 0.006576944444444444 -0.006796182333333333 
    - vertices: p967(v84) p601(v61) p251(v41)
    - neighboring facets: f270 f464 f467
- f464
    - flags: bottom simplicial tricoplanar
    - owner of normal & centrum is facet f461
    - normal:         1        0        0
    - offset:    -0.0505
    - center: 0.0505 0.006576944444444444 -0.006796182333333333 
    - vertices: p967(v84) p248(v62) p251(v41)
    - neighboring facets: f276 f463 f466
- f465
    - flags: bottom simplicial tricoplanar
    - owner of normal & centrum is facet f461
    - normal:         1        0        0
    - offset:    -0.0505
    - center: 0.0505 0.006576944444444444 -0.006796182333333333 
    - vertices: p967(v84) p841(v78) p526(v28)
    - neighboring facets: f345 f461 f462
- f466
    - flags: top simplicial tricoplanar
    - owner of normal & centrum is facet f461
    - normal:         1        0        0
    - offset:    -0.0505
    - center: 0.0505 0.006576944444444444 -0.006796182333333333 
    - vertices: p967(v84) p248(v62) p2(v1)
    - neighboring facets: f275 f461 f464
- f467
    - flags: top simplicial tricoplanar
    - owner of normal & centrum is facet f461
    - normal:         1        0        0
    - offset:    -0.0505
    - center: 0.0505 0.006576944444444444 -0.006796182333333333 
    - vertices: p967(v84) p523(v80) p601(v61)
    - neighboring facets: f354 f463 f468
- f468
    - flags: bottom simplicial tricoplanar
    - owner of normal & centrum is facet f461
    - normal:         1        0        0
    - offset:    -0.0505
    - center: 0.0505 0.006576944444444444 -0.006796182333333333 
    - vertices: p967(v84) p523(v80) p853(v48)
    - neighboring facets: f353 f374 f467
- f471
    - flags: bottom simplicial tricoplanar keepcentrum
    - owner of normal & centrum is facet f471
    - normal:        -0        1       -0
    - offset:    -0.0925
    - center: -0.0256013 0.0925 -0.01081638166666667 
    - vertices: p411(v89) p357(v65) p147(v11)
    - neighboring facets: f285 f393 f473
- f472
    - flags: bottom simplicial tricoplanar
    - owner of normal & centrum is facet f471
    - normal:        -0        1       -0
    - offset:    -0.0925
    - center: -0.0256013 0.0925 -0.01081638166666667 
    - vertices: p411(v89) p33(v75) p540(v57)
    - neighboring facets: f331 f474 f401
- f473
    - flags: bottom simplicial tricoplanar
    - owner of normal & centrum is facet f471
    - normal:        -0        1       -0
    - offset:    -0.0925
    - center: -0.0256013 0.0925 -0.01081638166666667 
    - vertices: p411(v89) p380(v82) p357(v65)
    - neighboring facets: f365 f471 f474
- f474
    - flags: top simplicial tricoplanar
    - owner of normal & centrum is facet f471
    - normal:        -0        1       -0
    - offset:    -0.0925
    - center: -0.0256013 0.0925 -0.01081638166666667 
    - vertices: p411(v89) p380(v82) p540(v57)
    - neighboring facets: f364 f472 f473
- f477
    - flags: top simplicial tricoplanar keepcentrum
    - owner of normal & centrum is facet f477
    - normal:        -0       -0       -1
    - offset:    -0.0201
    - center: -0.02605032888888888 -0.02217881333333332 -0.0201 
    - vertices: p284(v101) p793(v51) p724(v34)
    - neighboring facets: f219 f480 f485
- f478
    - flags: bottom simplicial tricoplanar
    - owner of normal & centrum is facet f477
    - normal:        -0       -0       -1
    - offset:    -0.0201
    - center: -0.02605032888888888 -0.02217881333333332 -0.0201 
    - vertices: p284(v101) p645(v70) p148(v49)
    - neighboring facets: f312 f480 f486
- f479
    - flags: bottom simplicial tricoplanar
    - owner of normal & centrum is facet f477
    - normal:        -0       -0       -1
    - offset:    -0.0201
    - center: -0.02605032888888888 -0.02217881333333332 -0.0201 
    - vertices: p284(v101) p94(v91) p539(v77)
    - neighboring facets: f399 f482 f491
- f480
    - flags: bottom simplicial tricoplanar
    - owner of normal & centrum is facet f477
    - normal:        -0       -0       -1
    - offset:    -0.0201
    - center: -0.02605032888888888 -0.02217881333333332 -0.0201 
    - vertices: p284(v101) p148(v49) p724(v34)
    - neighboring facets: f211 f477 f478
- f481
    - flags: top simplicial tricoplanar
    - owner of normal & centrum is facet f477
    - normal:        -0       -0       -1
    - offset:    -0.0201
    - center: -0.02605032888888888 -0.02217881333333332 -0.0201 
    - vertices: p284(v101) p921(v60) p242(v18)
    - neighboring facets: f264 f492 f484
- f482
    - flags: top simplicial tricoplanar
    - owner of normal & centrum is facet f477
    - normal:        -0       -0       -1
    - offset:    -0.0201
    - center: -0.02605032888888888 -0.02217881333333332 -0.0201 
    - vertices: p284(v101) p984(v90) p539(v77)
    - neighboring facets: f397 f479 f490
- f483
    - flags: top simplicial tricoplanar
    - owner of normal & centrum is facet f477
    - normal:        -0       -0       -1
    - offset:    -0.0201
    - center: -0.02605032888888888 -0.02217881333333332 -0.0201 
    - vertices: p284(v101) p414(v45) p403(v7)
    - neighboring facets: f297 f490 f489
- f484
    - flags: bottom simplicial tricoplanar
    - owner of normal & centrum is facet f477
    - normal:        -0       -0       -1
    - offset:    -0.0201
    - center: -0.02605032888888888 -0.02217881333333332 -0.0201 
    - vertices: p284(v101) p921(v60) p917(v20)
    - neighboring facets: f444 f486 f481
- f485
    - flags: bottom simplicial tricoplanar
    - owner of normal & centrum is facet f477
    - normal:        -0       -0       -1
    - offset:    -0.0201
    - center: -0.02605032888888888 -0.02217881333333332 -0.0201 
    - vertices: p284(v101) p793(v51) p85(v10)
    - neighboring facets: f218 f487 f477
- f486
    - flags: top simplicial tricoplanar
    - owner of normal & centrum is facet f477
    - normal:        -0       -0       -1
    - offset:    -0.0201
    - center: -0.02605032888888888 -0.02217881333333332 -0.0201 
    - vertices: p284(v101) p645(v70) p917(v20)
    - neighboring facets: f311 f484 f478
- f487
    - flags: top simplicial tricoplanar
    - owner of normal & centrum is facet f477
    - normal:        -0       -0       -1
    - offset:    -0.0201
    - center: -0.02605032888888888 -0.02217881333333332 -0.0201 
    - vertices: p284(v101) p930(v74) p85(v10)
    - neighboring facets: f328 f485 f488
- f488
    - flags: top simplicial tricoplanar
    - owner of normal & centrum is facet f477
    - normal:        -0       -0       -1
    - offset:    -0.0201
    - center: -0.02605032888888888 -0.02217881333333332 -0.0201 
    - vertices: p284(v101) p881(v88) p930(v74)
    - neighboring facets: f391 f487 f439
- f489
    - flags: top simplicial tricoplanar
    - owner of normal & centrum is facet f477
    - normal:        -0       -0       -1
    - offset:    -0.0201
    - center: -0.02605032888888888 -0.02217881333333332 -0.0201 
    - vertices: p284(v101) p742(v99) p414(v45)
    - neighboring facets: f432 f483 f492
- f490
    - flags: bottom simplicial tricoplanar
    - owner of normal & centrum is facet f477
    - normal:        -0       -0       -1
    - offset:    -0.0201
    - center: -0.02605032888888888 -0.02217881333333332 -0.0201 
    - vertices: p284(v101) p984(v90) p403(v7)
    - neighboring facets: f396 f483 f482
- f491
    - flags: top simplicial tricoplanar
    - owner of normal & centrum is facet f477
    - normal:        -0       -0       -1
    - offset:    -0.0201
    - center: -0.02605032888888888 -0.02217881333333332 -0.0201 
    - vertices: p284(v101) p94(v91) p342(v39)
    - neighboring facets: f400 f438 f479
- f492
    - flags: bottom simplicial tricoplanar
    - owner of normal & centrum is facet f477
    - normal:        -0       -0       -1
    - offset:    -0.0201
    - center: -0.02605032888888888 -0.02217881333333332 -0.0201 
    - vertices: p284(v101) p742(v99) p242(v18)
    - neighboring facets: f431 f481 f489
- f495
    - flags: bottom simplicial tricoplanar keepcentrum
    - owner of normal & centrum is facet f495
    - normal:         0       -1        0
    - offset:      -0.14
    - center: -0.0148573575  -0.14 -0.0094566045 
    - vertices: p798(v102) p710(v23) p236(v13)
    - neighboring facets: f91 f445 f496
- f496
    - flags: bottom simplicial tricoplanar
    - owner of normal & centrum is facet f495
    - normal:         0       -1        0
    - offset:      -0.14
    - center: -0.0148573575  -0.14 -0.0094566045 
    - vertices: p798(v102) p676(v30) p710(v23)
    - neighboring facets: f302 f495 f497
- f497
    - flags: bottom simplicial tricoplanar
    - owner of normal & centrum is facet f495
    - normal:         0       -1        0
    - offset:      -0.14
    - center: -0.0148573575  -0.14 -0.0094566045 
    - vertices: p798(v102) p502(v69) p676(v30)
    - neighboring facets: f307 f496 f500
- f499
    - flags: bottom simplicial tricoplanar
    - owner of normal & centrum is facet f495
    - normal:         0       -1        0
    - offset:      -0.14
    - center: -0.0148573575  -0.14 -0.0094566045 
    - vertices: p798(v102) p407(v40) p291(v14)
    - neighboring facets: f164 f500 f501
- f500
    - flags: top simplicial tricoplanar
    - owner of normal & centrum is facet f495
    - normal:         0       -1        0
    - offset:      -0.14
    - center: -0.0148573575  -0.14 -0.0094566045 
    - vertices: p798(v102) p502(v69) p291(v14)
    - neighboring facets: f421 f499 f497
- f501
    - flags: bottom simplicial tricoplanar
    - owner of normal & centrum is facet f495
    - normal:         0       -1        0
    - offset:      -0.14
    - center: -0.0148573575  -0.14 -0.0094566045 
    - vertices: p798(v102) p435(v92) p407(v40)
    - neighboring facets: f405 f499 f441
- f503
    - flags: top simplicial tricoplanar keepcentrum
    - owner of normal & centrum is facet f503
    - normal:        -0       -0        1
    - offset: 7.98702e-10
    - center: 0.001626981249999999 -0.00132814125 -7.98702e-10 
    - vertices: p423(v103) p794(v94) p655(v81)
    - neighboring facets: f412 f505 f506
- f504
    - flags: bottom simplicial tricoplanar
    - owner of normal & centrum is facet f503
    - normal:        -0       -0        1
    - offset: 7.98702e-10
    - center: 0.001626981249999999 -0.00132814125 -7.98702e-10 
    - vertices: p423(v103) p749(v98) p695(v83)
    - neighboring facets: f429 f447 f509
- f505
    - flags: bottom simplicial tricoplanar
    - owner of normal & centrum is facet f503
    - normal:        -0       -0        1
    - offset: 7.98702e-10
    - center: 0.001626981249999999 -0.00132814125 -7.98702e-10 
    - vertices: p423(v103) p773(v95) p655(v81)
    - neighboring facets: f414 f503 f507
- f506
    - flags: bottom simplicial tricoplanar
    - owner of normal & centrum is facet f503
    - normal:        -0       -0        1
    - offset: 7.98702e-10
    - center: 0.001626981249999999 -0.00132814125 -7.98702e-10 
    - vertices: p423(v103) p794(v94) p141(v72)
    - neighboring facets: f411 f509 f503
- f507
    - flags: top simplicial tricoplanar
    - owner of normal & centrum is facet f503
    - normal:        -0       -0        1
    - offset: 7.98702e-10
    - center: 0.001626981249999999 -0.00132814125 -7.98702e-10 
    - vertices: p423(v103) p773(v95) p628(v66)
    - neighboring facets: f417 f453 f505
- f509
    - flags: top simplicial tricoplanar
    - owner of normal & centrum is facet f503
    - normal:        -0       -0        1
    - offset: 7.98702e-10
    - center: 0.001626981249999999 -0.00132814125 -7.98702e-10 
    - vertices: p423(v103) p749(v98) p141(v72)
    - neighboring facets: f428 f506 f504
- f511
    - flags: top simplicial tricoplanar keepcentrum
    - owner of normal & centrum is facet f511
    - normal:        -1       -0        0
    - offset:    -0.0935
    - center: -0.0935 -0.03933093333333333 -0.009899950777777776 
    - vertices: p158(v104) p537(v50) p945(v33)
    - neighboring facets: f216 f514 f515
- f512
    - flags: top simplicial tricoplanar
    - owner of normal & centrum is facet f511
    - normal:        -1       -0        0
    - offset:    -0.0935
    - center: -0.0935 -0.03933093333333333 -0.009899950777777776 
    - vertices: p158(v104) p59(v56) p391(v37)
    - neighboring facets: f237 f517 f514
- f513
    - flags: top simplicial tricoplanar
    - owner of normal & centrum is facet f511
    - normal:        -1       -0        0
    - offset:    -0.0935
    - center: -0.0935 -0.03933093333333333 -0.009899950777777776 
    - vertices: p158(v104) p208(v52) p591(v19)
    - neighboring facets: f222 f515 f516
- f514
    - flags: bottom simplicial tricoplanar
    - owner of normal & centrum is facet f511
    - normal:        -1       -0        0
    - offset:    -0.0935
    - center: -0.0935 -0.03933093333333333 -0.009899950777777776 
    - vertices: p158(v104) p59(v56) p945(v33)
    - neighboring facets: f240 f511 f512
- f515
    - flags: bottom simplicial tricoplanar
    - owner of normal & centrum is facet f511
    - normal:        -1       -0        0
    - offset:    -0.0935
    - center: -0.0935 -0.03933093333333333 -0.009899950777777776 
    - vertices: p158(v104) p537(v50) p591(v19)
    - neighboring facets: f215 f513 f511
- f516
    - flags: bottom simplicial tricoplanar
    - owner of normal & centrum is facet f511
    - normal:        -1       -0        0
    - offset:    -0.0935
    - center: -0.0935 -0.03933093333333333 -0.009899950777777776 
    - vertices: p158(v104) p208(v52) p875(v12)
    - neighboring facets: f221 f455 f513
- f517
    - flags: bottom simplicial tricoplanar
    - owner of normal & centrum is facet f511
    - normal:        -1       -0        0
    - offset:    -0.0935
    - center: -0.0935 -0.03933093333333333 -0.009899950777777776 
    - vertices: p158(v104) p319(v73) p391(v37)
    - neighboring facets: f387 f512 f518
- f518
    - flags: bottom simplicial tricoplanar
    - owner of normal & centrum is facet f511
    - normal:        -1       -0        0
    - offset:    -0.0935
    - center: -0.0935 -0.03933093333333333 -0.009899950777777776 
    - vertices: p158(v104) p988(v100) p319(v73)
    - neighboring facets: f434 f517 f456
