3
1000 184 276
-0.00674525 0.0101998 0.0126028 
-0.0236084 0.0328485  0.017 
-0.0258972 0.0220632 0.00366082 
 0.011 -0.0327827 0.000631577 
0.0503652 0.0115068 0.0101389 
-0.025333 -0.028958 0.0063092 
-0.0127491 0.0209095 0.008727820000000001 
0.00452951 -0.00115707 0.0135924 
-0.0188526 0.0210315 0.012194 
 0.008 -0.0281865 0.00901706 
0.0110489 -0.0257533 3.33782e-09 
0.0224166 -0.0014418 0.0100686 
-0.0219034 -0.0181031 0.00681606 
0.0136106 0.0377981 0.00143919 
0.0530777 -0.0100019 0.0105 
0.0270004 0.0356056 0.008500000000000001 
-0.0263695 0.026219 0.00503254 
0.0103214 0.0351821 0.0168128 
0.0277858 0.0285681 0.00628928 
-0.02252 0.0162701 0.0131131 
0.0309584 -0.00898881   0.01 
0.03069 0.0125623 0.008500000000000001 
 0.008 -0.000276261 0.0116349 
0.0150554 -0.031197 0.0104595 
0.010393 -0.0334137  0.017 
-0.0156777 -0.0227902 0.008941920000000001 
-0.00688597 -0.00350259 3.33782e-09 
-0.0217544 -0.0319456 0.00225628 
 0.014 -0.0316385 0.0168317 
 0.008 -0.00998926 0.00651305 
-0.0128413 -0.0207606 0.000499224 
 0.011 -0.00281045 0.0166577 
-0.0231185 -0.030089  0.017 
-0.008162819999999999 -0.0229091 0.00359627 
 0.008 0.0313899 0.00838829 
-0.00997498 -0.00765834 0.00796269 
0.0312362 -0.0276222 0.0102812 
-0.00955987 0.0151261  0.017 
-0.02472 0.0298105 0.00444492 
0.0155093 -0.00207277 0.0105 
 0.006 0.0201886 0.00468208 
0.0126797 -0.0103974 2.41116e-07 
 0.014 -0.0136265 0.00535737 
0.0457268 0.00511384 0.008500000000000001 
 0.014 -0.0181515 0.0113083 
 0.011 0.00202305 0.00106296 
-0.0171657 -0.0322425 0.00240251 
0.0205703 0.0219845 0.0105 
0.045644 -0.0125501 0.0105 
0.00682048 -0.0358733 0.0054189 
-0.00266576 0.0289355  0.017 
-0.00504657 0.00318588 0.00177795 
-0.00232589 0.00552735 0.0144898 
-0.0118228 0.0228533 0.0108984 
-0.0138517 -0.0200826 3.33782e-09 
0.0500842 0.0213249 0.008500000000000001 
 0.014 0.00149176 0.0161283 
0.0422245 -0.009038590000000001 0.0105 
-0.0173144 0.0177126 0.009403099999999999 
0.000172795 0.00952737 0.0124559 
-0.00602629 -0.008374960000000001 3.33782e-09 
-0.0120489 -0.0319767 0.0126494 
0.0523677 0.00545682 0.008500000000000001 
0.0100533 -0.0354626 0.00712396 
 0.011 -0.0222617 0.0143758 
0.0202765 0.0310339 0.00768563 
 0.011 -0.00977722 0.00113226 
-0.00877083 -0.00484267 0.0144094 
-0.00393469 -0.0236113  0.015 
0.0344026 0.00854162 0.0105 
0.0345213 -0.0306807   0.01 
-0.00550655 -0.024487  0.015 
-0.0200504 -0.0343387 0.00299558 
0.00590802 0.0009338560000000001 0.0124551 
-0.0219785 -0.0223746 0.0164459 
0.0161799 -0.0137529   0.01 
-0.0193127 0.0324505 0.00199568 
 0.014 -0.0175657 0.000626081 
0.0332907 0.0285 0.00738411 
0.0436155 -0.0115444 0.008500000000000001 
-0.0173008 -0.0214046 0.00725359 
-0.0132388 0.0297251 0.0139751 
 0.014 0.0178695 0.0118281 
0.00320574 0.022781  0.015 
-0.0188928 -0.0344985 0.000918982 
 0.014 0.0394926 0.0125305 
-0.0155215 -0.0316351 0.00173089 
-0.0222158 0.0161689 0.0139337 
-0.00909805 0.019516 0.012553 
0.009804749999999999 -0.0200942  0.017 
0.00467478 -0.00914835  0.017 
0.0353195 0.0285389 0.0102263 
-0.0215843 0.0179814 0.0149058 
0.0359232 -0.0370649 0.0101441 
0.0258321 -0.00446836 0.0105 
-0.0116707 -0.023566 0.009808509999999999 
0.0241425 -0.0207683 0.008500000000000001 
-0.00783673 0.0102228  0.017 
 0.014 -0.0263521 0.00666591 
0.0479134 -0.0167481 0.008500000000000001 
0.053502 0.00987936 0.00847789 
0.0394972 -0.0343844   0.01 
0.008415880000000001 -0.0186529 3.33782e-09 
-0.0190083 -0.0324992 0.0142125 
-0.0108889 -0.0313524 0.016421 
0.0168822 -0.0107201 0.0105 
0.0512651 -0.00728256 0.00845396 
0.0273331 -0.00627267 0.008500000000000001 
0.0140528 0.00868963 0.000290531 
-0.0134788 0.0278355  0.017 
-0.0248684 -0.0203522 0.0131978 
 0.008 0.0174594 0.00370612 
-0.0220872 -0.022506 0.00476072 
 0.011 0.00858602 0.00281277 
0.0181279 -0.0307305 0.0102643 
 0.014 0.00584329 0.0168914 
-0.008554829999999999 0.0125295 0.00228474 
0.0274711 0.012187   0.01 
-0.00747764 -0.00357024  0.017 
-0.0190925 -0.0324914 0.0141651 
0.00777927 -0.0230064  0.017 
0.0354437 -0.0132596 0.008500000000000001 
-0.0152773 0.0185004 0.0118934 
-0.0139006 -0.0195908 0.0158462 
0.0122419 0.0361699 0.00255252 
-0.0177148 0.0287593 0.0108399 
0.0489773 -0.00931189 0.00840838 
0.0088916 -0.0394848 0.00430626 
 0.011 -0.0219657 0.00183016 
0.0236005 -0.0223972 0.0105 
0.0299889 -0.0314141 0.0105 
0.00480805 0.00354628 0.000455195 
 0.014 -0.0171917 0.000701378 
-0.0188486 0.0175125 0.012332 
-0.00831837 -0.00280069 0.00159359 
0.0539146 -0.000455196   0.01 
-0.0159699 0.015371 3.33782e-09 
0.0047174 -0.0317974 3.33782e-09 
0.0131349 0.0102747 0.0121443 
0.00777069 -0.00297219 3.33782e-09 
-0.0229299 0.0242625 0.0169392 
0.0233669 -0.0116616   0.01 
0.0216959 -0.0209226 0.008500000000000001 
-0.0281785 -0.0227308 0.000703175 
-0.00295118 0.00513155 0.00531479 
-0.011508 -0.0251946 0.00243829 
0.00948879 -0.0362845 0.0126504 
-0.00517778 -0.00969418 0.00125591 
0.0140021 0.0070164 0.0015308 
0.0344216 -0.0346825 0.008500000000000001 
0.0265233 0.0122078 0.008500000000000001 
0.0190937 0.0075 0.00453776 
 0.013 0.022981 0.0127566 
 0.011 -0.000739992 0.0164304 
-0.000180816 0.0270244 0.00203132 
-0.0235406 -0.0190707 0.00256799 
 0.013 -0.0242181 0.0111887 
0.0368179 0.00954872 0.0076118 
-0.0147035 -0.0311381 0.0142751 
0.0328042 -0.000711584 0.0105 
-0.00234496 -0.00388191  0.017 
 0.011 0.0142277 0.012686 
-0.019687 -0.0175637 0.0020614 
 0.013 -0.0281663 0.0106377 
-0.0115138 -0.0207821  0.017 
-0.0152866 0.0133044 0.00155576 
-0.00686898 -0.0132031  0.017 
-0.008339269999999999 -0.0029845 0.00569452 
 0.008 0.0158747 0.0122984 
0.0102588 -0.0347056 0.00202648 
 0.011 0.0367655 0.009552369999999999 
0.0382915 -0.009147199999999999 0.0077574 
0.0165487 -0.0237239 0.0101741 
0.026195 0.0376634 0.0102887 
-0.0155635 0.017488  0.017 
 0.011 0.0182086 0.0161328 
0.0125236 -0.0144347 0.0120545 
-0.0193645 -0.0175577 0.00829883 
-0.0120889 0.0319982 0.0106363 
-0.0263454 -0.0236519 0.00353334 
-0.0199786 0.0288764 0.00975461 
0.0215077  -0.01 0.00588077 
0.038981 -0.0137084 0.0101222 
0.0309541 0.0334153   0.01 
0.0407248 -0.00692074 0.0105 
0.00527302 -0.0145772  0.017 
-0.0187866 0.0189514 3.33782e-09 
0.0458626 0.000749687 0.008500000000000001 
0.00109165 -0.0262488  0.017 
0.0491895 0.0175982 0.008500000000000001 
0.0161982 -0.0318245 0.008468949999999999 
0.0543999 0.0149315 0.008500000000000001 
-0.015041 0.0247247 0.00358501 
-0.0131254 0.0296346 0.000479548 
0.031379 -0.0388936 0.0102588 
0.0520383 0.0222236 0.008500000000000001 
-0.0167009 0.0217353 0.0147611 
-0.0249371 -0.0295724 0.000908182 
-0.00347255 -0.001971 0.00487563 
-0.0218717 0.0181047 0.00542677 
 0.014 0.0125846 0.00442233 
0.0359609 -0.00508906 0.008500000000000001 
0.0107064 -0.0118111 3.33782e-09 
-0.0118366 0.0103325 0.0118271 
 0.011 -0.0288371 0.0162371 
0.000251187 -0.009539779999999999 0.007886209999999999 
0.0127886 0.00786332  0.017 
-0.000834729 -0.00945199 0.0124471 
-0.0133892 -0.0299662 0.0149186 
-0.0062469 0.0208387 0.0153393 
-0.0157668 -0.0226825 0.008189470000000001 
-0.0261271 -0.027276 0.0120559 
-0.0192821 -0.0175447 0.0107849 
0.0382412 -0.0199535 0.0105 
-0.00535429 -0.00264968 0.0163824 
0.00506396 0.0339848 0.0104401 
0.042802 -0.0130583   0.01 
-0.0164411 0.0280461 0.00523866 
-0.0124306 0.0285761 0.0104115 
-0.020726 -0.0214152 0.00553171 
0.0249642 0.0192216 0.008500000000000001 
0.00340759 -0.00278231 0.00719534 
 0.006 0.0169073 0.00651013 
0.00273177 -0.00530839 0.0128041 
0.0126906 0.021077 0.0135 
0.00587372 0.0147027 0.0147813 
0.0354284 -0.0256963   0.01 
0.016291 -0.0349232 0.0105 
-0.00601545 0.0293203 3.33782e-09 
-0.000206968 -0.0309229 0.009389379999999999 
 0.014 -0.0183654 0.0159773 
0.0272388 0.0399216 0.008500000000000001 
0.00470183 -0.00689602  0.017 
 0.011 0.0169226 0.00337903 
-0.0126463 0.0210903 0.00660485 
0.00255936 -0.00341094 0.0151863 
-0.0232485 -0.0188492 0.0120019 
-0.0244848 -0.0177119  0.017 
0.0139013 -0.0135854 3.49128e-07 
0.033181 -0.0145505 0.0105 
0.047545 0.0315788   0.01 
-0.0265653 0.0255518 0.000365933 
0.0395559 0.0357207 0.0105 
0.00790923 0.0353751 0.0120268 
0.0220856   0.04 0.009016949999999999 
0.0349331 0.0171831 0.008500000000000001 
 0.011 -0.00322846 0.0018185 
-0.0150932 0.0186027 0.00589382 
-0.0264573 0.0253429 0.00233977 
0.0317118 0.0314852 0.008340180000000001 
-0.0128251 0.0113073 0.0114861 
0.0107125 0.009657219999999999 0.0035 
-0.0214436 -0.0320789 0.0117971 
-0.012465 -0.0285938 0.00925835 
 0.011 0.00904391 0.0154196 
0.0450166 -0.00917142   0.01 
 0.014 -0.00455536 0.0020693 
-0.0243912 0.0299252  0.017 
0.0169653 0.00389539 0.008500000000000001 
-0.0184368 0.0324478 0.0138404 
-0.025464 -0.0287464 7.99044e-05 
 0.008 0.0122463 0.00837922 
0.0435012 0.00611599   0.01 
0.00985051 0.0398655 0.0119626 
0.02215 0.0180895 0.008500000000000001 
-0.0264695 -0.0247554 0.00682994 
0.0261163 0.0291563 0.0100835 
0.00967582 -0.035933 0.00469439 
 0.006 0.0185212 0.00503379 
-0.0126217 -0.0288668 0.009900279999999999 
0.00293394 -0.0103439 0.00604652 
-0.0162375 0.0138901 0.0144782 
 0.011 0.00748336 0.00114717 
-0.00580992 -0.00141711 0.00508453 
0.0472379 0.0303111 0.008341029999999999 
0.0184036 -0.0108166 0.00846571 
0.0486876 0.018415 0.0104758 
-0.0259199 0.0185843 0.00653919 
0.00736811 -0.0124543  0.017 
0.0105681 -0.0298601 0.0133848 
-0.00890177 -0.0306842 0.00419956 
0.009587979999999999 -0.0223714 3.33782e-09 
-0.0232515 0.0188335 0.00732046 
-0.0216701 -0.0179953 0.009905600000000001 
0.0287183 -0.008428369999999999 0.0105 
0.0519925 0.00477121 0.008500000000000001 
-0.0125866 -0.0110721 0.010893 
-0.0199076 0.0167883  0.017 
0.0287405 -0.0332359 0.008500000000000001 
-0.015158 0.0260383 0.007868490000000001 
 0.011 0.0237659 0.015465 
0.00104617 -0.00590306 0.0157426 
-0.00160462 0.00942571 0.0134863 
0.0161032 -0.009169429999999999 0.0100648 
0.0125617 -0.0221068 0.0135 
-0.0172599 0.0342351 0.0008530569999999999 
-0.0129306 -0.0293836 0.0005562950000000001 
0.0350572 -0.0168578 0.0105 
0.00702658 0.0361425 0.0106479 
 0.014 -0.0152978 0.00723825 
-0.0226529 0.0184763 0.000620423 
0.0367346 0.0329397 0.008500000000000001 
-0.0253937 -0.0288599 0.00757438 
-0.0264951 0.0248817 0.0104547 
-0.00211679 -0.0268715 0.00242901 
0.0145579 0.008365300000000001 0.0013705 
0.008658330000000001 0.0301389 3.33782e-09 
-0.017577 -0.0146106 0.00228763 
0.00859701 0.0157972 0.0035 
0.00490342 0.0297619  0.017 
0.0429308 0.00649842   0.01 
-0.012972 0.0205495 0.009534819999999999 
-0.011532 0.025088 0.00412464 
 0.013 0.0220832 0.00576072 
0.00672366 0.0357496 0.00539008 
-0.004184 -0.0016849 0.00676759 
-0.0265975 -0.0305995 0.00191765 
0.0167552 0.0320185   0.01 
0.0219253 0.0290815 0.0105 
-0.00526407 -0.0222408  0.015 
0.0227534 -0.0075 0.00734234 
0.0336472 0.0247888 0.010183 
0.0183453 -0.0166177 0.008500000000000001 
-0.00381003 0.00459768 0.0123592 
0.0297848 0.000926424 0.0100267 
-0.0123037 -0.0217703 0.0104711 
-0.0124948 0.0322167 0.0157172 
-0.00921428 -0.0149284 0.012239 
-0.0212324 0.018477 3.33782e-09 
0.0192112 -0.0033066 0.0105 
 0.011 -0.0077382 0.0139433 
0.0448225 -0.0281475 0.008256899999999999 
0.00596654 0.000362167 0.0139268 
-0.0147398 0.0333738 0.0110253 
0.00110951 0.0238947  0.015 
-0.0262867 0.0267112 0.0103276 
 0.013 -0.0333216 0.0100021 
-0.0159559 0.0318268 0.009578059999999999 
0.0204045 0.0337273 0.008500000000000001 
 0.008 -0.0180548 0.0112972 
0.025402 0.0134564 0.0102841 
0.00742112 -0.0356567 0.0167558 
0.0414302 -0.0361503 0.0105 
 0.013 0.0288954 0.00897656 
-0.0255673 -0.0285795 0.0112505 
-0.0138456 -0.0304033 0.0053034 
-0.00548192 0.00241089 0.0109941 
0.00326404 0.00328458 0.0166844 
 0.011 -0.0322488 0.00334758 
-0.00403605 -0.00119077 0.0117558 
 0.011 -0.026522 0.0142599 
-0.00234839 0.00551533 0.00420786 
0.00981102 -0.031266  0.017 
-0.0146592 -0.0189198 0.00695112 
-0.011532 0.0244484 0.00267368 
-0.0263104 -0.0234649 0.0128495 
-0.0133439 0.0201194 0.00698499 
0.00565989 -0.0135547 0.0016567 
-0.00419312 -0.0019518 0.0055552 
0.0115139 0.0112921 0.0035 
0.0115065 -0.0383064 0.0150525 
-0.022933 -0.0256885 0.008098030000000001 
0.0420365 -0.0315584 0.0083911 
-0.022936 -0.0256407 0.009898250000000001 
0.045878 -0.00591023 0.008500000000000001 
-0.00340219 -0.0280015 3.33782e-09 
0.007963069999999999 -0.00555958 3.33782e-09 
5.28696e-05 0.00467181 0.00644229 
0.009567890000000001 0.000445961 0.006917 
 0.013 -0.00627195 0.0088409 
0.0489293 -0.0263433 0.01034 
0.0428321 -0.0204119 0.008500000000000001 
0.00940212 -0.011747 0.0121502 
 0.014 -0.0290292 0.0163664 
0.0140094 0.0280578 0.00195498 
0.0295945 -0.00573611 0.0100774 
0.028753 0.0229512 0.0105 
0.0433415 -0.0330838   0.01 
 0.006 0.0176071 0.00228 
0.0535016 0.009075440000000001 0.00847789 
0.00582744 -0.0144105 0.00728427 
-0.008952379999999999 -0.0201072 0.0133472 
-0.0130323 0.032506 0.007972450000000001 
0.0430854 0.0289688 0.00812361 
0.00479865 0.0337503 0.00730095 
-0.00493824 0.00339505 0.000746563 
-0.015553 0.0315676 0.000581216 
0.0425684 0.0222917   0.01 
-0.0145475 -0.021433  0.017 
0.0359866 -0.0140902 0.008500000000000001 
-0.0123922 -0.0284668 0.008761619999999999 
-0.00658178 -0.0152638  0.015 
-0.0148772 -0.0130522 0.015565 
0.000756989 -0.0313558 0.012093 
0.0162965 0.0285 0.00747824 
 0.008 -0.02613 0.00437245 
 0.014 -0.0112126 0.0154544 
 0.014 0.0170196 0.0136308 
-0.0263844 -0.0260669 0.0072422 
-0.011532 0.0247698 0.0126434 
-0.0264385 -0.0241502 0.0153611 
-0.0009942169999999999 0.00928679 3.33782e-09 
 0.013 -0.0279902 0.00748853 
0.0454606 -0.0242727 0.008500000000000001 
0.0250625 0.0262041 0.0101266 
-0.00321826 -0.00505037 0.0140539 
0.05499 0.0143116 0.009854979999999999 
0.00464399 -0.00376751 0.0161977 
0.0411676 0.00250202 0.008500000000000001 
 0.008 0.00135668 0.0104948 
 0.055 0.00303628 0.00996702 
-0.00221443 -0.026858 0.0130504 
0.00564934 -0.0345535 0.0114653 
 0.011 -0.00539593 0.0139793 
0.0188763 -0.0271857 0.008500000000000001 
0.0466264 0.0342422 0.0105 
 0.014 0.00038114 0.0127966 
-0.0229116 -0.0258037 0.0116902 
-0.0202498 -0.0155132 0.00207547 
0.0124552 -0.0176058 1.93086e-07 
 0.008 -0.0192145 0.0113495 
-0.0157251 -0.022733 0.00769505 
0.00892474 -0.017133 0.0035 
0.0454313 0.0189224   0.01 
 0.011 -0.0135841 0.00238102 
-0.0257458 0.018357 0.00373574 
0.0306747 -0.0340352 0.008500000000000001 
 0.008 0.0298074 0.0127361 
-0.0204267 -0.0287309 0.00106546 
-0.0232898 -0.0286626 3.33782e-09 
0.040469 0.009803630000000001 0.0100361 
0.0033597 -0.0117999  0.015 
-0.0266398 0.0264456 0.000149832 
-0.0230625 -0.0334716 0.0100875 
0.0205815 0.00112582   0.01 
-0.000455008 0.00591977 0.0152448 
0.00171671 0.0056973 0.0105128 
-0.00595597 0.000447016 0.0153427 
 0.013 -0.0341723 0.00751111 
-0.015104 0.0131918 0.0158811 
 0.013 0.0318279 0.008552280000000001 
-0.00843528 -0.0191536  0.015 
0.0427596 0.0319822   0.01 
-0.0281215 -0.027249 0.009839820000000001 
0.0401879 -0.0211975 0.008500000000000001 
-0.0105798 0.00858124 0.00414893 
-0.015293 -0.0264333 0.014553 
0.0174219  0.031 0.00349905 
0.0454166 -0.0308685 0.00825504 
-0.0284358 0.0254516 0.00312843 
0.000850171 0.0313977 0.0152052 
0.00385059 -0.0219792  0.015 
 0.011 -0.0281228 0.00309682 
 0.011 0.0074094 0.0164558 
 0.013 0.03073 0.00877855 
0.0311566 0.009115949999999999 0.0103644 
-0.0226738 -0.0315133 0.00108207 
-0.008287320000000001 0.0108722 3.33782e-09 
0.041697 -0.0251497 0.0105 
0.0141302 0.00732903 0.00228032 
-0.0126898 0.0317626  0.017 
-0.0120268 -0.0223487 0.00317912 
 0.011 -0.00215945 0.00614653 
0.0389846 -0.0348185 0.008500000000000001 
0.00821065 -0.0167253 3.33782e-09 
 0.011 -0.0104467 0.0119394 
0.0193596 -0.00425461 0.008500000000000001 
0.00907936 0.0315359 0.00465412 
-0.0112048 0.009506260000000001 0.0105619 
 0.008 0.0321307 0.00660636 
0.00536268 0.00263397 0.0147805 
0.00285259 -0.0323427 0.00526445 
-0.025662 -0.018799 3.33782e-09 
-0.0284221 0.0252117 0.00677919 
 0.013 0.00248687 0.00846119 
0.00361399 0.009444620000000001  0.017 
0.022242 -0.0183836 0.0102161 
-0.0234385 0.0310064 0.0149809 
 0.013 -0.00133495 0.0104713 
0.0236993 -0.0126219 0.0105 
0.0021505 -0.009944679999999999 0.00634919 
0.0392516 -0.0214731 0.0105 
0.0132483 -0.0360119 0.000414348 
-0.0237149 0.0216639  0.017 
0.0041961 0.00424277 0.00275814 
-0.0259526 -0.0222735 0.0120161 
0.0146145 -0.00521003 0.008500000000000001 
0.0193909 -0.0384321 0.0105 
 0.011 0.0116164 0.000921091 
0.0159077  -0.01 0.0068782 
-0.00203449 -0.00403839 0.00994138 
 0.011 -0.00792786 0.00241717 
-0.010888 -0.0190717  0.017 
-0.00169197 -0.0286507 3.33782e-09 
0.000531672 0.0270443 0.008012480000000001 
0.024889 -0.0214167 0.0105 
0.008263899999999999 0.0381339 0.00997602 
-0.000869122 0.00401009 0.00761019 
0.0289849 0.00628774 0.0104988 
0.00959754 -0.0137668 0.0114815 
 0.013 -0.00750506 0.00668273 
0.0096198 0.027025 0.0135 
0.0021152 0.00561446 0.000593488 
0.0269273 -0.0240324 0.0105 
 0.014 0.0182719 0.00646905 
 0.011 -0.0129614 0.0112311 
0.0419181 0.0296071 0.0105 
-0.00264578 0.0267981 0.0008885539999999999 
 0.011 0.0375237 0.0137801 
0.00563477 -0.0151381  0.017 
-0.0117521 0.0231303 0.0149432 
0.0405001 0.017661 0.0105 
 0.011 0.0106282 0.0162995 
 0.008 -0.0125588 0.00719313 
0.00779859 -0.008997369999999999 3.33782e-09 
-0.0217122 -0.0180504 0.00668078 
 0.014 -0.00847496 0.01494 
 0.013 0.0195173 0.00824252 
0.0113927 0.00653393 1.25436e-08 
0.00112598 0.0058891 0.00270852 
-0.0138598 -0.0148425  0.017 
-0.0143759 0.0309005 0.00798253 
-0.0121669 0.0204984 3.33782e-09 
0.0108763 0.00430705 0.0135 
-0.0163049 -0.0220528 0.000348645 
0.0243131 -0.015815   0.01 
-0.0248154 0.0202836 0.009793700000000001 
0.0116596 0.0338867 0.014504 
0.0207958 -0.018376   0.01 
-0.00493387 0.00340037 0.00915469 
0.00330746 0.0105342 0.008100950000000001 
-0.0155451 -0.0183777 0.00279595 
-0.0121691 -0.0219595 0.00742345 
0.00224543 0.0265959 0.0029516 
 0.011 -0.0237717 0.016898 
-0.00917071 -0.00586782 0.00653666 
0.0432161 -0.0353943 0.0105 
 0.006 0.015613 0.0134513 
0.0191253 0.0275634 0.00849043 
0.0245035 0.0210509 0.0105 
0.00200406 -0.00987007 0.00106984 
-0.0259629 0.0186404 0.00304427 
0.0351064 0.00643856 0.008500000000000001 
-0.00138243 -0.00582044 0.0121178 
-0.0115601 -0.0245178 0.0105403 
-0.0258391 -0.0280637 0.0124789 
 0.011 -0.0149386 0.0154015 
 0.014 -0.0335741 0.0161348 
-0.008723649999999999 0.0306221 0.00760346 
0.0363727 -0.0107634 0.00844979 
0.0212058 -0.0394346 0.008500000000000001 
0.0109575 -0.00547094 3.33782e-09 
-0.0262317 -0.0268266 0.0153067 
 0.008 -0.00201938 0.0128464 
0.0462638 0.0189814 0.008500000000000001 
-0.019104 -0.0324914 0.00482477 
0.012837 0.0339235  0.017 
-0.0109001 -0.0263713  0.017 
0.0413374 0.0174791 0.0100568 
0.00780401 0.0175681 3.33782e-09 
0.0194649 -0.0321719 0.008500000000000001 
-0.0196737 0.0175558 0.0144208 
-0.0158092 -0.0136263 0.01231 
0.0223438 0.00651463 0.0100857 
0.0113387 0.0359656 0.00465177 
-0.0280912 0.0273721 0.0146333 
-1.44348e-05 0.00599745 0.00912 
0.0171508 -0.0338693 0.008500000000000001 
-0.0241006 0.0266084  0.017 
-0.008030870000000001 0.0232479 0.0028154 
 0.014 0.0386708 0.00351782 
-0.0125079 -0.0109945 0.0155957 
0.00447949 0.0334848 0.00721445 
0.0327446 -0.0138863 0.0102587 
-0.0211501 -0.0158146 0.0084688 
0.0376359 -0.0250323 0.0105 
0.00236644 0.0100547 0.00570795 
0.0422531 0.0283947 0.0102077 
-0.0244156 0.0327662 0.00410406 
-0.00304709 0.00514186 0.007894679999999999 
0.0295025 0.0114035 0.0105 
0.0269332 -0.0212116 0.008500000000000001 
0.007890289999999999 -0.0316948  0.017 
-0.0209327 0.0342169 0.00413997 
0.036069 -0.0107964 0.0102912 
0.0442589 0.0231744 0.008500000000000001 
0.013611 0.024014  0.017 
0.0129737 0.0249782 0.0035 
 0.011 0.008319989999999999 0.0163055 
0.00593267 0.0150749 0.0112952 
-0.00278454 0.009399050000000001 0.00812615 
0.00578235 0.0141258 0.0126617 
0.0450139 0.0175386 0.008500000000000001 
-0.0267214 0.0295824  0.017 
0.009390330000000001 0.00418344 0.00400923 
 0.011 0.0333128 0.000325027 
0.0218979 0.00433003 0.0105 
0.00509453 0.0241086 0.0108299 
0.0237439 -0.0165287 0.0100467 
 0.008 -0.0213437 0.00549189 
0.00366849 0.012634  0.015 
0.0108647 0.0124142 0.0140067 
 0.013 0.0244816 0.00720508 
-0.0187404 0.0324759 0.013578 
0.0342114 -0.0237722 0.008500000000000001 
-0.011532 0.0248109 0.00441703 
0.043241 0.0191906   0.01 
 0.011 -0.0115794 0.0168057 
0.008147339999999999 -0.0130578 0.0035 
 0.013 0.00256019 0.00631322 
0.00851493 0.0115387 0.0149057 
0.00836628 -0.00086885  0.017 
0.0386095 0.0302489 0.0100385 
-0.0177075 -0.0323802 0.0050099 
0.0413714 0.00892944 0.0105 
0.0113618 -0.0254249 0.0035 
 0.014 0.0243415 0.00514777 
0.0177267 0.0102282 0.00810891 
-0.016589 0.0320784 0.00126631 
-0.0115774 0.0241231 0.0118371 
0.0030762 -0.0051263 0.0137094 
0.00547046 0.0234712 0.0133176 
-0.00917725 0.0147638 0.00576158 
-0.00313106 0.00247727 0.00877109 
 0.014 -0.0348343 0.0164529 
-0.024571 0.017434 0.00473382 
-0.00473602 -0.0225749 0.015612 
0.0466275 -0.0286451 0.0100451 
0.0292096 0.0398476   0.01 
0.0306777 -0.0368485 0.008500000000000001 
0.00701141 0.000228643  0.017 
0.0141946 -0.0283885 0.00178964 
-0.00100375 0.0244507  0.017 
-0.0283885 -0.0246249 0.0120465 
-0.00520756 0.0231881  0.017 
-0.0240527 -0.0305426 0.00263376 
 0.014 -0.0220554 0.0120422 
-0.00938494 0.0157886 0.0109938 
0.0120574 -0.0163816 1.53018e-07 
-0.0208424 -0.0342294 0.0048756 
-0.011532 0.0252794 0.0124587 
0.00584816 0.0012261 0.00966995 
-0.00624572 -0.00549 3.33782e-09 
-0.0202058 -0.0343173 0.00572473 
0.0417311 0.0063173 0.008500000000000001 
0.0141909 -0.0101283 0.0075576 
-0.0182329 0.0289031 0.0152809 
-0.0146213 0.0333152 0.0159722 
-0.0199672 -0.0203285  0.017 
 0.011 0.00621015 0.0135366 
-0.00937035 0.0156222 0.00346318 
-0.008861610000000001 -0.00504804 0.00959228 
-0.0084282 0.022067 0.00318489 
0.0321868 0.0347973 0.008500000000000001 
0.0174829 -0.00681739   0.01 
0.0311236 -0.00295757   0.01 
-0.0209756 0.034211 0.00594256 
-0.0200237 0.0323379 0.0137418 
0.0036389 -0.00165775 0.00806276 
-0.0162448 0.0319273 0.014174 
-0.0180613 -0.032413 0.00645787 
0.0119848 -0.0101055 0.0035 
0.0504385 -0.0250751 0.0105 
0.00461776 -0.0204339  0.015 
-0.02528 -0.0209565 0.0158507 
-0.00288084 0.00523073 0.00190749 
 0.011 -0.0338397 0.00228979 
0.0231394 0.0174665 0.0105 
0.00850242 0.0385804 0.014626 
0.0353377 0.0260812 0.008500000000000001 
-0.0279209 -0.0280649 0.0066451 
0.00152326 0.00519138 3.33782e-09 
0.0118938 0.0140258 0.0116394 
0.0118836 0.018559 0.0135 
-0.0192194 0.0175203 0.00114686 
-0.0107824 0.031295 0.0132485 
-0.026282 -0.0232515 0.0157977 
-0.000312935 -0.0308753 0.00461898 
0.0141497 -0.0074296 0.000696913 
-0.0210785 0.0157907 0.0163741 
0.0033658 -0.0259962 0.00950283 
0.008121359999999999 -0.0378844 0.0130041 
 0.011 0.0315752 0.0012588 
0.00592543 -0.000757154 0.0134932 
-0.00411817 -0.00218989 0.015882 
 0.008 -0.0180394 0.0050475 
 0.006 -0.0184169 0.0131133 
-0.00443331 -0.00128508 0.0100215 
0.00531485 0.0128776 0.00108 
 0.008 -0.0130387 0.00552924 
0.0429138 -0.00594454 0.0103023 
0.0311283 0.025818 0.0105 
0.00172467 -0.00381451 0.0106789 
0.0217583 0.0200212 0.0105 
 0.011 0.0291541 0.0133842 
0.0447321 0.0303754   0.01 
-0.0122626 -0.0282409 0.00360162 
0.00176686 -0.0293603 3.33782e-09 
 0.013 -0.00545092 0.0128683 
 0.008 -0.0234927 0.0100943 
0.0485723 -0.0110492   0.01 
0.00758411 -0.00347969 3.33782e-09 
-0.0110048 -0.0141391  0.017 
-0.00194686 0.00565672 0.009510569999999999 
0.028295 0.038976 0.008500000000000001 
 0.011 -0.008843230000000001 0.0115512 
 0.011 0.0268071 0.00177185 
-0.0250857 -0.0293768 0.00193087 
0.0253271 0.0185313 0.0102435 
-0.0150119 0.0251879 0.0095383 
-0.0042787 0.00414012 0.00141069 
 0.011 -0.0311184 0.0142845 
-0.0237757 -0.0307517 0.00894094 
-0.00410234 0.0242994  0.017 
-0.00427262 -0.0265171 0.00762554 
-0.0041722 -0.00966303  0.017 
0.0163331 0.031056 0.00781221 
0.0483974 0.0327711 0.0100468 
-0.0137179 0.0302203 0.00594041 
-0.0173935 0.031787  0.017 
 0.006 -0.0203445 0.00518513 
0.00389081 -0.00453138 0.00752741 
0.00970626 0.0115835 0.010083 
-0.0120202 0.0276562 0.000110032 
 0.014 -0.0287407 0.0106954 
-0.000856988 0.00429865 0.0142617 
-0.0229618 -0.0252301 0.000456512 
0.0183743 -0.0168983 0.0101388 
-0.00223934 0.00408738 0.0111698 
0.0357555 0.0142179 0.008500000000000001 
-0.02615 -0.0227414 0.00224539 
-0.0149974 -0.0131262 0.0162118 
0.0244778 0.0293058   0.01 
-0.019322 -0.0327539 0.0168049 
 0.014 0.0114547 0.0161391 
0.00953903 0.0364222 0.0130138 
0.0444191 -0.0183704 0.0105 
0.0528043 -0.0045252 0.008500000000000001 
-0.0228383 -0.0185686 0.0129655 
-0.00752492 -0.0243641 0.0123276 
0.0146575 0.00707622 0.0105 
 0.011 0.0383627 0.010534 
0.031252 0.0291096 0.00693274 
0.0485255 0.0106903 0.008448560000000001 
-0.0137779 -0.0197177 0.00417974 
0.008752289999999999 -0.0117558  0.017 
-0.0157345 -0.0317264 0.009143139999999999 
-0.0206313 -0.0342585 0.00640921 
-0.0237817 -0.0307352 0.0148609 
0.0350868 -0.0149833   0.01 
0.008860440000000001 0.0394103 0.00416841 
-0.0267977 0.0302649 0.00800146 
 0.011 0.00479664 0.0034714 
0.0229583 -0.00719059 0.008221920000000001 
-0.0168356 0.0178514 0.00533052 
 0.008 0.0223062 0.008381069999999999 
-0.0169578 -0.0314354  0.017 
0.00630298 0.0335057 0.00314478 
0.0119834 -0.0366162 0.00069875 
-0.0165241 0.0281065 0.00364912 
-0.0017068 -0.0094234 0.0135976 
0.0331577 -0.0307229   0.01 
-0.0209263 -0.0322286 0.00339001 
-0.00212177 0.0268708 0.00929348 
0.0189406 -0.00903405   0.01 
-0.0264752 0.0244009 0.00902361 
0.00941927 -0.0336652 0.00428475 
0.00896337 -0.0119034 0.0101509 
0.00351188 -0.0022231 0.0108348 
0.0172716 0.0163747 0.0105 
0.00242948 -0.00489439  0.017 
 0.014 0.0298383 0.0155226 
0.015404 0.0338222 0.008500000000000001 
0.0240229 -0.00427975   0.01 
-0.00960719 0.00698738 0.010716 
0.0409149 0.0216652 0.008500000000000001 
0.0444911 0.0335928 0.008500000000000001 
0.0182083 -0.00695204 0.0083722 
-0.00592415 -0.00990309 0.0111835 
0.0317196 -0.00394505 0.0105 
0.0313651 0.0289075 0.0101201 
-0.0103607 -0.0297805 3.33782e-09 
0.0457087 0.00837047   0.01 
0.0409517 -0.0322443 0.0105 
0.00463196 -0.00378018 0.00388255 
0.0259973 0.0329566 0.008500000000000001 
-0.0115498 0.0242128 0.0111537 
-0.009565300000000001 0.00688697 0.00280415 
0.00540117 0.00258278 0.007903520000000001 
 0.013 -0.00551659 0.00506862 
-0.00345825 -0.00230557 0.0103613 
0.0125488 -0.00656292  0.017 
0.0544003 0.00525717 0.008500000000000001 
0.0162913 0.0174329 0.0101063 
0.0303373 0.0309008   0.01 
-0.0234177 -0.0271716 3.33782e-09 
0.0210756 0.013035 0.008500000000000001 
0.0124658 3.76664e-05 1.93535e-07 
-0.0264812 -0.0254536 0.0045951 
0.008550489999999999 -0.00162424 3.33782e-09 
0.0371231 -0.0232647 0.0102824 
-0.0277298 -0.0215216 0.0154477 
 0.014 0.0357103 0.0109664 
0.00366879 0.00170342 0.0126378 
0.00636226 0.00963178 3.33782e-09 
0.0089485 -0.00490873 0.00365768 
0.00206237 0.031942 0.002548 
0.00551123 -0.00583025  0.017 
 0.011 -0.0343365 0.00509419 
0.0247502 -0.0163661 0.008500000000000001 
0.00370878 -0.00148487 0.0115323 
0.0248466 0.0142515 0.008500000000000001 
0.0141418 0.028557 0.000666809 
-0.024959 -0.0322765 0.0110066 
0.0549072 0.008932290000000001 0.00849864 
 0.011 0.012723 0.01447 
-0.00408394 -0.0267307 3.33782e-09 
-0.00340164 -0.00509073 0.016644 
0.0372907 -0.037187   0.01 
 0.014 0.021303 0.011659 
0.0441291 0.025765   0.01 
-0.0196039 -0.0344003 0.009902680000000001 
0.0318491 -0.0363627 0.008500000000000001 
 0.013 0.0292895 0.009731160000000001 
 0.006 -0.0206508 0.00381271 
 0.008 -0.00217338 0.009682090000000001 
-0.0106847 -0.00878987 0.00511115 
-0.008005460000000001 4.80385e-05 0.00301113 
0.00196688 -0.00564315 0.00238886 
0.014022 -0.0187604 0.00812336 
-0.0228208 0.0239171 0.00285218 
-0.00879666 -0.0049318 0.0144483 
0.005274 0.00279988 0.00697019 
-0.0120436 0.0113005 3.33782e-09 
-0.0148276 -0.0312163 0.00524304 
0.0240698 -0.0271714 0.008500000000000001 
0.00595321 3.78188e-05 0.00313507 
0.0209304 0.0276546 0.008474819999999999 
 0.008 -0.001449 0.0128322 
-0.0164389 -0.0140141 0.00117276 
-0.0150202 -0.0267477  0.017 
-0.0226987 0.0184853 0.000893912 
-0.025088 0.0321602 0.01418 
 0.014 0.0281107 0.0133096 
-0.00510453 -0.0224057  0.017 
0.0425269 -0.0121641   0.01 
-0.00588139 -0.0011815 0.00165825 
-0.0071089 0.0219179  0.015 
-0.0255214 -0.0286341 3.33782e-09 
-0.0265135 -0.0262752 0.000331255 
-0.0255424 -0.0214486 0.0122821 
-0.009717470000000001 0.00719802 0.00398675 
-0.0194109 -0.0324659 0.0149726 
0.00958926 0.0117998 0.0101026 
0.0186237 -0.0365601 0.008500000000000001 
0.009968690000000001 0.0399939 0.00592285 
0.00238329 0.00382636 0.00950814 
-0.0209784 -0.0322015 0.0103886 
-0.0232227 0.0333971 0.00999415 
-0.0158766 -0.0339359 0.00502026 
0.0171963 -0.0333379 0.010481 
0.00183982 0.00568169 0.00785511 
-0.0283024 -0.02312 0.0011789 
0.0403235 -0.0147855 0.008500000000000001 
-0.0255947 0.0214648 0.0142977 
0.000378763 0.009559990000000001 0.0132905 
0.0183184 0.0309066   0.01 
-0.011508 0.0248065 0.00193374 
0.0396529 -0.0337743 0.0105 
 0.011 0.000297926 0.000996905 
0.0248265 -0.0144871   0.01 
0.00818295 0.0379922 0.0115954 
-0.0251216 -0.0202586 0.000226975 
 0.011 -0.00438762 0.00150229 
-0.0131565 0.02964 0.00165803 
-0.0181295 -0.0324279 0.0159022 
-0.00139296 0.00575438 0.00379204 
0.0494048 0.0237909 0.0105 
-0.007879199999999999 -0.0236374 0.0039704 
0.0102287 0.0230943 0.0135 
-0.0233718 -0.0310568 0.0124258 
0.0302579 0.0314348 0.0105 
 0.013 -0.00862976 0.00907374 
0.0356128 -0.00346401   0.01 
0.0496781 -0.0210534 0.008500000000000001 
0.0131264 -0.0301565 5.30234e-08 
 0.014 -0.0179041 0.00123512 
-0.0261334 -0.0188632 4.45871e-05 
-0.0111132 -0.0314731 0.00443208 
-0.0156949 -0.0227694 0.00686019 
0.0374205 -0.0240256 0.008500000000000001 
0.000385641 0.023741 0.0164298 
0.009970710000000001 0.0181263  0.017 
-0.00810575 -0.0304592 0.0152953 
-0.0024042 0.0118344  0.017 
 0.014 -0.0370631 0.00245069 
0.00512968 -0.00306988 0.00857196 
 0.011 -0.032136 0.0133552 
0.0410622 0.0317805 0.008460250000000001 
0.00706682 -0.0101937 3.33782e-09 
-0.0156735 0.0228355 0.0126637 
 0.008 -0.016306 0.00886001 
-0.0205812 0.0176871 0.00723319 
0.00896254 0.0363811 0.00418196 
0.0467221 0.0274497 0.008500000000000001 
0.00705698 0.0214597  0.017 
0.0279166 0.0190582 0.0102002 
0.0104077 0.0350906 0.0150328 
 0.011 0.0300728 0.000220749 
0.00829832 0.0196605  0.017 
-0.0115925 -0.0239844 0.00525758 
0.0321897 -0.0290079 0.0105 
0.0456174 0.0293948   0.01 
-0.00703654 -0.0187642  0.015 
-0.0259284 -0.0185954 0.00205418 
0.0144625 -0.0126993 0.0105 
0.009492850000000001 -0.0202691  0.017 
0.0196559   0.01 0.004762 
0.0351681 0.0259476 0.008500000000000001 
-0.011 0.0150779 3.33782e-09 
-0.00591851 0.000969895 0.00482802 
0.0139443  -0.04 0.00792785 
 0.008 -0.0178631 0.0116851 
0.0483252 -0.0149942 0.0105 
0.0183085 -0.0244501 0.0102248 
0.0197094 -0.009149030000000001 0.0102408 
-0.0205366 -0.0156101 0.0100302 
0.0294639 -0.0314073 0.0105 
0.00776897 -0.000567909 0.00210217 
0.0199289 -0.0129594 0.0105 
0.0362506 -0.0326296   0.01 
0.0231193 0.0373 0.0105 
0.043186 0.0157205 0.008500000000000001 
0.00280446 -0.0323113 0.016814 
-0.027539 -0.029026 0.008421939999999999 
-0.0263747 0.0191783 0.015527 
-0.013762 0.0302659 0.00151428 
0.0252371 -0.0129686 0.008500000000000001 
0.0240051 0.0204262   0.01 
0.00549719 -0.0343975 0.0112404 
0.0237645 0.000241744 0.008500000000000001 
0.00692426 -0.0360196 0.0163391 
 0.013 0.0183171 0.0123132 
0.0349211 0.014665   0.01 
-0.015054 0.0245185 0.00368848 
0.00148045 0.00973448 0.000619144 
 0.011 -0.0372363 0.00640797 
0.009153619999999999 -0.00821536 0.0035 
 0.011 -0.009682 0.00226203 
0.00192322 -0.0111582  0.015 
 0.013 0.018847 0.0125694 
 0.008 0.0316595 0.0066814 
-0.0140073 0.0305194 0.013784 
0.0389239 0.0127334 0.008500000000000001 
0.0160622 -0.026908   0.01 
0.0152062 0.013497 0.008500000000000001 
-0.0214754 0.0179347 0.00350498 
0.0161959 -0.0303124 0.0105 
-0.0257381 0.0217604 0.00479362 
-0.0216698 0.0330216 3.33782e-09 
0.0264433 -0.0251888 0.0105 
 0.014 0.0204183 0.0043758 
-0.0107155 0.0292181  0.017 
0.0164737 -0.000713978 0.008500000000000001 
-0.0155158 -0.0337575 0.00626374 
-0.00431317 -0.00955282 0.0115589 
0.00598163 -0.032839  0.017 
0.00986508 -0.00846571 0.0112043 
 0.014 -0.0268044 0.00656625 
-0.00302551 0.00261211 0.00267825 
 0.008 0.0169798 0.0127071 
-0.0259908 0.0276279 0.00590727 
0.00655343 0.0300466  0.017 
-0.00332303 0.0302498 0.013989 
0.0265448 0.0104928 0.0105 
-0.00962418 -0.0179252 3.33782e-09 
0.0425591 0.00742393 0.008091289999999999 
0.0446697 0.0311447 0.0105 
-0.00568602 -0.00184264 0.00362538 
-0.00362685 -0.00295162 0.00247545 
0.0386171 0.00566036 0.008500000000000001 
0.00801868 -1.70737e-05 0.006917 
0.008222170000000001 -0.0261806 0.0035 
0.0244655 -0.0138132 0.008500000000000001 
0.0469735 0.0186817 0.0105 
-0.0185592 0.0175408 0.00427094 
-0.0229684 -0.0246247 0.000662764 
-0.0269188 0.0300625 0.0142953 
-0.0199577 -0.0324206 0.0124372 
 0.011 -0.033997 0.0158827 
-0.0194375 -0.0175693 0.012211 
0.0471267 -0.00673172 0.010086 
 0.013 0.0156787 0.00645946 
0.0332927 -0.037644 0.0105 
-0.0153391 0.0184614 0.0108272 
 0.013 -0.0162209 0.0102435 
-0.0123647 -0.0216428 0.009952600000000001 
 0.011 0.0352076 0.0163654 
-0.0163159 0.0139384 0.0137235 
-0.0131812 0.0202978 0.00851201 
3 306 595 959 
3 565 473 449 
3 473 633 449 
3 633 473 565 
3 633 862 449 
3 987 593 565 
3 342 360 624 
3 137 482 885 
3 482 137 848 
3 737 14 410 
3 662 14 737 
3 662 884 448 
3 884 662 737 
3 884 737 885 
3 482 884 885 
3 884 482 448 
3 482 463 448 
3 342 463 482 
3 432 472 959 
3 415 877 556 
3 17 556 1 
3 668 17 1 
3 17 415 556 
3 263 668 1 
3 443 633 552 
3 443 862 633 
3 443 670 862 
3 670 443 934 
3 593 842 1 
3 987 842 593 
3 360 341 624 
3 341 360 733 
3 360 194 921 
3 194 360 342 
3 306 908 595 
3 10 137 885 
3 463 536 448 
3 536 463 342 
3 536 662 448 
3 662 536 624 
3 536 342 624 
3 295 583 959 
3 583 295 855 
3 595 13 959 
3 13 295 959 
3 143 432 449 
3 862 143 449 
3 814 238 885 
3 814 191 108 
3 238 814 108 
3 877 406 556 
3 406 814 410 
3 814 406 191 
3 406 877 415 
3 14 406 410 
3 406 586 556 
3 406 14 586 
3 656 583 855 
3 263 656 855 
3 656 263 1 
3 244 855 231 
3 244 263 855 
3 628 244 231 
3 244 628 263 
3 415 628 231 
3 17 628 415 
3 628 17 668 
3 14 28 586 
3 28 662 624 
3 28 14 662 
3 751 842 987 
3 751 565 449 
3 751 987 565 
3 237 801 593 
3 593 801 565 
3 801 633 565 
3 633 801 552 
3 32 801 237 
3 801 32 552 
3 341 24 624 
3 24 28 624 
3 550 127 921 
3 194 550 921 
3 550 194 127 
3 818 342 482 
3 818 194 342 
3 194 758 127 
3 758 818 482 
3 818 758 194 
3 433 813 733 
3 813 32 733 
3 32 813 552 
3 813 443 552 
3 443 813 934 
3 758 84 127 
3 84 482 848 
3 84 758 482 
3 191 812 108 
3 812 908 108 
3 908 812 595 
3 797 238 108 
3 908 797 108 
3 797 908 306 
3 518 10 885 
3 518 797 306 
3 238 518 885 
3 797 518 238 
3 295 750 855 
3 13 750 295 
3 855 750 231 
3 750 13 231 
3 472 887 848 
3 887 143 848 
3 887 472 432 
3 143 887 432 
3 792 737 410 
3 814 792 410 
3 737 792 885 
3 792 814 885 
3 751 578 842 
3 583 578 959 
3 578 432 959 
3 432 578 449 
3 578 751 449 
3 263 85 668 
3 85 628 668 
3 628 85 263 
3 756 341 733 
3 756 24 341 
3 32 756 733 
3 28 791 586 
3 24 791 28 
3 127 821 921 
3 821 360 921 
3 360 821 733 
3 821 433 733 
3 316 813 433 
3 813 316 934 
3 316 84 848 
3 316 670 934 
3 670 316 862 
3 143 316 848 
3 316 143 862 
3 551 518 306 
3 518 551 10 
3 406 195 191 
3 812 195 595 
3 195 812 191 
3 195 13 595 
3 195 274 13 
3 274 776 13 
3 776 415 231 
3 13 776 231 
3 656 858 583 
3 858 578 583 
3 858 656 1 
3 842 858 1 
3 578 858 842 
3 639 316 433 
3 776 717 415 
3 717 776 274 
3 195 717 274 
3 717 406 415 
3 717 195 406 
3 821 747 433 
3 747 639 433 
3 747 821 127 
3 639 747 127 
3 316 72 84 
3 639 72 316 
3 84 72 127 
3 72 639 127 
3 791 593 1 
3 556 791 1 
3 586 791 556 
3 756 791 24 
3 791 237 593 
3 791 32 237 
3 791 756 32 
3 137 551 848 
3 472 551 959 
3 551 306 959 
3 551 472 848 
3 10 551 137 
Vertices and facets:
- p306(v28): 0.0087  0.03 3.3e-09
  neighbors: f108 f255 f377 f382 f439 f486
- p595(v14): 0.011 0.033 0.00033
  neighbors: f108 f255 f278 f374 f444 f446
- p959(v12): -0.022 0.033 3.3e-09
  neighbors: f108 f181 f272 f278 f280 f405 f406 f485 f486
- p473(v29): -0.028 0.025 0.0068
  neighbors: f111 f112 f113
- p565(v8): -0.028 0.027 0.015
  neighbors: f111 f113 f127 f332 f333 f335 f336
- p449(v0): -0.028 0.025 0.0031
  neighbors: f111 f112 f114 f286 f287 f332 f407 f408
- p633(v15): -0.028 -0.025 0.012
  neighbors: f112 f113 f114 f210 f212 f336 f337
- p862(v30): -0.028 -0.023 0.0012
  neighbors: f114 f212 f219 f287 f435 f437
- p987(v32): -0.027  0.03 0.014
  neighbors: f127 f222 f329 f333
- p593(v16): -0.027  0.03 0.017
  neighbors: f127 f221 f222 f334 f335 f475 f479
- p360(v34): 0.012 -0.038 0.015
  neighbors: f136 f231 f232 f235 f236 f422 f423
- p342(v21): 0.041 -0.036 0.011
  neighbors: f136 f170 f236 f268 f271 f350 f352
- p624(v9): 0.014 -0.035 0.016
  neighbors: f136 f231 f270 f271 f320 f345 f346
- p137(v37): 0.0047 -0.032 3.3e-09
  neighbors: f146 f147 f262 f484 f488
- p482(v19): 0.013 -0.036 0.00041
  neighbors: f146 f147 f160 f161 f168 f170 f350 f356 f369 f370
- p885(v6): 0.013 -0.03 5.3e-08
  neighbors: f146 f159 f160 f262 f291 f381 f383 f399 f400
- p848(v11): -0.026 -0.029 3.3e-09
  neighbors: f147 f369 f393 f394 f433 f436 f484 f487
- p14(v38): 0.053 -0.01 0.011
  neighbors: f151 f152 f299 f301 f317 f321
- p737(v18): 0.053 -0.0045 0.0085
  neighbors: f151 f152 f158 f159 f397 f399
- p410(v1): 0.055 0.003  0.01
  neighbors: f151 f295 f299 f397 f398
- p662(v20):  0.05 -0.025 0.011
  neighbors: f152 f157 f158 f269 f270 f320 f321
- p884(v39):  0.05 -0.021 0.0085
  neighbors: f157 f158 f159 f160 f161
- p448(v10): 0.045 -0.031 0.0083
  neighbors: f157 f161 f168 f267 f269
- p463(v41): 0.039 -0.035 0.0085
  neighbors: f168 f170 f267 f268
- p472(v44): -0.026 -0.019 3.3e-09
  neighbors: f181 f393 f395 f485 f487
- p432(v23): -0.027 0.026 0.00015
  neighbors: f181 f286 f395 f396 f406 f407
- p877(v45): 0.049 0.024 0.011
  neighbors: f186 f294 f297
- p415(v25): 0.047 0.034 0.011
  neighbors: f186 f196 f297 f313 f314 f450 f462 f465
- p556(v13): 0.013 0.034 0.017
  neighbors: f186 f194 f196 f294 f300 f476 f477
- p17(v47):  0.01 0.035 0.017
  neighbors: f194 f195 f196 f314 f315
- p1(v3): -0.024 0.033 0.017
  neighbors: f194 f195 f198 f221 f304 f454 f455 f475 f476
- p668(v26): 0.0085 0.039 0.015
  neighbors: f195 f198 f315 f409 f410
- p263(v48): 0.0099  0.04 0.012
  neighbors: f198 f303 f304 f309 f312 f409 f411
- p443(v51): -0.028 -0.027 0.0098
  neighbors: f210 f212 f219 f220 f363 f364
- p552(v5): -0.026 -0.027 0.015
  neighbors: f210 f337 f339 f360 f363
- p670(v53): -0.028 -0.028 0.0066
  neighbors: f219 f220 f434 f435
- p934(v31): -0.028 -0.029 0.0084
  neighbors: f220 f364 f432 f434
- p842(v54): -0.025 0.032 0.014
  neighbors: f221 f222 f329 f402 f455 f456
- p341(v56): 0.0074 -0.036 0.017
  neighbors: f231 f232 f345 f412 f413
- p733(v17): -0.019 -0.033 0.017
  neighbors: f232 f358 f359 f412 f415 f423 f424
- p194(v57): 0.031 -0.039  0.01
  neighbors: f235 f236 f348 f349 f352 f353 f357
- p921(v2): 0.014 -0.04 0.0079
  neighbors: f235 f347 f348 f421 f422
- p908(v61): 0.011  0.03 0.00022
  neighbors: f255 f372 f374 f376 f377
- p10(v62): 0.011 -0.026 3.3e-09
  neighbors: f262 f381 f440 f488
- p536(v64): 0.043 -0.035 0.011
  neighbors: f267 f268 f269 f270 f271
- p295(v65): -0.017 0.034 0.00085
  neighbors: f272 f273 f280 f389 f390
- p583(v42): -0.021 0.034 0.0041
  neighbors: f272 f273 f302 f405 f452 f453
- p855(v22):  0.01  0.04 0.0059
  neighbors: f273 f302 f303 f307 f309 f389 f391
- p13(v66): 0.014 0.038 0.0014
  neighbors: f278 f280 f390 f392 f446 f447 f449 f451
- p143(v67): -0.028 -0.023 0.0007
  neighbors: f286 f287 f394 f396 f436 f437
- p814(v68): 0.055 0.0089 0.0085
  neighbors: f291 f292 f293 f295 f296 f398 f400
- p238(v60): 0.014 -0.014 3.5e-07
  neighbors: f291 f293 f375 f383 f384
- p191(v46): 0.054 0.015 0.0085
  neighbors: f292 f296 f371 f443 f445
- p108(v36): 0.014 0.0087 0.00029
  neighbors: f292 f293 f371 f372 f375 f376
- p406(v69): 0.055 0.014 0.0099
  neighbors: f294 f295 f296 f297 f299 f300 f301 f443 f465 f466
- p586(v27): 0.014 0.024 0.017
  neighbors: f300 f301 f317 f417 f477
- p656(v70): -0.021 0.034 0.0059
  neighbors: f302 f303 f304 f452 f454
- p244(v71): 0.022  0.04 0.009
  neighbors: f307 f309 f311 f312
- p231(v7): 0.027  0.04 0.0085
  neighbors: f307 f311 f313 f391 f392 f450 f451
- p628(v72): 0.029  0.04  0.01
  neighbors: f311 f312 f313 f314 f315 f410 f411
- p28(v73): 0.014 -0.032 0.017
  neighbors: f317 f320 f321 f346 f417 f418
- p751(v75): -0.027  0.03 0.008
  neighbors: f329 f332 f333 f402 f408
- p801(v76): -0.028 -0.022 0.015
  neighbors: f334 f335 f336 f337 f338 f339
- p237(v55): -0.024 -0.018 0.017
  neighbors: f334 f338 f479 f480
- p32(v74): -0.023 -0.03 0.017
  neighbors: f338 f339 f359 f360 f415 f480 f481
- p24(v77):  0.01 -0.033 0.017
  neighbors: f346 f345 f413 f418 f478
- p550(v78): 0.021 -0.039 0.0085
  neighbors: f347 f348 f349
- p127(v40): 0.0089 -0.039 0.0043
  neighbors: f347 f349 f353 f366 f421 f469 f470 f473 f474
- p818(v79): 0.037 -0.037  0.01
  neighbors: f350 f352 f356 f357
- p758(v80): 0.012 -0.037 0.0007
  neighbors: f353 f356 f357 f366 f370
- p813(v81): -0.025 -0.032 0.011
  neighbors: f358 f359 f360 f363 f364 f430 f432
- p433(v59): -0.023 -0.033  0.01
  neighbors: f358 f424 f430 f458 f467 f468
- p84(v82): -0.019 -0.034 0.00092
  neighbors: f366 f369 f370 f433 f471 f473
- p812(v83): 0.014 0.029 0.00067
  neighbors: f371 f372 f374 f444 f445
- p797(v84): 0.012 3.8e-05 1.9e-07
  neighbors: f375 f376 f377 f382 f384
- p518(v85): 0.011 0.0065 1.3e-08
  neighbors: f381 f382 f383 f384 f439 f440
- p750(v87): 0.0089 0.039 0.0042
  neighbors: f389 f390 f391 f392
- p887(v88): -0.026 -0.019 4.5e-05
  neighbors: f393 f394 f395 f396
- p792(v89): 0.054 0.0053 0.0085
  neighbors: f397 f398 f399 f400
- p578(v90): -0.024 0.033 0.0041
  neighbors: f402 f405 f406 f407 f408 f453 f456
- p85(v91): 0.014 0.039 0.013
  neighbors: f409 f410 f411
- p756(v92): -0.017 -0.031 0.017
  neighbors: f412 f413 f415 f478 f481
- p791(v93): 0.013 -0.0066 0.017
  neighbors: f417 f418 f475 f476 f477 f478 f479 f480 f481
- p821(v94): -0.02 -0.034 0.0099
  neighbors: f421 f422 f423 f424 f467 f469
- p316(v96): -0.027 -0.031 0.0019
  neighbors: f430 f432 f433 f434 f435 f436 f437 f458 f471 f472
- p551(v97): 0.011 -0.0055 3.3e-09
  neighbors: f439 f440 f484 f485 f486 f487 f488
- p195(v98): 0.052 0.022 0.0085
  neighbors: f443 f444 f445 f446 f447 f464 f466
- p274(v86): 0.047  0.03 0.0083
  neighbors: f447 f449 f463 f464
- p776(v99): 0.044 0.034 0.0085
  neighbors: f449 f450 f451 f462 f463
- p858(v100): -0.023 0.033  0.01
  neighbors: f452 f453 f454 f455 f456
- p639(v101): -0.021 -0.034 0.0049
  neighbors: f458 f468 f470 f472 f474
- p717(v102): 0.048 0.033  0.01
  neighbors: f462 f463 f464 f465 f466
- p747(v103): -0.021 -0.034 0.0064
  neighbors: f467 f468 f469 f470
- p72(v104): -0.02 -0.034 0.003
  neighbors: f471 f472 f473 f474
- f108
    - flags: top simplicial tested seen
    - normal:  0.009054  0.09526  -0.9954
    - offset: -0.002949279
    - center: -0.0006704899999999993 0.03215776666666666 0.0001083445585466665 
    - vertices: p306(v28) p595(v14) p959(v12)
    - neighboring facets: f278 f486 f255
    - ridges:
- f111
    - flags: bottom simplicial
    - normal:   -0.9937   0.1119  0.01108
    - offset: -0.03113826
    - center: -0.02831636666666667 0.0260118 0.008180306666666666 
    - vertices: p473(v29) p565(v8) p449(v0)
    - neighboring facets: f332 f112 f113
- f112
    - flags: top simplicial
    - normal:        -1 -0.0002795 0.003734
    - offset: -0.02844017
    - vertices: p473(v29) p633(v15) p449(v0)
    - neighboring facets: f114 f111 f113
- f113
    - flags: bottom simplicial
    - normal:   -0.9991 0.003669  0.04109
    - offset: -0.02876893
    - center: -0.0283006 0.009319633333333332 0.01115299666666667 
    - vertices: p473(v29) p633(v15) p565(v8)
    - neighboring facets: f336 f111 f112
- f114
    - flags: bottom simplicial
    - normal:        -1 -0.002415 -0.008257
    - offset: -0.02834745
    - center: -0.02837556666666666 -0.007431100000000002 0.005451276666666667 
    - vertices: p862(v30) p633(v15) p449(v0)
    - neighboring facets: f112 f287 f212
- f127
    - flags: top simplicial tested
    - normal:   -0.9014   0.4102   0.1386
    - offset: -0.03857794
    - center: -0.0272438 0.02900566666666667 0.01530953333333333 
    - vertices: p987(v32) p593(v16) p565(v8)
    - neighboring facets: f335 f333 f222
- f136
    - flags: bottom simplicial
    - normal:    0.1658  -0.4689   0.8675
    - offset: -0.03292971
    - vertices: p360(v34) p342(v21) p624(v9)
    - neighboring facets: f271 f231 f236
- f146
    - flags: top simplicial tested
    - normal:   0.01372 -0.07029  -0.9974
    - offset: -0.002299671
    - center: 0.01036403333333333 -0.03265526666666667 0.0001381347870733333 
    - vertices: p137(v37) p482(v19) p885(v6)
    - neighboring facets: f160 f262 f147
- f147
    - flags: bottom simplicial tested seen
    - normal:  -0.01295  -0.1238  -0.9922
    - offset: -0.00387402
    - center: -0.002518566666666666 -0.0321478 0.000138118225213332 
    - vertices: p137(v37) p482(v19) p848(v11)
    - neighboring facets: f369 f484 f146
    - ridges:
- f151
    - flags: bottom simplicial tested
    - normal:    0.8451  -0.1456  -0.5143
    - offset: -0.04091464
    - center: 0.05362733333333334 -0.003830273333333334 0.009655673333333331 
    - vertices: p14(v38) p737(v18) p410(v1)
    - neighboring facets: f397 f299 f152
- f152
    - flags: bottom simplicial tested
    - normal:    0.8421  -0.1474  -0.5188
    - offset: -0.04072127
    - center: 0.05210683333333332 -0.01320073333333333 0.009833333333333338 
    - vertices: p14(v38) p662(v20) p737(v18)
    - neighboring facets: f158 f151 f321
- f157
    - flags: bottom simplicial
    - normal:    0.6216  -0.2514  -0.7419
    - offset: -0.02986912
    - vertices: p884(v39) p662(v20) p448(v10)
    - neighboring facets: f269 f161 f158
- f158
    - flags: top simplicial
    - normal:    0.7871  -0.1489  -0.5986
    - offset: -0.03714701
    - vertices: p884(v39) p662(v20) p737(v18)
    - neighboring facets: f152 f159 f157
- f159
    - flags: top simplicial
    - normal:    0.2368  -0.0448  -0.9705
    - offset: -0.004459826
    - vertices: p884(v39) p737(v18) p885(v6)
    - neighboring facets: f399 f160 f158
- f160
    - flags: bottom simplicial
    - normal:     0.241  -0.0635  -0.9684
    - offset: -0.005078748
    - vertices: p884(v39) p482(v19) p885(v6)
    - neighboring facets: f146 f159 f161
- f161
    - flags: top simplicial
    - normal:    0.2486 -0.08386   -0.965
    - offset: -0.005913673
    - vertices: p884(v39) p482(v19) p448(v10)
    - neighboring facets: f168 f157 f160
- f168
    - flags: bottom simplicial
    - normal:    0.2798  -0.5062  -0.8158
    - offset: -0.02159632
    - vertices: p463(v41) p482(v19) p448(v10)
    - neighboring facets: f161 f267 f170
- f170
    - flags: bottom simplicial
    - normal:    0.2599  -0.6263  -0.7349
    - offset: -0.02569494
    - vertices: p463(v41) p342(v21) p482(v19)
    - neighboring facets: f350 f168 f268
- f181
    - flags: bottom simplicial tested seen
    - normal:  -0.03355 0.002585  -0.9994
    - offset: -0.0008123516
    - center: -0.0246572 0.01355606666666667 4.994622521333341e-05 
    - vertices: p472(v44) p432(v23) p959(v12)
    - neighboring facets: f406 f485 f395
    - ridges:
- f186
    - flags: bottom simplicial
    - normal:    0.1882  0.05003   0.9809
    - offset: -0.02078795
    - center: 0.0362894 0.0306522 0.01266666666666667 
    - vertices: p877(v45) p415(v25) p556(v13)
    - neighboring facets: f196 f294 f297
- f194
    - flags: top simplicial tested seen
    - normal:  -0.004103   0.1391   0.9903
    - offset: -0.02150035
    - center: -0.0001500000000000008 0.0339847 0.0169376 
    - vertices: p17(v47) p556(v13) p1(v3)
    - neighboring facets: f476 f195 f196
    - ridges:
- f195
    - flags: bottom simplicial tested
    - normal:  -0.03169   0.5288   0.8481
    - offset: -0.03253746
    - center: -0.001594860000000001 0.035537 0.01614626666666666 
    - vertices: p17(v47) p668(v26) p1(v3)
    - neighboring facets: f198 f194 f315
- f196
    - flags: top simplicial tested
    - normal:    0.1638   0.4574    0.874
    - offset: -0.03247905
    - center: 0.0232616 0.03444926666666667 0.01477093333333334 
    - vertices: p17(v47) p415(v25) p556(v13)
    - neighboring facets: f186 f194 f314
- f198
    - flags: top simplicial
    - normal:   -0.1361   0.9175   0.3738
    - offset: -0.03970584
    - vertices: p263(v48) p668(v26) p1(v3)
    - neighboring facets: f195 f304 f409
- f210
    - flags: top simplicial
    - normal:   -0.8707  -0.3654   0.3292
    - offset: -0.03768183
    - center: -0.02758056666666667 -0.0262335 0.01239767333333333 
    - vertices: p443(v51) p633(v15) p552(v5)
    - neighboring facets: f337 f363 f212
- f212
    - flags: top simplicial
    - normal:   -0.9962 -0.08485 -0.01964
    - offset: -0.03013334
    - vertices: p443(v51) p862(v30) p633(v15)
    - neighboring facets: f114 f210 f219
- f219
    - flags: bottom simplicial
    - normal:    -0.993  -0.1135 -0.03337
    - offset: -0.03068827
    - vertices: p670(v53) p443(v51) p862(v30)
    - neighboring facets: f212 f435 f220
- f220
    - flags: top simplicial
    - normal:   -0.9439  -0.3292  0.02481
    - offset: -0.03575956
    - vertices: p670(v53) p443(v51) p934(v31)
    - neighboring facets: f364 f434 f219
- f221
    - flags: bottom simplicial tested seen
    - normal:   -0.7082    0.675   0.2068
    - offset: -0.04240933
    - center: -0.02513926666666667 0.03153036666666666 0.01606 
    - vertices: p842(v54) p593(v16) p1(v3)
    - neighboring facets: f475 f455 f222
    - ridges:
- f222
    - flags: bottom simplicial tested
    - normal:   -0.7378   0.6533   0.1698
    - offset: -0.04192817
    - center: -0.02624273333333333 0.0306017 0.01515843333333333 
    - vertices: p842(v54) p987(v32) p593(v16)
    - neighboring facets: f127 f221 f329
- f231
    - flags: bottom simplicial
    - normal:   0.09513  -0.4304   0.8976
    - offset: -0.03109158
    - center: 0.01097587333333333 -0.0362658 0.01608706666666667 
    - vertices: p341(v56) p360(v34) p624(v9)
    - neighboring facets: f136 f345 f232
- f232
    - flags: top simplicial
    - normal:  -0.06456  -0.6081   0.7912
    - offset: -0.0344624
    - center: -0.0001314599999999997 -0.03557233333333334 0.01620439999999999 
    - vertices: p341(v56) p360(v34) p733(v17)
    - neighboring facets: f423 f412 f231
- f235
    - flags: bottom simplicial
    - normal:   0.02939  -0.9702   0.2407
    - offset: -0.04112428
    - vertices: p194(v57) p360(v34) p921(v2)
    - neighboring facets: f422 f348 f236
- f236
    - flags: top simplicial
    - normal:    0.1598  -0.6508   0.7422
    - offset: -0.03794135
    - vertices: p194(v57) p360(v34) p342(v21)
    - neighboring facets: f136 f352 f235
- f255
    - flags: bottom simplicial
    - normal:    0.0947  0.03202   -0.995
    - offset: -0.001785091
    - vertices: p908(v61) p306(v28) p595(v14)
    - neighboring facets: f108 f374 f377
- f262
    - flags: top simplicial tested seen
    - normal:  7.427e-06 -7.78e-06       -1
    - offset: -2.79078e-07
    - center: 0.0096309 -0.02923573333333333 1.989968000000001e-08 
    - vertices: p10(v62) p137(v37) p885(v6)
    - neighboring facets: f146 f381 f488
    - ridges:
- f267
    - flags: bottom simplicial
    - normal:    0.2997  -0.5369  -0.7886
    - offset: -0.02367363
    - vertices: p536(v64) p463(v41) p448(v10)
    - neighboring facets: f168 f269 f268
- f268
    - flags: top simplicial
    - normal:    0.2635  -0.6226  -0.7368
    - offset: -0.02568845
    - vertices: p536(v64) p463(v41) p342(v21)
    - neighboring facets: f170 f271 f267
- f269
    - flags: top simplicial
    - normal:    0.7726  -0.5407  -0.3328
    - offset: -0.04903113
    - vertices: p536(v64) p662(v20) p448(v10)
    - neighboring facets: f157 f267 f270
- f270
    - flags: bottom simplicial
    - normal:    0.1953  -0.1367   0.9712
    - offset: -0.02347305
    - center: 0.03588486666666667 -0.03176789999999999 0.0124843 
    - vertices: p536(v64) p662(v20) p624(v9)
    - neighboring facets: f320 f271 f269
- f271
    - flags: top simplicial
    - normal:    0.1743  -0.4119   0.8944
    - offset: -0.03150334
    - vertices: p536(v64) p342(v21) p624(v9)
    - neighboring facets: f136 f270 f268
- f272
    - flags: top simplicial
    - normal:   -0.2153   0.9478  -0.2353
    - offset: -0.03596229
    - vertices: p295(v65) p583(v42) p959(v12)
    - neighboring facets: f405 f280 f273
- f273
    - flags: bottom simplicial
    - normal:   -0.1703   0.9679  -0.1849
    - offset: -0.0359171
    - vertices: p295(v65) p583(v42) p855(v22)
    - neighboring facets: f302 f389 f272
- f278
    - flags: bottom simplicial
    - normal:  0.007553   0.2369  -0.9715
    - offset: -0.007660024
    - vertices: p13(v66) p595(v14) p959(v12)
    - neighboring facets: f108 f280 f446
- f280
    - flags: top simplicial
    - normal:  -0.07211   0.7356  -0.6736
    - offset: -0.0258521
    - vertices: p13(v66) p295(v65) p959(v12)
    - neighboring facets: f272 f278 f390
- f286
    - flags: top simplicial tested
    - normal:   -0.8593  0.02114  -0.5111
    - offset: -0.02337346
    - center: -0.02775136666666667 0.009722133333333334 0.001327145666666667 
    - vertices: p143(v67) p432(v23) p449(v0)
    - neighboring facets: f407 f287 f396
- f287
    - flags: bottom simplicial tested
    - normal:   -0.9691 0.007232  -0.2465
    - offset: -0.02697063
    - center: -0.02830556666666666 -0.006799733333333332 0.001670168333333334 
    - vertices: p143(v67) p862(v30) p449(v0)
    - neighboring facets: f114 f286 f437
- f291
    - flags: top simplicial
    - normal:     0.208 -0.009711  -0.9781
    - offset: -0.003023522
    - center: 0.02731163333333333 -0.01160320333333333 0.002833014050466669 
    - vertices: p814(v68) p238(v60) p885(v6)
    - neighboring facets: f383 f400 f293
- f292
    - flags: top simplicial
    - normal:    0.1969  0.01687  -0.9803
    - offset: -0.002628078
    - center: 0.04111996666666667 0.01085114 0.005763056999999999 
    - vertices: p814(v68) p191(v46) p108(v36)
    - neighboring facets: f371 f293 f296
- f293
    - flags: bottom simplicial
    - normal:    0.1969  0.01143  -0.9804
    - offset: -0.002581471
    - vertices: p814(v68) p238(v60) p108(v36)
    - neighboring facets: f375 f292 f291
- f294
    - flags: bottom simplicial tested
    - normal:    0.1864  0.04303   0.9815
    - offset: -0.02053867
    - center: 0.03907726666666667 0.02400866666666667 0.01245166 
    - vertices: p406(v69) p877(v45) p556(v13)
    - neighboring facets: f186 f300 f297
- f295
    - flags: top simplicial tested
    - normal:    0.9981 0.0002691   -0.062
    - offset: -0.05427709
    - center: 0.05496573333333334 0.008760056666666667 0.009440213333333334 
    - vertices: p406(v69) p814(v68) p410(v1)
    - neighboring facets: f398 f299 f296
- f296
    - flags: bottom simplicial tested
    - normal:    0.9266  0.07844  -0.3677
    - offset: -0.04845529
    - center: 0.05476570000000001 0.01272513 0.008951206666666666 
    - vertices: p406(v69) p814(v68) p191(v46)
    - neighboring facets: f292 f443 f295
- f297
    - flags: top simplicial tested
    - normal:    0.2056  0.05466   0.9771
    - offset: -0.02171844
    - center: 0.0503404 0.0241149 0.01028499333333333 
    - vertices: p406(v69) p877(v45) p415(v25)
    - neighboring facets: f186 f465 f294
- f299
    - flags: bottom simplicial tested
    - normal:    0.2042 0.009908   0.9789
    - offset: -0.02101778
    - center: 0.05435589999999999 0.002448660000000001 0.01010733333333333 
    - vertices: p406(v69) p14(v38) p410(v1)
    - neighboring facets: f151 f295 f301
- f300
    - flags: top simplicial tested seen
    - normal:    0.1732  0.01353   0.9848
    - offset: -0.01942402
    - center: 0.027146 0.02408303333333334 0.01461832666666667 
    - vertices: p406(v69) p586(v27) p556(v13)
    - neighboring facets: f477 f294 f301
    - ridges:
- f301
    - flags: top simplicial tested
    - normal:     0.173  0.01252   0.9848
    - offset: -0.01939761
    - center: 0.04055956666666666 0.009441233333333333 0.01245166 
    - vertices: p406(v69) p14(v38) p586(v27)
    - neighboring facets: f317 f300 f299
- f302
    - flags: top simplicial
    - normal:   -0.1837    0.983 -0.001155
    - offset: -0.03747516
    - vertices: p656(v70) p583(v42) p855(v22)
    - neighboring facets: f273 f303 f452
- f303
    - flags: bottom simplicial
    - normal:   -0.1837   0.9828   0.0173
    - offset: -0.03757908
    - vertices: p656(v70) p263(v48) p855(v22)
    - neighboring facets: f309 f302 f304
- f304
    - flags: top simplicial
    - normal:    -0.194   0.9782  0.07435
    - offset: -0.03797493
    - vertices: p656(v70) p263(v48) p1(v3)
    - neighboring facets: f198 f454 f303
- f307
    - flags: top simplicial
    - normal:   0.01077    0.999 -0.04414
    - offset: -0.03979849
    - vertices: p244(v71) p855(v22) p231(v7)
    - neighboring facets: f391 f311 f309
- f309
    - flags: top simplicial
    - normal:  -0.005901   0.9998  0.02114
    - offset: -0.04005064
    - vertices: p244(v71) p263(v48) p855(v22)
    - neighboring facets: f303 f307 f312
- f311
    - flags: top simplicial
    - normal:   0.01781   0.9995  0.02591
    - offset: -0.04060715
    - vertices: p628(v72) p244(v71) p231(v7)
    - neighboring facets: f307 f313 f312
- f312
    - flags: bottom simplicial
    - normal:  0.009558   0.9963  0.08519
    - offset: -0.04083201
    - vertices: p628(v72) p244(v71) p263(v48)
    - neighboring facets: f309 f411 f311
- f313
    - flags: bottom simplicial
    - normal:    0.2965   0.8903  -0.3456
    - offset: -0.04068096
    - vertices: p628(v72) p415(v25) p231(v7)
    - neighboring facets: f450 f311 f314
- f314
    - flags: bottom simplicial
    - normal:    0.1562   0.5579   0.8151
    - offset: -0.03494473
    - vertices: p628(v72) p17(v47) p415(v25)
    - neighboring facets: f196 f313 f315
- f315
    - flags: top simplicial
    - normal:    0.1419   0.5882   0.7961
    - offset: -0.03554534
    - vertices: p628(v72) p17(v47) p668(v26)
    - neighboring facets: f195 f410 f314
- f317
    - flags: bottom simplicial tested
    - normal:    0.1609 -0.00186    0.987
    - offset: -0.01892432
    - center: 0.02689623333333334 -0.005875466666666667 0.01477723333333334 
    - vertices: p28(v73) p14(v38) p586(v27)
    - neighboring facets: f301 f417 f321
- f320
    - flags: top simplicial tested
    - normal:    0.1902  -0.1156   0.9749
    - offset: -0.02272865
    - center: 0.02614616666666666 -0.03051596666666667 0.01459486666666667 
    - vertices: p28(v73) p662(v20) p624(v9)
    - neighboring facets: f270 f346 f321
- f321
    - flags: top simplicial tested
    - normal:    0.1765 -0.03091   0.9838
    - offset: -0.02000833
    - center: 0.03917206666666666 -0.0222385 0.01261056666666666 
    - vertices: p28(v73) p14(v38) p662(v20)
    - neighboring facets: f152 f320 f317
- f329
    - flags: top simplicial
    - normal:   -0.7532   0.6577 0.006659
    - offset: -0.04014419
    - vertices: p751(v75) p842(v54) p987(v32)
    - neighboring facets: f222 f333 f402
- f332
    - flags: top simplicial
    - normal:   -0.9365   0.3494 -0.03027
    - offset: -0.0354272
    - vertices: p751(v75) p565(v8) p449(v0)
    - neighboring facets: f111 f408 f333
- f333
    - flags: top simplicial
    - normal:   -0.9169    0.399 -0.004813
    - offset: -0.03660857
    - vertices: p751(v75) p987(v32) p565(v8)
    - neighboring facets: f127 f332 f329
- f334
    - flags: bottom simplicial tested seen
    - normal:   -0.4127 -0.01952   0.9107
    - offset: -0.02593195
    - center: -0.026312 -0.003217033333333333 0.01648256666666667 
    - vertices: p801(v76) p237(v55) p593(v16)
    - neighboring facets: f479 f335 f338
    - ridges:
- f335
    - flags: bottom simplicial tested
    - normal:   -0.8663 0.001918   0.4996
    - offset: -0.03169745
    - center: -0.02751413333333333 0.01181096666666667 0.01569366666666667 
    - vertices: p801(v76) p593(v16) p565(v8)
    - neighboring facets: f127 f336 f334
- f336
    - flags: top simplicial tested
    - normal:   -0.9811 -0.004026   0.1937
    - offset: -0.03028297
    - center: -0.02806983333333334 -0.006258133333333333 0.0140425 
    - vertices: p801(v76) p633(v15) p565(v8)
    - neighboring facets: f113 f335 f337
- f337
    - flags: bottom simplicial tested
    - normal:   -0.8768  -0.2584   0.4056
    - offset: -0.03613892
    - center: -0.02745 -0.02432436666666667 0.01426696666666667 
    - vertices: p801(v76) p633(v15) p552(v5)
    - neighboring facets: f210 f339 f336
- f338
    - flags: bottom simplicial tested seen
    - normal:   -0.3896 -0.04301     0.92
    - offset: -0.02594061
    - center: -0.02511103333333333 -0.0231075 0.01648256666666667 
    - vertices: p801(v76) p32(v74) p237(v55)
    - neighboring facets: f480 f334 f339
    - ridges:
- f339
    - flags: top simplicial tested
    - normal:   -0.6183  -0.1948   0.7614
    - offset: -0.0331009
    - center: -0.02569333333333333 -0.02614573333333333 0.01591813333333333 
    - vertices: p801(v76) p32(v74) p552(v5)
    - neighboring facets: f360 f337 f338
- f345
    - flags: bottom simplicial tested
    - normal:   0.06988   -0.199   0.9775
    - offset: -0.02399366
    - center: 0.01060470666666667 -0.0346349 0.01673623333333333 
    - vertices: p24(v77) p341(v56) p624(v9)
    - neighboring facets: f231 f346 f413
- f346
    - flags: top simplicial tested
    - normal:    0.1037  -0.1171   0.9877
    - offset: -0.02178039
    - center: 0.01279766666666667 -0.0332955 0.01676153333333334 
    - vertices: p24(v77) p28(v73) p624(v9)
    - neighboring facets: f320 f345 f418
- f347
    - flags: top simplicial
    - normal:   0.09588  -0.9581  -0.2701
    - offset: -0.03751838
    - vertices: p550(v78) p127(v40) p921(v2)
    - neighboring facets: f421 f348 f349
- f348
    - flags: bottom simplicial
    - normal:   0.09488  -0.9629  -0.2526
    - offset: -0.0378367
    - vertices: p550(v78) p194(v57) p921(v2)
    - neighboring facets: f235 f347 f349
- f349
    - flags: top simplicial
    - normal:   0.09913   -0.955  -0.2797
    - offset: -0.03738395
    - vertices: p550(v78) p194(v57) p127(v40)
    - neighboring facets: f353 f347 f348
- f350
    - flags: top simplicial
    - normal:    0.2507  -0.6587  -0.7094
    - offset: -0.02674763
    - vertices: p818(v79) p342(v21) p482(v19)
    - neighboring facets: f170 f356 f352
- f352
    - flags: top simplicial
    - normal:    0.2618  -0.9401  -0.2184
    - offset: -0.04253726
    - vertices: p818(v79) p194(v57) p342(v21)
    - neighboring facets: f236 f350 f357
- f353
    - flags: bottom simplicial
    - normal:    0.1612  -0.8351  -0.5259
    - offset: -0.03214269
    - vertices: p758(v80) p194(v57) p127(v40)
    - neighboring facets: f349 f366 f357
- f356
    - flags: top simplicial
    - normal:    0.2148  -0.7462  -0.6302
    - offset: -0.02945478
    - vertices: p758(v80) p818(v79) p482(v19)
    - neighboring facets: f350 f370 f357
- f357
    - flags: bottom simplicial
    - normal:    0.1997  -0.7814  -0.5913
    - offset: -0.03059054
    - vertices: p758(v80) p818(v79) p194(v57)
    - neighboring facets: f352 f353 f356
- f358
    - flags: bottom simplicial
    - normal:   -0.3938  -0.8647   0.3117
    - offset: -0.04117071
    - vertices: p813(v81) p433(v59) p733(v17)
    - neighboring facets: f424 f359 f430
- f359
    - flags: top simplicial
    - normal:   -0.5043  -0.7497   0.4285
    - offset: -0.04150113
    - center: -0.0224665 -0.03170646666666666 0.01493716666666666 
    - vertices: p813(v81) p32(v74) p733(v17)
    - neighboring facets: f415 f358 f360
- f360
    - flags: bottom simplicial
    - normal:   -0.7559  -0.5051   0.4165
    - offset: -0.03975458
    - vertices: p813(v81) p32(v74) p552(v5)
    - neighboring facets: f339 f363 f359
- f363
    - flags: top simplicial
    - normal:   -0.8331  -0.4492   0.3227
    - offset: -0.0388438
    - vertices: p813(v81) p443(v51) p552(v5)
    - neighboring facets: f210 f360 f364
- f364
    - flags: bottom simplicial
    - normal:    -0.845  -0.4742   0.2471
    - offset: -0.03911642
    - vertices: p813(v81) p443(v51) p934(v31)
    - neighboring facets: f220 f432 f363
- f366
    - flags: bottom simplicial
    - normal:  -0.05658  -0.7573  -0.6507
    - offset: -0.02659557
    - vertices: p84(v82) p758(v80) p127(v40)
    - neighboring facets: f353 f473 f370
- f369
    - flags: top simplicial
    - normal:  -0.02397  -0.1812  -0.9832
    - offset: -0.005798865
    - vertices: p84(v82) p482(v19) p848(v11)
    - neighboring facets: f147 f433 f370
- f370
    - flags: top simplicial
    - normal:    -0.032    -0.37  -0.9285
    - offset: -0.01251549
    - vertices: p84(v82) p758(v80) p482(v19)
    - neighboring facets: f356 f369 f366
- f371
    - flags: bottom simplicial
    - normal:    0.1967  0.01769  -0.9803
    - offset: -0.002633428
    - vertices: p812(v83) p191(v46) p108(v36)
    - neighboring facets: f292 f372 f445
- f372
    - flags: top simplicial
    - normal:    0.1491  0.01806  -0.9887
    - offset: -0.001964632
    - vertices: p812(v83) p908(v61) p108(v36)
    - neighboring facets: f376 f371 f374
- f374
    - flags: bottom simplicial
    - normal:    0.1555  0.03178  -0.9873
    - offset: -0.002448239
    - vertices: p812(v83) p908(v61) p595(v14)
    - neighboring facets: f255 f444 f372
- f375
    - flags: top simplicial
    - normal:    0.1154  0.01215  -0.9932
    - offset: -0.001439442
    - center: 0.0134733 -0.001619367866666666 9.702455433333318e-05 
    - vertices: p797(v84) p238(v60) p108(v36)
    - neighboring facets: f293 f376 f384
- f376
    - flags: bottom simplicial
    - normal:    0.1122  0.01277  -0.9936
    - offset: -0.00139844
    - vertices: p797(v84) p908(v61) p108(v36)
    - neighboring facets: f372 f375 f377
- f377
    - flags: top simplicial
    - normal:   0.09418  0.01191  -0.9955
    - offset: -0.001174271
    - center: 0.01070804333333333 0.02008312213333334 7.36486242733331e-05 
    - vertices: p797(v84) p908(v61) p306(v28)
    - neighboring facets: f255 f382 f376
- f381
    - flags: top simplicial tested
    - normal:  2.398e-05 2.979e-08       -1
    - offset: -2.608386e-07
    - center: 0.011856 -0.01645862333333334 2.296827333333336e-08 
    - vertices: p518(v85) p10(v62) p885(v6)
    - neighboring facets: f262 f383 f440
- f382
    - flags: top simplicial tested
    - normal:  0.0005567 6.409e-05       -1
    - offset: -6.748218e-06
    - center: 0.01083894333333334 0.01223683213333333 6.980547333333451e-08 
    - vertices: p518(v85) p797(v84) p306(v28)
    - neighboring facets: f377 f439 f384
- f383
    - flags: bottom simplicial tested
    - normal:  0.0002018 8.432e-06       -1
    - offset: -2.341591e-06
    - center: 0.0128068 -0.01240265666666667 1.382316666666668e-07 
    - vertices: p518(v85) p238(v60) p885(v6)
    - neighboring facets: f291 f381 f384
- f384
    - flags: bottom simplicial tested
    - normal:  0.0002748 1.754e-05       -1
    - offset: -3.233254e-06
    - center: 0.0125866 -0.002337934533333333 1.850688666666672e-07 
    - vertices: p518(v85) p797(v84) p238(v60)
    - neighboring facets: f375 f383 f382
- f389
    - flags: bottom simplicial
    - normal:   -0.1631   0.9624  -0.2171
    - offset: -0.03557904
    - vertices: p750(v87) p295(v65) p855(v22)
    - neighboring facets: f273 f391 f390
- f390
    - flags: bottom simplicial
    - normal:  -0.07981   0.7912  -0.6063
    - offset: -0.02794791
    - vertices: p750(v87) p13(v66) p295(v65)
    - neighboring facets: f280 f389 f392
- f391
    - flags: bottom simplicial
    - normal:   0.05564   0.9364  -0.3466
    - offset: -0.03595016
    - vertices: p750(v87) p855(v22) p231(v7)
    - neighboring facets: f307 f392 f389
- f392
    - flags: top simplicial
    - normal:   0.07177   0.9085  -0.4117
    - offset: -0.03472273
    - vertices: p750(v87) p13(v66) p231(v7)
    - neighboring facets: f451 f391 f390
- f393
    - flags: bottom simplicial tested seen
    - normal:  -0.09398 -0.001343  -0.9956
    - offset: -0.002436858
    - center: -0.02577226666666667 -0.02209876666666667 1.486459188000022e-05 
    - vertices: p887(v88) p472(v44) p848(v11)
    - neighboring facets: f487 f394 f395
    - ridges:
- f394
    - flags: top simplicial tested
    - normal:   -0.2835 -0.01338  -0.9589
    - offset: -0.007618103
    - center: -0.0266111 -0.02340936666666667 0.0002492551459399994 
    - vertices: p887(v88) p143(v67) p848(v11)
    - neighboring facets: f436 f393 f396
- f395
    - flags: top simplicial tested
    - normal:  -0.09433 0.001258  -0.9955
    - offset: -0.002396961
    - center: -0.02614506666666667 -0.003738866666666667 6.480747927333321e-05 
    - vertices: p887(v88) p472(v44) p432(v23)
    - neighboring facets: f181 f396 f393
- f396
    - flags: bottom simplicial tested
    - normal:   -0.3045 -0.001191  -0.9525
    - offset: -0.007937317
    - center: -0.0269839 -0.005049466666666666 0.0002991980333333334 
    - vertices: p887(v88) p143(v67) p432(v23)
    - neighboring facets: f286 f395 f394
- f397
    - flags: top simplicial
    - normal:    0.8286  -0.1352  -0.5433
    - offset: -0.03974444
    - vertices: p792(v89) p737(v18) p410(v1)
    - neighboring facets: f151 f398 f399
- f398
    - flags: bottom simplicial
    - normal:    0.8449  -0.1167  -0.5221
    - offset: -0.04090996
    - vertices: p792(v89) p814(v68) p410(v1)
    - neighboring facets: f295 f397 f400
- f399
    - flags: bottom simplicial
    - normal:    0.2327 -0.03797  -0.9718
    - offset: -0.00419953
    - vertices: p792(v89) p737(v18) p885(v6)
    - neighboring facets: f159 f400 f397
- f400
    - flags: top simplicial
    - normal:    0.2277 -0.03176  -0.9732
    - offset: -0.003946406
    - vertices: p792(v89) p814(v68) p885(v6)
    - neighboring facets: f291 f399 f398
- f402
    - flags: bottom simplicial
    - normal:     -0.73   0.6834 -0.007617
    - offset: -0.04018438
    - vertices: p578(v90) p751(v75) p842(v54)
    - neighboring facets: f329 f456 f408
- f405
    - flags: bottom simplicial
    - normal:   -0.3754   0.9062  -0.1948
    - offset: -0.03805803
    - vertices: p578(v90) p583(v42) p959(v12)
    - neighboring facets: f272 f406 f453
- f406
    - flags: top simplicial
    - normal:   -0.7183   0.5327  -0.4474
    - offset: -0.03315716
    - vertices: p578(v90) p432(v23) p959(v12)
    - neighboring facets: f181 f405 f407
- f407
    - flags: bottom simplicial
    - normal:   -0.8097   0.4884  -0.3252
    - offset: -0.03443881
    - vertices: p578(v90) p432(v23) p449(v0)
    - neighboring facets: f286 f408 f406
- f408
    - flags: top simplicial
    - normal:   -0.8468   0.4923  -0.2016
    - offset: -0.03597717
    - vertices: p578(v90) p751(v75) p449(v0)
    - neighboring facets: f332 f407 f402
- f409
    - flags: bottom simplicial
    - normal:   0.01998   0.8965   0.4427
    - offset: -0.04123027
    - vertices: p85(v91) p263(v48) p668(v26)
    - neighboring facets: f198 f410 f411
- f410
    - flags: top simplicial
    - normal:   0.07238    0.831   0.5516
    - offset: -0.0407418
    - vertices: p85(v91) p628(v72) p668(v26)
    - neighboring facets: f315 f409 f411
- f411
    - flags: bottom simplicial
    - normal:    0.0363   0.9362   0.3495
    - offset: -0.04186183
    - vertices: p85(v91) p628(v72) p263(v48)
    - neighboring facets: f312 f409 f410
- f412
    - flags: top simplicial tested
    - normal:  -0.01181  -0.1256    0.992
    - offset: -0.02101301
    - center: -0.009619559999999999 -0.033282 0.01685356666666667 
    - vertices: p756(v92) p341(v56) p733(v17)
    - neighboring facets: f232 f415 f413
- f413
    - flags: top simplicial tested seen
    - normal:  -0.007151 -0.09886   0.9951
    - offset: -0.0201453
    - center: 0.0002854400000000002 -0.03350193333333333 0.0169186 
    - vertices: p756(v92) p24(v77) p341(v56)
    - neighboring facets: f345 f412 f478
    - ridges:
- f415
    - flags: bottom simplicial tested seen
    - normal:   -0.0231  -0.1057   0.9941
    - offset: -0.02061422
    - center: -0.01979943333333333 -0.03142610000000001 0.01693496666666667 
    - vertices: p756(v92) p32(v74) p733(v17)
    - neighboring facets: f359 f412 f481
    - ridges:
- f417
    - flags: bottom simplicial tested seen
    - normal:   0.07228 -0.002511   0.9974
    - offset: -0.01787901
    - center: 0.0133866 -0.00472914 0.0169439 
    - vertices: p791(v93) p28(v73) p586(v27)
    - neighboring facets: f317 f477 f418
    - ridges:
- f418
    - flags: bottom simplicial tested seen
    - normal:   0.04852 -0.003896   0.9988
    - offset: -0.0176143
    - center: 0.01231393333333333 -0.02387170666666667 0.0169439 
    - vertices: p791(v93) p24(v77) p28(v73)
    - neighboring facets: f346 f417 f478
    - ridges:
- f421
    - flags: bottom simplicial
    - normal:   -0.1594  -0.9838  0.08238
    - offset: -0.03778207
    - vertices: p821(v94) p127(v40) p921(v2)
    - neighboring facets: f347 f422 f469
- f422
    - flags: top simplicial
    - normal:   -0.1517  -0.9721   0.1792
    - offset: -0.03818708
    - vertices: p821(v94) p360(v34) p921(v2)
    - neighboring facets: f235 f421 f423
- f423
    - flags: bottom simplicial
    - normal:   -0.1593  -0.9588   0.2352
    - offset: -0.03843541
    - vertices: p821(v94) p360(v34) p733(v17)
    - neighboring facets: f232 f424 f422
- f424
    - flags: top simplicial
    - normal:   -0.2404  -0.9419   0.2345
    - offset: -0.03943729
    - vertices: p821(v94) p433(v59) p733(v17)
    - neighboring facets: f358 f423 f467
- f430
    - flags: top simplicial
    - normal:   -0.5511  -0.8327  -0.0543
    - offset: -0.04003275
    - vertices: p316(v96) p813(v81) p433(v59)
    - neighboring facets: f358 f458 f432
- f432
    - flags: bottom simplicial
    - normal:   -0.7949  -0.6059  0.03151
    - offset: -0.03974338
    - vertices: p316(v96) p813(v81) p934(v31)
    - neighboring facets: f364 f434 f430
- f433
    - flags: top simplicial
    - normal:     -0.37   -0.537  -0.7581
    - offset: -0.02482151
    - vertices: p316(v96) p84(v82) p848(v11)
    - neighboring facets: f369 f436 f471
- f434
    - flags: top simplicial
    - normal:   -0.9083  -0.4173 -0.03051
    - offset: -0.03686825
    - vertices: p316(v96) p670(v53) p934(v31)
    - neighboring facets: f220 f432 f435
- f435
    - flags: bottom simplicial
    - normal:   -0.9616  -0.2334  -0.1441
    - offset: -0.03244389
    - vertices: p316(v96) p670(v53) p862(v30)
    - neighboring facets: f219 f437 f434
- f436
    - flags: bottom simplicial
    - normal:   -0.7167  -0.2448   -0.653
    - offset: -0.0252996
    - vertices: p316(v96) p143(v67) p848(v11)
    - neighboring facets: f394 f433 f437
- f437
    - flags: top simplicial
    - normal:   -0.8728  -0.2409  -0.4244
    - offset: -0.02977251
    - vertices: p316(v96) p143(v67) p862(v30)
    - neighboring facets: f287 f435 f436
- f439
    - flags: top simplicial tested seen
    - normal:  7.606e-06 4.911e-07       -1
    - offset: -7.732022e-08
    - center: 0.01033617666666667 0.01040063 6.406413333333336e-09 
    - vertices: p551(v97) p518(v85) p306(v28)
    - neighboring facets: f382 f486 f440
    - ridges:
- f440
    - flags: bottom simplicial tested seen
    - normal:  1.881e-05 8.478e-08       -1
    - offset: -2.023554e-07
    - center: 0.01113303333333333 -0.008230103333333334 6.406413333333352e-09 
    - vertices: p551(v97) p518(v85) p10(v62)
    - neighboring facets: f381 f488 f439
    - ridges:
- f443
    - flags: bottom simplicial
    - normal:    0.9177   0.2972  -0.2637
    - offset: -0.05211813
    - vertices: p195(v98) p406(v69) p191(v46)
    - neighboring facets: f296 f445 f466
- f444
    - flags: bottom simplicial
    - normal:    0.2133  0.07085  -0.9744
    - offset: -0.004389386
    - vertices: p195(v98) p812(v83) p595(v14)
    - neighboring facets: f374 f446 f445
- f445
    - flags: top simplicial
    - normal:     0.213  0.06898  -0.9746
    - offset: -0.004331775
    - vertices: p195(v98) p812(v83) p191(v46)
    - neighboring facets: f371 f443 f444
- f446
    - flags: top simplicial
    - normal:    0.2229   0.1109  -0.9685
    - offset: -0.00582987
    - vertices: p195(v98) p13(v66) p595(v14)
    - neighboring facets: f278 f444 f447
- f447
    - flags: top simplicial
    - normal:     0.224   0.1139  -0.9679
    - offset: -0.005963143
    - vertices: p195(v98) p274(v86) p13(v66)
    - neighboring facets: f449 f446 f464
- f449
    - flags: bottom simplicial
    - normal:    0.2483   0.2531   -0.935
    - offset: -0.01159974
    - vertices: p776(v99) p274(v86) p13(v66)
    - neighboring facets: f447 f451 f463
- f450
    - flags: top simplicial
    - normal:    0.2858    0.779  -0.5581
    - offset: -0.03414102
    - vertices: p776(v99) p415(v25) p231(v7)
    - neighboring facets: f313 f451 f462
- f451
    - flags: bottom simplicial
    - normal:    0.2501   0.6816  -0.6876
    - offset: -0.02817854
    - vertices: p776(v99) p13(v66) p231(v7)
    - neighboring facets: f392 f450 f449
- f452
    - flags: bottom simplicial
    - normal:   -0.3489   0.9372 -0.005236
    - offset: -0.03934777
    - vertices: p858(v100) p656(v70) p583(v42)
    - neighboring facets: f302 f453 f454
- f453
    - flags: top simplicial
    - normal:   -0.3842    0.923 -0.02105
    - offset: -0.03953795
    - vertices: p858(v100) p578(v90) p583(v42)
    - neighboring facets: f405 f452 f456
- f454
    - flags: top simplicial
    - normal:   -0.2378   0.9693  0.06281
    - offset: -0.03852168
    - vertices: p858(v100) p656(v70) p1(v3)
    - neighboring facets: f304 f455 f452
- f455
    - flags: bottom simplicial
    - normal:   -0.4856   0.8732  0.04164
    - offset:  -0.040855
    - vertices: p858(v100) p842(v54) p1(v3)
    - neighboring facets: f221 f454 f456
- f456
    - flags: bottom simplicial
    - normal:   -0.5276   0.8494  0.01588
    - offset: -0.04077657
    - vertices: p858(v100) p578(v90) p842(v54)
    - neighboring facets: f402 f455 f453
- f458
    - flags: top simplicial
    - normal:    -0.499  -0.8622  -0.0872
    - offset: -0.03948796
    - vertices: p639(v101) p316(v96) p433(v59)
    - neighboring facets: f430 f468 f472
- f462
    - flags: bottom simplicial
    - normal:    0.3914   0.6666  -0.6343
    - offset: -0.03441649
    - vertices: p717(v102) p776(v99) p415(v25)
    - neighboring facets: f450 f465 f463
- f463
    - flags: top simplicial
    - normal:    0.4086   0.3821  -0.8289
    - offset: -0.02397092
    - vertices: p717(v102) p776(v99) p274(v86)
    - neighboring facets: f449 f464 f462
- f464
    - flags: bottom simplicial
    - normal:    0.5308   0.2995  -0.7928
    - offset: -0.0275418
    - vertices: p717(v102) p195(v98) p274(v86)
    - neighboring facets: f447 f463 f466
- f465
    - flags: top simplicial
    - normal:    0.3297    0.108   0.9379
    - offset: -0.02892013
    - vertices: p717(v102) p406(v69) p415(v25)
    - neighboring facets: f297 f462 f466
- f466
    - flags: top simplicial
    - normal:    0.9383    0.336 -0.08227
    - offset: -0.05559319
    - vertices: p717(v102) p195(v98) p406(v69)
    - neighboring facets: f443 f465 f464
- f467
    - flags: bottom simplicial
    - normal:   -0.2573  -0.9656  0.03649
    - offset: -0.03862422
    - vertices: p747(v103) p821(v94) p433(v59)
    - neighboring facets: f424 f468 f469
- f468
    - flags: top simplicial
    - normal:   -0.2799  -0.9598  0.02032
    - offset: -0.03878691
    - vertices: p747(v103) p639(v101) p433(v59)
    - neighboring facets: f458 f467 f470
- f469
    - flags: top simplicial
    - normal:   -0.1735  -0.9848  0.01107
    - offset: -0.03738784
    - vertices: p747(v103) p821(v94) p127(v40)
    - neighboring facets: f421 f470 f467
- f470
    - flags: bottom simplicial
    - normal:   -0.1739  -0.9847 0.005259
    - offset: -0.03735824
    - vertices: p747(v103) p639(v101) p127(v40)
    - neighboring facets: f474 f469 f468
- f471
    - flags: bottom simplicial
    - normal:   -0.4628  -0.8655  -0.1914
    - offset: -0.03842804
    - vertices: p72(v104) p316(v96) p84(v82)
    - neighboring facets: f433 f473 f472
- f472
    - flags: bottom simplicial
    - normal:   -0.4719  -0.8691  -0.1483
    - offset: -0.03886113
    - vertices: p72(v104) p639(v101) p316(v96)
    - neighboring facets: f458 f471 f474
- f473
    - flags: bottom simplicial
    - normal:   -0.1741  -0.9845 -0.02129
    - offset: -0.03723322
    - vertices: p72(v104) p84(v82) p127(v40)
    - neighboring facets: f366 f474 f471
- f474
    - flags: top simplicial
    - normal:   -0.1743  -0.9846  -0.0162
    - offset: -0.03725513
    - vertices: p72(v104) p639(v101) p127(v40)
    - neighboring facets: f470 f473 f472
- f475
    - flags: top simplicial tricoplanar keepcentrum
    - owner of normal & centrum is facet f475
    - normal:        -0       -0        1
    - offset:     -0.017
    - center: -0.0072779 0.0001283866666666675  0.017 
    - vertices: p791(v93) p593(v16) p1(v3)
    - neighboring facets: f221 f476 f479
- f476
    - flags: bottom simplicial tricoplanar
    - owner of normal & centrum is facet f475
    - normal:        -0       -0        1
    - offset:     -0.017
    - center: -0.0072779 0.0001283866666666675  0.017 
    - vertices: p791(v93) p556(v13) p1(v3)
    - neighboring facets: f194 f475 f477
- f477
    - flags: bottom simplicial tricoplanar
    - owner of normal & centrum is facet f475
    - normal:        -0       -0        1
    - offset:     -0.017
    - center: -0.0072779 0.0001283866666666675  0.017 
    - vertices: p791(v93) p586(v27) p556(v13)
    - neighboring facets: f300 f476 f417
- f478
    - flags: bottom simplicial tricoplanar
    - owner of normal & centrum is facet f475
    - normal:        -0       -0        1
    - offset:     -0.017
    - center: -0.0072779 0.0001283866666666675  0.017 
    - vertices: p791(v93) p756(v92) p24(v77)
    - neighboring facets: f413 f418 f481
- f479
    - flags: top simplicial tricoplanar
    - owner of normal & centrum is facet f475
    - normal:        -0       -0        1
    - offset:     -0.017
    - center: -0.0072779 0.0001283866666666675  0.017 
    - vertices: p791(v93) p237(v55) p593(v16)
    - neighboring facets: f334 f475 f480
- f480
    - flags: top simplicial tricoplanar
    - owner of normal & centrum is facet f475
    - normal:        -0       -0        1
    - offset:     -0.017
    - center: -0.0072779 0.0001283866666666675  0.017 
    - vertices: p791(v93) p32(v74) p237(v55)
    - neighboring facets: f338 f479 f481
- f481
    - flags: top simplicial tricoplanar
    - owner of normal & centrum is facet f475
    - normal:        -0       -0        1
    - offset:     -0.017
    - center: -0.0072779 0.0001283866666666675  0.017 
    - vertices: p791(v93) p756(v92) p32(v74)
    - neighboring facets: f415 f480 f478
- f484
    - flags: bottom simplicial tricoplanar keepcentrum
    - owner of normal & centrum is facet f484
    - normal:         0        0       -1
    - offset: 3.33782e-09
    - center: -0.005353009999999999 -0.006756320000000001 3.33782e-09 
    - vertices: p551(v97) p137(v37) p848(v11)
    - neighboring facets: f147 f487 f488
- f485
    - flags: bottom simplicial tricoplanar
    - owner of normal & centrum is facet f484
    - normal:         0        0       -1
    - offset: 3.33782e-09
    - center: -0.005353009999999999 -0.006756320000000001 3.33782e-09 
    - vertices: p551(v97) p472(v44) p959(v12)
    - neighboring facets: f181 f486 f487
- f486
    - flags: top simplicial tricoplanar
    - owner of normal & centrum is facet f484
    - normal:         0        0       -1
    - offset: 3.33782e-09
    - center: -0.005353009999999999 -0.006756320000000001 3.33782e-09 
    - vertices: p551(v97) p306(v28) p959(v12)
    - neighboring facets: f108 f485 f439
- f487
    - flags: top simplicial tricoplanar
    - owner of normal & centrum is facet f484
    - normal:         0        0       -1
    - offset: 3.33782e-09
    - center: -0.005353009999999999 -0.006756320000000001 3.33782e-09 
    - vertices: p551(v97) p472(v44) p848(v11)
    - neighboring facets: f393 f484 f485
- f488
    - flags: bottom simplicial tricoplanar
    - owner of normal & centrum is facet f484
    - normal:         0        0       -1
    - offset: 3.33782e-09
    - center: -0.005353009999999999 -0.006756320000000001 3.33782e-09 
    - vertices: p551(v97) p10(v62) p137(v37)
    - neighboring facets: f262 f484 f440
