3
1000 202 303
0.032301 0.0448082 -0.046885 
0.0257108 -0.0460078 -0.0649233 
0.0133202 -0.0540122 -0.07132239999999999 
0.000317253  -0.05 -0.0244731 
0.04525 -0.0090388 -0.07713390000000001 
0.0370675 -0.0167737   -0.1 
-0.00869897 0.00267267 -0.0429613 
-0.02125 0.0230692 -0.00419453 
-0.00426342 -0.0444135 -0.0436509 
0.00273931 0.025884 -0.06393310000000001 
0.00940764 -0.043 -0.0657879 
0.0459362 -0.0162944 -0.0939551 
-0.0194669 -0.0229436 -0.0754894 
0.03425 -0.0433496 -0.0184324 
-0.0199405 -0.023727 -0.0123879 
0.0228665 -0.0373316 -0.00581062 
-0.008165 0.0214817 -0.0578695 
0.03425 -0.0151206 -0.094517 
0.0361212 0.008301960000000001 -0.00394866 
0.0252526 0.00569626 -0.09613579999999999 
0.0276174 -0.043 -0.0458877 
0.00853723 0.0331834 -0.008952999999999999 
0.00851448 0.0227368 -0.06283 
0.05025 0.00417263 -0.09477679999999999 
0.0171848   0.05 -0.06906859999999999 
0.0196472 -0.046318 -0.0583598 
0.0294543 0.0366827 -0.0543806 
0.0333079 -0.064 -0.053167 
0.05025 0.018612 -0.00410217 
-0.0100736 0.0444724 -0.0461844 
-0.00286709 -0.044668 -0.07024560000000001 
0.00530173 -0.0343901 -0.0752963 
0.03425 -0.0432712 -0.0907772 
0.0164061 -0.0243366 -0.0543812 
0.007847639999999999 0.00258724 -0.0631345 
0.00117154 0.0475385 -0.0128422 
0.0499092 -0.00285855   -0.1 
0.0208752 -0.0462678 -0.0889921 
-0.00951048 0.0226402 -0.0557285 
0.0274653 -0.0368221 -0.0108689 
-0.00122406 -0.0171919 -0.0368091 
0.0132648 -0.043 -0.0394438 
0.0291354  0.043 -0.063712 
0.0237109 -0.00932791 1.38832e-09 
0.05025 -0.008014220000000001 -0.0488964 
0.0123972 0.0447339 -0.0727227 
0.0322218 0.0223027   -0.1 
0.00767647 -0.00592313 -0.0214397 
0.0115411 -0.009953210000000001 -0.0218163 
0.0201331 0.0452105 -0.0523137 
0.0108205 -0.0465084 -0.0175 
-0.00683215 0.0589 -0.0502046 
-0.0154223 -0.018727 -0.0197268 
-0.00871161 0.008066200000000001 -0.042981 
0.0127673 -0.0480326 -0.07319870000000001 
0.0270032 0.0407034 -0.0152428 
0.05025 -0.0101699 -0.0400402 
0.0109935 0.0306218 -0.0215289 
0.0181557  0.053 -0.054655 
0.011826  0.055 -0.0203713 
0.032233 0.0350902 -0.0491956 
0.0281093 0.0447914 -0.0416555 
0.0377605 -0.0122135 1.38832e-09 
0.0274322 -0.0268676 -0.0545852 
0.0054826 0.0244775 -0.0738067 
0.0282086 -0.0440177 -0.0222042 
0.0168871  -0.05 -0.057801 
0.0123234 0.044875 -0.0660699 
0.0184758 -0.053 -0.0555048 
0.008606910000000001 0.024017 -0.0211162 
0.00637581 -0.054 -0.049224 
0.0232599 -0.053 -0.0501208 
0.0207504 0.0398398 -0.0862006 
0.0083759 0.0185249 -0.004 
0.0237732 -0.0454041 -0.0427904 
0.00299349 -0.0576054 -0.0529591 
0.022633 0.0492024 -0.0454386 
0.0352309  0.043 -0.0583726 
0.00779912 -0.0485674 -0.0286112 
0.0291808 0.0221473 -0.008 
0.0367905 -0.0470132 -0.0450604 
0.0245965   0.05 -0.0411027 
0.0492284 0.0075 -0.0841819 
0.01775 -0.0526699 -0.0577337 
-0.00634887 0.0499846 -0.0687017 
0.05025 -0.0105034 -0.0742054 
0.0223085 -0.0603077 -0.0390031 
0.0252317 0.00257772 -0.0960744 
0.0313087 -0.051 -0.054028 
0.0119548 -0.0483606 -0.0410311 
0.0302928 -0.0471147 -0.012044 
0.0473528 0.0151021 -0.00547078 
0.0302501  0.053 -0.0482031 
0.047904 0.0075 -0.0163474 
0.0248907 0.0450785 -0.0441447 
-0.0114699 -0.0438567 -0.0564771 
0.009621090000000001 -0.027259 -0.0230994 
0.0259716 -0.0433828 -0.0974013 
-0.00325 0.0418169 -0.0138585 
0.00895431 0.0364141 -0.0269208 
-0.0211266 -0.023727 -0.0481832 
0.00447729 -0.0545798 -0.0558566 
0.00729398 -0.000301559 -0.0751641 
0.0363106 0.0162596   -0.1 
0.0315405 0.0492226 -0.0407459 
0.0202181 0.0450616 -0.0472478 
-0.00310168 -0.00942019 -0.00708345 
-0.0211427 -0.0222045 1.38832e-09 
-0.0125519 -0.023727 -0.0749066 
-0.00555769 0.0507 -0.0579909 
0.00609973 -0.0226087 -0.0990781 
-0.00244192 0.000295294 -0.0626348 
0.0344838 -0.0480397 -0.0309223 
0.0170257  -0.05 -0.041201 
0.0482127 0.0125 -0.0861691 
0.05025 0.00905567 -0.0359647 
0.0387518 -0.0510091 -0.0560055 
-7.52735e-05 0.0625 -0.057826 
0.0342791 0.0458106 -0.0291305 
0.0281211 -0.0346979   -0.1 
0.000569687   0.05 -0.0250476 
0.0171136 -0.00265204 -0.008 
0.0237268  0.053 -0.0397147 
0.0330272 -0.054 -0.0500564 
0.0341225  0.043 -0.0433599 
0.00221736 -0.066 -0.0491596 
0.00854275 -0.00499883 -0.00538846 
0.0360184 0.0457363 -0.0470033 
0.00796198  -0.05 -0.0700784 
0.0127182 -0.0291831 -0.0268076 
0.0106959 -0.0531625 -0.0223729 
0.0140235 -0.013764 -0.0588677 
0.0288321  0.043 -0.0611992 
0.0196867  0.053 -0.0558927 
0.01775 0.0478029 -0.0534393 
0.04525 0.0111225 -0.0129512 
0.0287967 0.00301729 -0.045494 
0.00953878 0.0183212 -0.0730774 
-0.00206131 0.0129254 -0.008 
0.0106302 0.0341274 -0.0736482 
0.00319565 -0.048 -0.0435022 
0.0311373 -0.0479334 -0.04919 
0.007837490000000001 -0.0342979 -0.0236805 
0.034702 0.0435675 -0.06716709999999999 
-0.00284378 0.0569719 -0.0415712 
0.0399238  -0.06 -0.0494491 
0.0239975 0.0111395 -0.0501566 
0.0141336 0.0450792 -0.0413035 
0.0231233 0.0378943 -0.0107408 
0.0192254 -0.0185205 -0.008 
0.00513473 0.0305418 -0.00823641 
-0.0041866 0.039734 -0.00876417 
0.0185416 0.023727 -0.09505669999999999 
0.00531672 -0.0221567 -0.0751728 
0.00378413 0.00210023 -0.0360768 
-0.0123594 -0.0210453 -0.0880908 
0.00854767 0.018727 -0.0948711 
-0.0201675 -0.023727 -0.019085 
0.0336842 -0.06344379999999999 -0.0387806 
0.00942758 0.0101047 -0.0289562 
0.0160633 0.000745475 -0.004 
0.00594515 0.0315357 -0.0729511 
-0.02125 0.021826 -0.0325958 
0.00342638 0.018727 -0.0947276 
-0.009405169999999999   0.05 -0.0661728 
0.036145 -0.0174862 -0.092 
0.0378843 0.0487269 -0.0401674 
0.0140094 0.0464725 -0.0647237 
0.0109791 -0.00907991 -0.0616388 
0.0256122 0.047036 -0.051404 
-0.0027966  -0.05 -0.0405611 
-0.00304645 0.009361380000000001 -0.00443139 
0.04525 -0.0120532 -0.07802870000000001 
0.04525 0.0106355 -0.0133174 
0.0268754 -0.0478977 -0.0925796 
0.0317252 -0.0476761 -0.00708884 
0.0113967 0.0448107 -0.00376267 
0.0339013 -0.0569246 -0.0519023 
-0.0019279 -0.048 -0.0566389 
0.0303532 -0.0142887   -0.1 
0.0109237 -0.048 -0.0393315 
0.0361207 -0.0142028 -0.00324299 
0.0464716 0.0125 -0.0575661 
0.00625694 -0.064 -0.0443426 
0.0095887 0.0475148 -0.0211162 
-0.00298516 -0.0497279 -0.0577521 
0.0138142 0.0507 -0.0527718 
-0.00827776 -0.023727 -0.0812076 
0.0184451   0.05 -0.06361269999999999 
-0.00059297 0.0374015 -0.0113495 
0.0030339 -0.043 -0.0262613 
0.0344705 0.0287641 -0.00566611 
0.000303845 -0.0514 -0.0466903 
0.011225 -0.0387301 -0.0614257 
0.0483355 0.00523588 -0.09244579999999999 
0.0244151 0.0374609 -0.0113683 
0.008483340000000001 -0.0488 -0.0494829 
0.0385211 -0.0217251   -0.1 
0.009798019999999999 -0.020396 -0.00216914 
0.0336309  0.053 -0.056638 
0.0321913  0.043 -0.0631217 
3.96731e-05 -0.023727 -0.0924444 
0.011153 0.010455 -0.0753619 
0.0389102 0.0208204 -0.092 
0.0110152 -0.0323576 -0.0715403 
0.0146713 -0.00119124 -0.0421402 
-0.0130794 -0.0243613 -0.00323043 
-0.0106318 0.0339021 -0.0514004 
0.03388 -0.0602804 -0.0611335 
0.0126869 -0.0496348 -0.0749064 
0.0197902 -0.0466279 -0.0590267 
0.0343375 0.00603943   -0.1 
0.0333115 -0.0592697 -0.053152 
0.0116022 -0.030861 -0.0281048 
0.016925 -0.018727 -0.095611 
0.0424178 0.0162672 -0.0939624 
0.00400041 0.0569708 -0.0528923 
0.00278776 -0.0627733 -0.0528761 
-0.00673415 0.012448 -0.0403152 
0.0374787 -0.0492319 -0.0397275 
-0.0200628 0.016744 -0.00906645 
0.0222164 -0.0136707 -0.00100176 
0.000697375 -0.00516335 -0.036347 
0.0100298 0.0550204 -0.0393456 
0.0253954 0.0439541 -0.0202539 
-0.00225297 -0.00411776 -0.0372789 
-0.000970216 -0.057707 -0.054211 
0.0131504 -0.023266 -0.0249017 
0.0294061 0.0228158 -0.0542704 
-0.0161527 0.0463034 -0.057941 
0.05025 -9.259949999999999e-05 -0.00237202 
0.0402902 -0.0214325 -0.00241721 
0.01081 -0.045418 -0.005 
0.00381043  -0.05 -0.0347625 
0.0327174 0.0518553 -0.0372954 
-0.000566222 0.0225706 -0.00207406 
-0.00530446 0.0536697 -0.0603486 
-0.016276   0.05 -0.0496676 
0.0367187 -0.043 -0.0384228 
0.0131777 0.0182007 -0.0255959 
0.0326511 -0.0444313 -0.0443532 
0.0129279 -0.00534493 -0.0599501 
-0.00387542 -0.0428152 -0.020657 
0.024596 -0.0177005 -0.0484212 
0.00823047 -0.0425737 -0.0197164 
-0.00115835 0.0411848 -0.0162251 
0.0164464  -0.05 -0.0489953 
-0.00952242 -0.0170842 -0.0443121 
0.00734567 -0.0540687 -0.0726884 
0.025592 -0.0439931 -0.031546 
0.0274185 -0.0154653 -0.092 
0.0305785 -0.0110708 -0.0461162 
0.0315714 -0.064 -0.0410506 
0.0262426 -0.059474 -0.0485804 
0.014947 -0.0460208 -0.00485584 
0.04525 -0.00745268 -0.0997461 
0.0133627  0.043 -0.0760303 
-0.00190569 0.0507 -0.0512678 
-0.00362606 0.0225485 1.38832e-09 
-0.0106657 -0.0296555 -0.0511782 
0.0303613 -0.021679   -0.1 
-0.00163811 -0.0416686 -0.0630019 
0.0198096 -0.0454007 -0.0509721 
0.0382345 -0.0168008 -0.0935806 
-0.00690599 0.0335985 -0.00179663 
-0.00254581 0.0567452 -0.0584186 
0.04525 0.00912345 -0.0289138 
0.0298162 0.0473616 -0.0525539 
-0.000580905 0.0381672 -0.0365354 
0.0278996 -0.0598752 -0.0475655 
0.0146989 -0.0130209 -0.0421832 
0.0432825 -0.0194665 -0.092 
0.009971280000000001 -0.00774411 -0.0788222 
0.00796359 -0.018727 -0.0927605 
0.0352332 -0.00655933 -0.00412039 
0.00963579 -0.023727 -0.0914369 
0.04525 -0.0092607 -0.0912009 
0.0222162 0.0402995 -0.0905658 
-0.00237945 -0.0490958 -0.054863 
0.030443 -0.0411986 -0.0459514 
0.0366032 0.0471526 -0.0566937 
0.00732567 -0.0530798 -0.0752824 
0.0256579 0.0462425 -0.0536809 
-0.0205973 -0.0216404 -0.0716272 
0.0107887 0.0549758 -0.07024 
0.0310463 0.0331444 1.38832e-09 
0.0045632 0.0207406 -0.09861200000000001 
0.0183403 -0.0460989 -0.0794477 
0.0196944 -0.0152546 -0.008 
0.00364309 -0.0581576 -0.0471053 
0.0367247  -0.05 -0.0523796 
0.0104867 0.0484255 -0.0631307 
0.0209202 -0.0491009 -0.0542317 
0.04525 0.0134286 -0.0936819 
0.0235775 0.0425511 -0.00207662 
0.0144993 -0.048 -0.0540233 
0.0203858 -0.0491902 -0.0428973 
0.0122786 -0.00411218 -0.0275056 
0.0426809 -0.0141518 -0.0954333 
-0.00380078 0.0436665 -0.0248296 
-0.00650268 -0.0244711 -0.0598854 
0.00629141 -0.0416739 -0.0169378 
0.0369574 -0.0178049   -0.1 
0.00674327 -0.0518892 -0.07032040000000001 
0.0165709 -0.0124576 -0.0538198 
-0.0112418 -0.023727 -0.0745133 
0.0282186 0.0386796 -0.0455173 
0.0202893 -0.0238885 -0.092 
0.0243321 -0.00460745 -0.0480082 
0.0224209 -0.0470365 -0.0348046 
0.0197634 -0.0468887 -0.0504148 
-0.00935804 0.00735805 -0.0439869 
-0.00774791 -0.00492904 -0.0414815 
0.0106643 0.0188216 -0.09064270000000001 
0.0343498 -0.0143094 -0.0948454 
0.0215549 -0.0146915 -0.00385343 
0.0074925 0.0491973 -0.078545 
-0.00341484 -0.064 -0.0471875 
0.00728541 -0.0510238 -0.0297656 
0.0341704 -0.053 -0.0429649 
0.03425 0.0360299 -0.008667070000000001 
0.0470801 0.0157106 -0.0941115 
0.0105084 0.0272402 -0.0235263 
-0.016932 -0.018727 -0.069284 
0.04525 -0.0198316 -0.0942935 
0.0205884  -0.06 -0.0413142 
-0.00463786 -0.048 -0.0400685 
0.016513 0.0325327 -0.0459773 
0.0133328 0.0507 -0.0501456 
0.00649384 -0.0317286 -0.0277469 
0.00394052  -0.05 -0.0726564 
0.018475 -0.043 -0.0439936 
-0.005297 0.0619 -0.0618555 
-0.00690721 -0.048 -0.0440479 
0.0322157 -0.0526974 -0.0414747 
0.00722979 -0.0503528 -0.0728042 
-0.00596544 0.018727 -0.0887907 
-0.0051328 0.00760907 -0.0389276 
0.0255982 -0.0339229 -0.0053534 
0.0115512 -0.00518044 -0.0611431 
0.0500764 -0.0125 -0.07918790000000001 
-0.0102839   0.05 -0.06421209999999999 
0.00991248 -0.048801 -0.0288367 
-0.0183913 0.023727 -0.0395899 
0.036687 -0.0207333   -0.1 
0.0374049 -0.0612009 -0.0414957 
-0.00720043 -0.018727 -0.0807602 
-0.02125 0.020378 -0.000605944 
0.0151532  -0.05 -0.055157 
-0.0222984 -0.00356067 -0.00272769 
0.0106868  -0.05 -0.0440889 
-0.0155525 -0.018727 -0.0465124 
0.013882   0.05 -0.018751 
0.0258533 -0.0418685 -0.082577 
-0.00892745 0.0406865 -0.0433169 
0.0352027 -0.0112677   -0.1 
-0.009880949999999999 -0.0422702 -0.0455332 
0.0113157 0.0397989 -0.0386529 
-0.0188404 -0.011287 -0.004 
0.00422511 0.0383061 -0.005 
-0.0040063 -0.0425955 -0.008027019999999999 
0.0300604 -0.0459079 -0.0581152 
0.0307499 -0.043 -0.06262239999999999 
0.0278739 -0.0470757 -0.0584201 
0.0310958 -0.0178459 1.38832e-09 
0.00935224 -0.0146943 -0.0769726 
0.0112455 0.00419928 -0.07501670000000001 
-0.02125 0.0201223 -0.0129332 
0.0248502 -0.0212318 -0.0469961 
0.008499130000000001 0.023727 -0.0939236 
0.0484757 0.0125 -0.0222911 
0.00732208 -0.00623272 -0.024731 
0.0281977 -0.0525753 -0.0529157 
0.05025 0.00625193 -0.0991674 
0.00678672 -0.0448068 -0.0280008 
0.04525 -0.000503024 -0.0525456 
0.00897565 -0.00987474 -0.0289324 
0.009075710000000001 -0.0559922 -0.0487202 
0.00122339 -0.0329976 -0.0362844 
-0.0197487 -0.023727 -0.0463435 
0.0110395 0.00276952 -0.0384136 
0.0161119 -0.00964626 -0.0446128 
0.0134995 -0.048 -0.0454864 
0.03425 -0.00229479 -0.00589398 
0.0446099 -0.0125 -0.0972483 
-0.00983415 -0.018727 -0.0763862 
0.0372025   0.05 -0.0500657 
0.0213222 -0.0483227 -0.0496001 
0.0352625 -0.0465519 -0.06521399999999999 
0.0228021 -0.00644465 -0.008 
0.0258179 -0.0591635 -0.0503865 
0.0332851 -0.053 -0.0525797 
-0.0187539 0.0199513 -0.0778397 
-0.0175056 0.0472787 -0.0478845 
0.00732687 -0.04935 -0.0284847 
-0.0105701 -0.0316065 -0.0478799 
0.05025 0.0194065 -0.00436984 
0.0463625 0.00236416 -0.053033 
0.0092198 0.0603729 -0.0567112 
-0.00876594 0.0254059 -0.0430655 
0.0277127 -0.0221826   -0.1 
0.009351480000000001 -0.0491079 -0.07697279999999999 
0.0183499 0.018727 -0.0976957 
0.0109125 0.0340717 -0.0260696 
0.04525 0.008456389999999999 -0.0262335 
-0.0156237 0.018727 -0.0178846 
0.0301653 -0.0467405 -0.05483 
-0.00281576 0.0616884 -0.0387753 
-0.0053682 -0.0318076 1.38832e-09 
0.00758967 0.00564205 -0.0632523 
0.0335743 0.0450374 -0.0433769 
0.0164334 -0.0351714 -0.0542883 
0.0332535 0.047354 -0.0566417 
0.00372321  -0.05 -0.0771418 
0.011014 -0.0424095 -0.0258807 
-0.00181309 -0.0425293 -0.0196401 
0.05025 -0.0114641 -0.0377257 
0.0308237 -0.0496026 -0.0579529 
0.0381021 0.0194 -0.092 
0.0395189 -0.043 -0.0560919 
0.009371620000000001 -0.0271185 -0.0624385 
0.0201847 -0.0441211 -0.0573038 
0.0320123 -0.036637 -0.0476385 
0.020779 -0.049 -0.0521087 
-0.00337017  -0.05 -0.0384476 
0.0209524 0.0380599 -0.0890504 
0.0171893 -0.0175132 -0.008 
0.0100122 0.0418394 -0.062146 
0.00716974 -0.0477641 -0.0363708 
0.0200442 -0.0426961 -0.0796505 
0.04525 0.0061508 -0.0918524 
0.0373466 -0.053 -0.0480099 
0.0127416 -0.0184235 -0.0601116 
0.0265882 0.041576 -0.08312120000000001 
0.0154278 -0.0623107 -0.047293 
0.0225619  0.051 -0.050074 
-0.00242381 0.0589073 -0.036138 
-0.00195971 -0.018727 -0.0950054 
-0.00763907 0.018727 -0.0875002 
0.0339346 0.0275978 -0.092 
-0.0152885 0.023727 -0.06616610000000001 
0.0307361 -0.053 -0.0451543 
0.00664662 0.06351619999999999 -0.0503829 
0.0288794 0.0441576 -0.0770183 
0.00803135 0.0517576 -0.0234866 
0.028618 0.00582541 -0.092 
0.0173027 -0.0472803 -0.0487541 
0.0254939 -0.0128905 -0.005 
0.0315545 0.00397195 -0.008 
0.0258471 0.0469775 -0.09401420000000001 
0.0257245  0.045 -0.0819334 
0.0259115 -0.053 -0.0596172 
0.0204837  -0.05 -0.0548936 
0.00693609 -0.0208018 -0.0718283 
-0.015568 0.023727 -0.0277964 
0.0477846 0.0148189 -0.008801659999999999 
0.0349151 0.0138515   -0.1 
0.0269929  0.002 -0.0533122 
0.0119128 -0.0141629 -0.0278296 
0.00730189 0.0435836 -0.0123363 
0.03075 -0.04837 -0.07491390000000001 
0.0176318  -0.06 -0.0458966 
0.0355443  -0.05 -0.0413935 
0.02669 -0.0173102 -0.008 
0.00731044 -0.029014 -0.0747744 
0.00576506 -0.0414782 -0.07676330000000001 
-0.00162436 -0.0238449 1.38832e-09 
0.0251922 -0.0430079 -0.049378 
0.0259324 0.00487757 -0.092 
0.00810693 -0.0132104 -0.06301610000000001 
-0.0119546 -0.0193798 -0.07157479999999999 
-0.0107853 0.0437292 -0.0345936 
0.008694489999999999 -0.055 -0.07289859999999999 
0.0345562 0.0283696 -0.0948852 
-0.0139131 0.0223661 -0.0660183 
0.0246081 -0.0395444 -0.0945956 
0.04525 -0.0116199 -0.070923 
-0.0101091 -0.0362776 -0.0536897 
-0.00496034 0.023727 -0.0877338 
0.0122111 0.0538779 -0.075345 
0.0143606 0.008922370000000001 -0.0416568 
0.0119297 0.0194855 -0.0278147 
0.0102714 -0.0370019 -0.00942104 
-0.009172039999999999 0.0507 -0.0515398 
0.00830463 0.0495941 -0.0358978 
0.0176248 -0.0228041   -0.1 
-0.00619066 -0.0218388 1.38832e-09 
0.0131984 -0.0207023 -0.0252971 
0.0126528 -0.0432491 -0.00251126 
0.0361795 -0.014015 -0.00394409 
-0.02125 -0.0235256 -0.0151449 
0.00722922 0.035404 -0.07839839999999999 
0.0139791   0.05 -0.08404540000000001 
0.00945402 0.0184699 -0.07694529999999999 
0.00535688 -0.0310775 -0.0363029 
0.0131477 -0.0207668 -0.0256749 
0.0239499 0.0489514 -0.08645949999999999 
0.00258896 -0.0268906 -0.00422645 
0.0486307 -0.0146833 -0.00505192 
0.0283573 -0.0181234 -0.0543053 
0.0009233689999999999 0.023727 -0.09251470000000001 
0.0323668 -0.0403564 -0.0505342 
-0.000967052 0.047783 -0.0356463 
0.0130384 -0.0302202 -0.0259631 
0.0225785  0.043 -0.0343658 
0.0312854  -0.05 -0.0324572 
0.0349433 0.0453852 -0.0519141 
0.00696061 -6.65102e-05 -0.0365335 
-0.0105281  -0.05 -0.0500378 
0.008616230000000001 -0.0498114 -0.0449271 
-0.009195419999999999 0.0387585 -0.0437338 
0.00623673 -0.00208356 -0.0275191 
0.0323065 -0.0487148 -0.009165100000000001 
-0.0102813 0.0362685 -0.0468937 
0.0111078 0.0314805 -0.07553070000000001 
0.0124737 0.0531854 -0.0618027 
0.05025 -0.0154783 -0.00182357 
-0.0210562 0.023727 -0.0371849 
0.037168 -0.043 -0.0472716 
-0.0210216 -0.018727 -0.0212849 
0.0186164   0.05 -0.0839347 
0.0232447   0.05 -0.039954 
0.0243296 0.0224711 -0.0492505 
0.0245704 -0.0245737 -0.0516001 
0.0362896 -0.0433715 -0.0558643 
0.000556953 -0.0550212 -0.0512882 
0.00508745 0.0548589 -0.0492307 
0.0104459 -0.0236024 -0.008 
0.00457254 -0.0602279 -0.0473511 
-0.011524 -0.018727 -0.073796 
0.00985947 0.0520449 -0.0200319 
0.0314471 -0.0410671 -0.08398799999999999 
-0.00599688 -0.0444156 -0.06549770000000001 
0.00402612 -0.0156817 -0.0361116 
-0.00611888  -0.05 -0.056942 
0.0133634  0.042 -0.00328562 
0.012505 -0.049 -0.0234764 
-6.339609999999999e-05 0.0405099 -0.0364351 
0.00522027 -0.0409429 -0.005 
0.00647442 -0.0302064 -0.0221843 
0.0137753 0.0436605 -0.0407841 
0.0248481 0.0455217 -0.0950945 
-0.010039 -0.0280451 1.38832e-09 
-0.0201205 0.018727 -0.0485602 
0.026394  -0.06 -0.0582001 
0.0325913 -0.064 -0.0475137 
0.0319768  -0.05 -0.0252589 
0.05025 -0.00788472 -0.0587827 
0.0212724 0.0466237 -0.08365209999999999 
0.009466250000000001 -0.023727 -0.0963484 
-0.020247 -0.00224253 -0.008 
0.0109787 0.0545646 -0.0739966 
0.00155451 0.0491093 -0.06386319999999999 
0.0094999 0.0409006 -0.0623799 
0.0172021 0.0429224 -0.02148 
0.0278673 -0.064 -0.0448287 
-0.00378772 -0.0436548 -0.0138563 
0.00425331   0.05 -0.0307612 
0.0501916 -0.0125 -0.0252183 
0.0277242 0.0191937 -0.053898 
-0.0175901 0.00570408 -0.008 
0.0278947  0.053 -0.0462676 
-0.0191353 0.0214656 -0.0765825 
0.049474 -0.0125 -0.0460227 
0.0142798  0.043 -0.0245227 
0.0432813 0.0206534 -0.09311369999999999 
0.0264313  0.051 -0.0462962 
-0.0224937 -0.00669111 -0.008 
-0.0039714 0.0507 -0.0461831 
0.007825449999999999 -0.0294747 -0.0368554 
0.03425 -0.0431594 -0.0147455 
-0.000143768 0.0205876 -0.0970686 
0.0384796 0.0165183 -0.0939049 
0.047837 0.0026543   -0.1 
-0.0105765 0.0465128 -0.055907 
0.0110754 0.0147064 -0.0285501 
0.011266 0.0519027 -0.0228 
0.04525 -0.00915559 -0.0253489 
0.0342907 -0.00275731 -0.0945974 
-0.0163802 -0.018727 -0.0463619 
0.01014 -0.0282467 -0.0211162 
0.00958402 -0.0192305 -0.0230895 
0.0142845   0.05 -0.0763358 
0.023329 -0.045 -0.08125159999999999 
0.0481617 0.0125 -0.0396906 
0.0179268 0.0388254 -0.00645002 
-0.0136742 0.0123212 -0.008 
0.00737453 0.0412516 -0.005 
0.00702953 -0.00299412 -0.0717792 
-0.00152528 -0.0009936649999999999 -0.0369466 
0.0220215 -0.0509858 -0.0472337 
-0.00338078 0.0405394 -0.037794 
0.0131147 0.0425907 -0.0196666 
0.0211271 -0.0476158 -0.0657162 
0.0278873 -0.0167854 -0.045719 
0.0300389  -0.05 -0.06264119999999999 
0.0055235 -0.0228908 -0.0261264 
0.00142059 0.0295051 -0.0362397 
0.04525 -0.0116451 -0.0521655 
-0.010484 -0.00719116 -0.0475857 
0.0227392 -0.0526278 -0.0415629 
0.0263381 -0.0659859 -0.0503815 
-0.0152545 0.023727 -0.077792 
-0.0106343 -0.0281323 -0.0516171 
0.0110255 0.0195304 -0.025838 
-0.00814232 0.014838 -0.0420952 
0.0218447 -0.0479217 -0.0526342 
0.0318563  -0.05 -0.0164197 
0.0269576 -0.0378206 -0.0457774 
-0.0126722 0.0216094 -0.07010909999999999 
0.0262918 -0.0543702 -0.0514817 
0.0297247 -0.045 -0.0205752 
0.04525 -0.00891258 -0.0961352 
0.0287917 0.0186267   -0.1 
0.00998428 -0.00951712 -0.028819 
0.0271785 0.0192261 -0.005 
0.0251346  0.043 -0.0330413 
0.0106028 -0.0414983 -0.005 
-0.00643129 0.0285813 -0.0400528 
0.01775 0.0513293 -0.0571757 
0.0175323 0.0125156 -0.004 
0.000161994 0.0475805 -0.0364046 
0.0330667  -0.05 -0.0575594 
0.0206146 0.0161426 -0.00105893 
0.05025 -0.00701791 -0.00729597 
0.0203067 0.0464899 -0.088396 
0.0105401 0.0142731 -0.078682 
0.0497993 -0.0186592 -0.0992889 
0.00535526 -0.064 -0.0397874 
0.0282333 -0.000752079 -0.008 
0.0256084 -0.045 -0.0136385 
0.0252652 -0.043 -0.0332189 
0.0161989 -0.0453364 -0.0199431 
0.03425 0.0447983 -0.0862888 
0.00601299 -0.0429817 -0.0817204 
0.0364935 0.0210629   -0.1 
0.05025 0.00351678 -0.0989358 
0.0179579  -0.05 -0.0413386 
-0.00560436 -0.043 -0.0620605 
0.0156134 0.0424431 -0.08084040000000001 
-0.007972760000000001 0.0243338 -0.0418313 
0.000298422 0.0619 -0.039211 
0.0322263 0.036598 -0.0515993 
0.0227033 0.0402321 -0.0856705 
0.0288499 -0.00382313 1.38832e-09 
-0.00325 0.0471251 -0.0101879 
0.0268976 0.0457682 -0.0446506 
-0.00880364 -0.048 -0.0512921 
0.0364929 -0.049004 -0.0619255 
0.00533246 -0.047975 -0.07504329999999999 
0.0192226  -0.05 -0.0565761 
0.0003998 0.0368385 -0.00430055 
-0.0106914 -0.0073799 -0.0499739 
0.000820974 -0.039731 -0.0136833 
0.000947514 -0.0550958 -0.0481321 
0.00225531 0.0593 -0.0545004 
0.0294858 -0.045 -0.0860798 
0.0217729 0.0508224 -0.0470746 
0.000381224 0.0310764 -0.00196964 
0.0361575   0.05 -0.0436982 
0.0313744 0.0272198   -0.1 
0.0106937 0.0250778 -0.005 
0.0353208 0.008266269999999999 -0.008 
0.0289312 -0.053 -0.0403629 
0.0211273 -0.0237364 -0.0995206 
-0.0186322 -0.018727 -0.0565725 
-0.000910726  -0.05 -0.0165144 
0.0085065 -0.0398906 -0.0211162 
0.0378995 0.017038 -0.0979558 
-0.00439825 0.0407568 -0.00341028 
0.0296401 0.0437818 -0.0741787 
-0.0113652 -0.0107193 -0.004 
0.00763361 0.0442381 -0.0214057 
0.0188606 0.0442222 -0.0228282 
-0.00459523 0.0349874 -0.0615382 
-0.00122248 -0.048 -0.041166 
-0.00314944 0.0588473 -0.0584393 
-0.0176289 0.0480981 -0.0504497 
-0.00234418 -0.0150453 -0.00518549 
0.0243911 0.0127162 -0.09412379999999999 
0.0160804 -0.0118286 -0.0554905 
0.032921 0.0481786 -0.0429786 
0.00824981 -0.0245723 -0.0787535 
0.000239183 0.0179932 -0.004 
-0.02125 -0.0187381 -0.0514337 
-0.0102711 0.00500488 -0.0468588 
0.0103631 0.0119013 -0.0380142 
-0.0160589 -0.0159972 -0.000337559 
0.0134755 0.0522968 -0.0222491 
-0.0100944 0.027881 -0.0462554 
0.0478841 0.0125 -0.0591744 
0.009230449999999999 -0.00325875 -0.0289952 
-0.0186378 -0.0128799 -0.00287111 
0.008272699999999999 -0.007816989999999999 -0.0211267 
-0.00598241 -0.0354591 -2.84415e-05 
0.0351796 -0.0450977 -0.0490525 
0.0268229 -0.0559385 -0.0520243 
0.0102058 -0.00752173 -0.0732561 
0.0164514 0.023727 -0.09230289999999999 
0.00012492 -0.0257589 -0.0635507 
0.04525 -0.000866886 -0.0966684 
0.0108056 0.00774254 -0.0738235 
-0.00637874   0.05 -0.06626029999999999 
0.0307885  0.051 -0.0533225 
0.0415554 -0.0120732 -0.00203925 
0.0195664  -0.05 -0.06564979999999999 
0.0225878  -0.05 -0.0361895 
0.01838 -0.064 -0.0565175 
0.0478147 0.0137144 -0.00970743 
0.00124785 -0.0607329 -0.0478738 
0.00932911 0.0589 -0.0427906 
0.0157037  -0.05 -0.0418876 
0.0289568 0.00878118   -0.1 
0.00502045 -0.0434716 -0.081161 
0.0171776 0.00217606 -0.0504406 
0.0225586   0.05 -0.042919 
0.00718891 -0.0487673 -0.0215828 
0.05025 0.00776002 -0.0566868 
0.0183857   0.05 -0.0417439 
0.0009152 0.0507 -0.0385725 
0.0114437 -0.0343556 -0.0387637 
-0.0133629 0.0142094 -0.004 
0.0310322 -0.0314239 -0.0533703 
-0.008463139999999999 0.00452995 -0.0425944 
0.05025 -0.00770411 -0.0602608 
-0.009606669999999999 0.0204752 -0.00271581 
0.0233853 -0.0466333 -0.0567426 
0.04525 0.0099922 -0.08606129999999999 
-0.0221988 -0.00408278 -2.75572e-05 
0.0021733 0.0326886 -0.00875547 
-0.00138182 0.0517166 -0.0588319 
-0.0192436 0.0234952 -0.0762254 
-0.00839063 -0.064 -0.0470079 
0.0118549 -0.0107517 -0.07788100000000001 
0.05025 -0.00736927 -0.0443116 
0.0263735 -0.0157943 -0.0535206 
0.0126659 0.00142491 -0.0231119 
-0.00121923 -0.023727 -0.08751440000000001 
-0.0143184 -0.0220965 -0.0857036 
0.0171261 0.0331158 -0.0517326 
0.039637 -0.0185449 -0.008 
0.0120579 -0.0167278 -0.07223110000000001 
0.037831 0.010049 -0.00195086 
0.000771776 -0.0315877 -0.005 
0.0322089  -0.06 -0.0397583 
0.00214662 -0.0490123 -0.0572482 
0.0187455 -0.0611893 -0.0419297 
0.032542 0.0427232 -0.0787475 
0.0373531 -0.064 -0.0503958 
0.00453485 0.0576987 -0.0515258 
0.0226854  0.045 -0.0658922 
0.0351907 0.00647588 -0.09369280000000001 
0.00628429 0.045383 -0.0775613 
0.037174 0.0172621 -0.00589581 
-0.00217804 0.0197516 -0.0627553 
0.0123079 0.0060494 -0.0604874 
0.0391209 -0.0451665 -0.0578654 
0.026424   0.05 -0.048647 
0.0102683 -0.0390654 -0.009422089999999999 
0.00292802 -0.0612788 -0.0529137 
0.0155848 0.0414723 -0.0435617 
0.00980603  -0.06 -0.039524 
0.0188213 -0.064 -0.0450285 
0.0061788 0.0149593 -0.0364211 
0.00420583 -0.0565887 -0.0528005 
0.00373345 -0.0523364 -0.0736412 
0.0300204 0.0493154 -0.0476691 
0.0248231 -0.0169625 -0.0522946 
-0.0193427 -0.0119047 -0.00305902 
0.00529282 -0.0319377 -0.0253697 
0.0202337 -0.00231115 -0.004 
0.0463865 0.0075 -0.0739252 
0.04525 -0.0204268 -0.00162692 
-0.00267104 0.0604 -0.044319 
0.0233398 0.00363929 -0.092 
0.0251144 0.0271839 -0.00584942 
0.00412844 -0.0404189 -0.0146444 
0.0354345 0.0148897 -0.00525838 
0.0155302 0.0464175 -0.0434767 
0.00466534 0.0515113 -0.0723309 
0.0482968 0.0145039 -0.00361242 
0.008241399999999999 -0.0368483 -0.0767235 
0.0207922 -0.049 -0.0482313 
0.00592639 -0.0541069 -0.0258709 
-0.00564985 0.0595342 -0.0392359 
0.00310397 -0.0295178 -0.0081128 
-0.00748128 0.0167569 -0.0410666 
0.0244671 0.0180144 -0.092 
-0.00274421 0.0619 -0.0412097 
0.00328968 0.023727 -0.0966481 
-0.0164354 -0.0155421 -0.00170314 
0.00304534 -0.0234528 -0.008 
-0.00528872 -0.023727 -0.0933906 
0.05025 0.0108209 -0.09070739999999999 
-0.00154079 0.0609 -0.0575411 
0.0138061 -0.0429819 -0.0777051 
-0.000774545 0.0421171 -0.018006 
-0.00835668 -0.043 -0.0397834 
0.00379224 0.0603649 -0.0411911 
0.0106399 -0.0190652 -0.0736579 
0.0480739 -0.0075 -0.0272005 
0.03425 0.0351555 -0.0946969 
0.0468582 0.0075 -0.07244390000000001 
-0.022073 0.00510639 -0.000294541 
0.0319706 0.027083 -0.0471839 
0.0268554 -0.0235807 -0.0539655 
0.00386258 0.0485697 -0.0802119 
0.0284629 -0.040609 -0.00385854 
0.0153508  -0.05 -0.054425 
0.00778035 0.0450595 -0.0237376 
0.0148193 0.021525 -0.00107399 
0.02591 0.0287712 -0.00767207 
0.0365141 -0.008732119999999999 -0.0007728499999999999 
0.0253062 0.0372959 -0.08873449999999999 
-0.0178162 -0.023727 -0.0593947 
0.0312783 -0.0499006 -0.0135111 
0.0266378 0.0473393 -0.0555685 
0.0124763 0.0162845 -0.07733039999999999 
0.00230706 -0.0573724 -0.0558898 
0.0455508 0.0075 -0.0635304 
0.0235809 -0.0470063 -0.0448726 
0.00726968 0.0427397 -0.0794448 
0.0178348 -0.0152934 -0.008 
-0.0183124 0.023727 -0.0543328 
0.0113322 -0.0397339 -0.0386672 
0.00855595 -0.00654259 -0.06281100000000001 
0.0224825 0.0262096 -0.0921684 
0.0167286 0.0442399 -0.0382869 
0.0126713 -0.0147912 -0.004 
0.0180586 -0.043 -0.0562872 
0.00098503 -0.048 -0.0415327 
0.00848137 0.0445099 -0.06748899999999999 
-0.0136102 -0.0192487 -0.0670169 
0.03211 0.0396476 -0.0490391 
0.0336674 -0.0600603 -0.0387732 
0.0295098 -0.0108034 -0.008 
-0.000312178 0.0619 -0.0613765 
0.00872244 -0.0366337 -0.005 
0.00929791 0.0406873 -0.0624722 
0.0332319 -0.0154324 -0.092 
0.03425 -0.0427103 -0.0830103 
0.0243415 0.0451124 -0.0533059 
0.0406974 -0.0117749 -0.0967677 
0.05025 -0.00742391 -0.0117513 
0.0155764   0.05 -0.0365822 
0.0320863 -0.049 -0.0516458 
0.00577632 -0.018727 -0.0902134 
0.0378813 -0.0514773 -0.0405969 
0.0283224 -0.0421369 -0.0819756 
0.0145576 -0.0129114 -0.0580367 
-0.000657739 0.0528617 -0.0408304 
0.0317403 0.0130169 -0.092 
0.025679 -0.064 -0.0612184 
0.0259901 -0.0305619 -0.0459711 
-0.0191159 -0.00705564 -0.008 
0.0321647 -0.0122299 -0.0505521 
-0.0129721 -0.018474 -0.0009756190000000001 
0.0286479 0.0231563   -0.1 
0.04525 -0.0190571 -0.0932525 
0.0279611 0.0450672 -0.0394791 
0.0454397 0.0184862 -0.0994525 
-0.0188177 -0.018727 -0.0370274 
0.03425 0.0436474 -0.0713763 
0.0261057 -0.00720188 -0.008 
-0.00685178 0.0502677 -0.0595829 
0.00683149 0.0544302 -0.0267543 
0.00601187 -0.064 -0.0562241 
0.01775 0.0520626 -0.043268 
0.00648866 -0.0542403 -0.0237951 
0.0124341 0.0277046 -0.0727761 
0.00444177 0.0518268 -0.0515984 
0.0242568 0.0484682 -0.08678810000000001 
0.0150069 0.0394268 -0.0573376 
0.017047  -0.05 -0.0502862 
0.019371   0.05 -0.052677 
0.0278664 -0.064 -0.055787 
0.0256056  0.051 -0.0550016 
0.0333619 0.0448851 -0.0548543 
0.0169803 -0.0218748 -0.0524255 
0.0285975 -0.0406911 -0.0541414 
0.030899 0.00966989   -0.1 
0.00460095 -0.053069 -0.0216243 
0.00334217 0.023727 -0.0900022 
0.00539129 0.0570414 -0.0520852 
0.00748982 -0.0356025 -0.025895 
0.000564645 -0.043 -0.07416150000000001 
0.0365077  0.043 -0.0450661 
0.0414563 0.0451889 -0.0472668 
0.0377541 0.0461225 -0.050202 
0.0196528 -0.0471752 -0.0583389 
0.0112135 0.0259295 -0.0248637 
0.0107689 0.0502112 -0.0719781 
0.0143012 -0.0488043 -0.0687183 
0.0287115  0.045 -0.0218411 
0.0202181 -0.0399144 -0.0883215 
0.0204713 -0.0441331 -0.00964485 
-0.00620341 0.0117751 -0.004 
0.0105882  -0.05 -0.0467434 
0.0296007 -0.0439234 -0.0258539 
0.0111365 0.0236099 -0.0754234 
-0.00103459 -0.0494632 -0.0476071 
-0.0102181 0.0282966 -0.0466776 
0.0291266  0.053 -0.0565941 
0.0287572 -7.93798e-05 -0.0461359 
-0.0230242 0.0124687 -0.0010892 
-0.000426753 -0.0457934 -0.0337383 
0.0472521 0.0005543530000000001 1.38832e-09 
0.0243686 -0.0131995 -0.0491518 
0.0349048  -0.05 -0.0623527 
0.0158874 -0.0468614 -0.0646468 
-0.0128142 -0.0451649 -0.0515888 
0.0129176 0.0305087 -0.0262817 
0.0353648 -0.0434257 -0.0521261 
0.0344593 -0.053 -0.0448919 
0.0407767 0.04518 -0.0450528 
0.0315582 -0.0337237 -0.009248050000000001 
0.009443 -0.0498873 -0.0460075 
0.0142239 0.0447336 -0.00877237 
-0.0121182 0.0251274 -0.00443278 
0.0275745 0.0204111 -0.054246 
0.00464409 0.0492449 -0.0360902 
0.0139003 0.0108368 -0.008 
0.0109438 -0.0278469 -0.0616694 
0.0120624 0.0342698 -0.0222377 
0.04525 -0.0113278 -0.0870736 
0.04525 0.0143869 -0.09500409999999999 
0.0290771 -0.00541985 -0.092 
0.0115031 -0.0529908 -0.0230387 
0.0298683 -0.0618064 -0.0518328 
0.00916689   0.05 -0.07133340000000001 
-0.000623962 -0.054 -0.0545114 
0.0121319 -0.0502045 -0.0257902 
0.0174884 0.0429449 -0.0217871 
0.0366797 0.0430242 -0.0493377 
0.0113916 0.04644 -0.07835540000000001 
0.0225558 0.0474815 -0.0910446 
0.0178714   0.05 -0.0439444 
0.00766323 -0.0255664 -0.0261453 
0.00241656 -0.0636883 -0.0624309 
0.0341053 0.0438209 -0.0560228 
0.0243143 0.00381341 1.38832e-09 
0.0199662 0.0477585 -0.0485895 
0.0269511 0.0473615 -0.00651467 
0.000363338 0.0545589 -0.0491854 
0.00172749 -0.0514 -0.0458162 
0.00747068 0.0510076 -0.0274028 
0.0141406  -0.05 -0.0230557 
0.0282937 -0.0296134 -0.0543992 
0.0115025  -0.05 -0.0400382 
0.0339268 -0.053 -0.0418927 
-0.0108535 0.023727 -0.0885008 
0.00937927 0.0271232 -0.062435 
0.0225179   0.05 -0.0564552 
-0.01525 -0.0235823 -0.0375499 
-0.0008658370000000001  -0.06 -0.060049 
-0.01525 0.023065 -0.00958971 
0.0350356  0.053 -0.0480456 
0.0122773 0.0319263 -0.0225489 
0.0071647  -0.05 -0.0780674 
0.025299 0.0120928 -0.0473144 
0.0131494 -0.0221646 -0.0256706 
0.0104914  0.043 -0.0705255 
0.03075 -0.0469629 -0.0825743 
0.0232082 -0.0024062 1.38832e-09 
0.0386486 0.047199 -0.0445701 
0.0154808 0.0280579 -0.0433998 
0.00376888   0.05 -0.07766960000000001 
0.0265718 -0.0137639 -0.0538847 
-0.00337502 0.0442545 -0.0227927 
0.0200879 -0.0103211 -0.00170761 
0.0118476 -0.00760733 -0.0608863 
-0.00829098 0.0164031 -0.0576735 
0.03075 -0.0468997 -0.0221347 
0.0306823 0.0491144 -0.0296082 
0.00581049 -0.000761927 -0.0268831 
0.0104862 -0.0330421 -0.0764958 
-0.0198463 -0.023727 -0.0599127 
0.0141365 -0.055 -0.023577 
0.00876423 0.0545427 -0.059717 
-0.02125 0.0221303 -0.019439 
0.0246194 -0.009466560000000001 1.38832e-09 
0.0259662 -0.0206975 -0.0536756 
0.0311248 -0.0348577 -0.047163 
0.00730662 -0.0271396 -0.0252113 
0.00398982 -0.0505334 -0.0270101 
-0.00315971 0.0259034 -0.062307 
0.0201339 -0.0438821 -0.0523207 
0.0419082 0.0121291 -0.0932728 
0.0220402 -0.064 -0.0395319 
0.0102257 -0.00281313 -0.07112590000000001 
0.033791 -0.0583916 -0.0522706 
0.0454206 0.0074379 -0.0125914 
0.00996648 0.0199182 -0.090431 
0.00974742 -0.0521237 -0.0284126 
0.0187685  0.053 -0.0433409 
-0.0207729 0.018727 -0.0248926 
0.0272873  -0.06 -0.0387037 
0.0121578 -0.0247518 -0.0723758 
0.0433612 -0.0190989 -0.092 
-0.00968509 -0.0161845 -0.0448661 
3 107 408 694 
3 601 938 125 
3 938 601 852 
3 738 155 950 
3 332 731 950 
3 364 62 772 
3 408 364 694 
3 364 488 694 
3 488 364 772 
3 806 332 950 
3 541 806 950 
3 806 541 332 
3 541 449 332 
3 660 541 286 
3 601 748 852 
3 748 601 158 
3 748 345 145 
3 345 748 158 
3 748 208 852 
3 32 627 97 
3 627 748 145 
3 748 627 32 
3 627 119 97 
3 732 938 738 
3 938 732 125 
3 732 628 125 
3 732 100 490 
3 107 732 490 
3 155 571 950 
3 571 541 950 
3 541 571 286 
3 938 413 738 
3 413 938 97 
3 677 229 332 
3 229 731 332 
3 731 229 677 
3 392 738 950 
3 731 392 950 
3 517 677 904 
3 731 517 904 
3 517 731 677 
3 677 7 904 
3 7 784 645 
3 988 601 125 
3 628 988 125 
3 807 488 772 
3 512 345 158 
3 988 512 158 
3 803 728 904 
3 107 728 258 
3 100 567 490 
3 567 107 490 
3 567 728 107 
3 728 567 904 
3 567 684 904 
3 567 100 684 
3 449 633 199 
3 857 660 286 
3 860 633 449 
3 860 449 541 
3 660 860 541 
3 174 748 32 
3 174 208 748 
3 174 32 97 
3 208 174 852 
3 938 174 97 
3 174 938 852 
3 197 627 36 
3 627 197 119 
3 360 107 694 
3 360 732 107 
3 119 110 97 
3 571 110 286 
3 100 283 684 
3 684 283 904 
3 283 731 904 
3 732 283 100 
3 237 677 332 
3 784 237 332 
3 237 784 7 
3 442 234 942 
3 442 449 199 
3 59 442 942 
3 234 166 942 
3 166 396 942 
3 285 294 942 
3 396 285 942 
3 345 516 145 
3 516 627 145 
3 512 516 345 
3 516 85 627 
3 601 252 158 
3 252 988 158 
3 988 252 601 
3 175 988 628 
3 175 512 988 
3 175 628 254 
3 488 175 254 
3 807 175 488 
3 175 807 772 
3 516 175 772 
3 175 516 512 
3 635 860 660 
3 373 860 36 
3 627 373 36 
3 628 666 254 
3 732 666 628 
3 360 666 732 
3 792 571 155 
3 792 110 571 
3 110 792 97 
3 792 413 97 
3 792 155 738 
3 413 792 738 
3 485 110 119 
3 485 857 286 
3 110 485 286 
3 283 12 731 
3 392 12 738 
3 12 732 738 
3 12 283 732 
3 7 347 904 
3 347 7 645 
3 669 347 645 
3 347 803 904 
3 728 347 258 
3 347 728 803 
3 294 176 942 
3 669 176 294 
3 176 669 645 
3 176 59 942 
3 59 176 645 
3 393 7 677 
3 237 393 677 
3 393 237 7 
3 407 784 332 
3 784 407 645 
3 407 59 645 
3 449 836 332 
3 442 836 449 
3 956 442 199 
3 442 956 234 
3 956 166 234 
3 386 956 199 
3 166 887 396 
3 887 956 386 
3 956 887 166 
3 860 887 633 
3 887 386 199 
3 633 887 199 
3 62 906 772 
3 906 516 772 
3 860 573 36 
3 635 573 860 
3 85 636 627 
3 636 373 627 
3 666 232 254 
3 232 666 360 
3 232 360 694 
3 488 232 694 
3 232 488 254 
3 562 392 731 
3 12 562 731 
3 562 12 392 
3 347 264 258 
3 264 285 258 
3 285 264 294 
3 264 669 294 
3 264 347 669 
3 442 788 332 
3 788 407 332 
3 407 788 442 
3 59 641 442 
3 641 407 442 
3 407 641 59 
3 117 442 332 
3 836 117 332 
3 117 836 442 
3 887 793 396 
3 373 793 860 
3 793 887 860 
3 906 230 516 
3 28 230 906 
3 28 906 285 
3 28 285 396 
3 364 906 62 
3 906 107 258 
3 107 906 408 
3 285 906 258 
3 906 364 408 
3 197 573 119 
3 857 573 660 
3 573 635 660 
3 573 197 36 
3 485 573 857 
3 573 485 119 
3 636 28 373 
3 28 793 373 
3 516 28 85 
3 28 636 85 
3 793 28 396 
3 230 28 516 
Vertices and facets:
- p107(v29): -0.021 -0.022 1.4e-09
  neighbors: f113 f271 f348 f351 f352 f385 f386 f566 f567
- p408(v24): -0.0054 -0.032 1.4e-09
  neighbors: f113 f186 f567 f569
- p694(v7): -0.006 -0.035 -2.8e-05
  neighbors: f113 f186 f195 f385 f534 f535
- p601(v36): 0.026 -0.066 -0.05
  neighbors: f149 f150 f248 f249 f331 f444 f446
- p938(v35): 0.0024 -0.064 -0.062
  neighbors: f149 f150 f265 f266 f283 f285 f380 f381
- p125(v2): 0.0022 -0.066 -0.049
  neighbors: f149 f266 f268 f331 f332
- p852(v20): 0.026 -0.064 -0.061
  neighbors: f150 f248 f254 f379 f381
- p155(v37): -0.012 -0.021 -0.088
  neighbors: f154 f275 f469 f473
- p738(v21): -0.014 -0.022 -0.086
  neighbors: f154 f265 f283 f290 f473 f474 f481 f482
- p950(v6): -0.011 0.024 -0.089
  neighbors: f154 f158 f230 f231 f275 f278 f290 f291
- p731(v38): -0.019 0.023 -0.076
  neighbors: f158 f288 f289 f291 f295 f296 f400 f480 f537 f538
- p332(v12): -0.0053 0.062 -0.062
  neighbors: f158 f230 f232 f237 f287 f288 f409 f410 f500 f505 f545 f546 f551 f552
- p364(v43): 0.031 -0.018 1.4e-09
  neighbors: f184 f186 f195 f196 f565 f569
- p62(v26): 0.038 -0.012 1.4e-09
  neighbors: f184 f522 f565
- p772(v14): 0.045 -0.02 -0.0016
  neighbors: f184 f196 f335 f452 f453 f522 f523
- p488(v45): 0.013 -0.043 -0.0025
  neighbors: f195 f196 f335 f450 f451 f535 f536
- p806(v54): 0.0039 0.049 -0.08
  neighbors: f230 f231 f232
- p541(v33): 0.025 0.046 -0.095
  neighbors: f231 f232 f237 f241 f278 f279 f370 f371
- p449(v56): 0.026 0.047 -0.094
  neighbors: f237 f360 f369 f370 f417 f505 f507
- p660(v57): 0.031 0.027  -0.1
  neighbors: f241 f366 f371 f457 f573 f574
- p286(v18): 0.0046 0.021 -0.099
  neighbors: f241 f279 f366 f393 f477 f478
- p748(v58): 0.037 -0.064 -0.05
  neighbors: f248 f249 f250 f251 f254 f257 f258 f376 f377
- p158(v15): 0.034 -0.063 -0.039
  neighbors: f249 f251 f337 f339 f444 f445
- p345(v28): 0.037 -0.061 -0.041
  neighbors: f250 f251 f337 f436 f441
- p145(v8):  0.04 -0.06 -0.049
  neighbors: f250 f257 f436 f437
- p208(v59): 0.034 -0.06 -0.061
  neighbors: f254 f377 f379
- p627(v60):  0.05 -0.019 -0.099
  neighbors: f256 f257 f258 f259 f383 f384 f437 f443 f459 f530 f531
- p32(v34): 0.034 -0.043 -0.091
  neighbors: f256 f258 f376 f378
- p97(v11): 0.026 -0.043 -0.097
  neighbors: f256 f259 f285 f378 f380 f392 f471 f472
- p119(v51): 0.028 -0.035  -0.1
  neighbors: f259 f384 f392 f476 f572 f577
- p732(v61): -0.0084 -0.064 -0.047
  neighbors: f265 f266 f268 f270 f271 f386 f402 f467 f468 f482 f483
- p628(v44): 0.0054 -0.064 -0.04
  neighbors: f268 f332 f447 f449 f465 f467
- p100(v49): -0.021 -0.024 -0.048
  neighbors: f270 f350 f355 f398 f402
- p490(v17): -0.021 -0.024 -0.015
  neighbors: f270 f271 f350 f351
- p571(v62): -0.00014 0.021 -0.097
  neighbors: f275 f278 f279 f393 f469 f470
- p413(v64): 0.0037 -0.05 -0.077
  neighbors: f283 f285 f472 f474
- p229(v65): -0.016 0.046 -0.058
  neighbors: f287 f288 f289
- p677(v22): -0.018 0.048 -0.05
  neighbors: f287 f289 f294 f296 f297 f409 f497 f498
- p392(v66): -0.019  0.02 -0.078
  neighbors: f290 f291 f481 f537 f539
- p517(v67): -0.021 0.024 -0.037
  neighbors: f294 f295 f296
- p904(v0): -0.023 0.012 -0.0011
  neighbors: f294 f295 f297 f347 f353 f354 f399 f400 f484 f487
- p7(v68): -0.021 0.023 -0.0042
  neighbors: f297 f305 f412 f484 f485 f497 f499
- p784(v69): -0.0056  0.06 -0.039
  neighbors: f305 f410 f412 f500 f503
- p645(v39): -0.0032 0.047 -0.01
  neighbors: f305 f485 f486 f494 f496 f503 f504
- p988(v74): 0.022 -0.064 -0.04
  neighbors: f331 f332 f339 f445 f446 f447 f448
- p807(v75): 0.028 -0.041 -0.0039
  neighbors: f335 f451 f452
- p512(v76): 0.032 -0.049 -0.0092
  neighbors: f337 f339 f441 f448 f454
- p728(v77): -0.022 -0.0041 -2.8e-05
  neighbors: f347 f348 f352 f353 f490 f491
- p803(v48): -0.022 0.0051 -0.00029
  neighbors: f347 f487 f491
- p258(v16): -0.0036 0.023 1.4e-09
  neighbors: f348 f490 f540 f541 f566 f568
- p567(v78): -0.022 -0.0067 -0.008
  neighbors: f350 f351 f352 f353 f354 f355
- p684(v30): -0.021 -0.019 -0.051
  neighbors: f354 f355 f398 f399
- p633(v80): 0.034 0.045 -0.086
  neighbors: f360 f369 f518 f520
- p199(v23): 0.034 0.053 -0.057
  neighbors: f360 f417 f508 f511 f519 f520
- p857(v81): 0.029 0.023  -0.1
  neighbors: f366 f477 f573 f576
- p860(v82): 0.045 0.018 -0.099
  neighbors: f369 f370 f371 f457 f458 f518 f527 f528 f556 f557
- p174(v83): 0.027 -0.048 -0.093
  neighbors: f376 f377 f378 f379 f380 f381
- p197(v84): 0.039 -0.022  -0.1
  neighbors: f383 f384 f572 f575
- p36(v32):  0.05 -0.0029  -0.1
  neighbors: f383 f458 f459 f527 f575
- p360(v85): -0.004 -0.043 -0.008
  neighbors: f385 f386 f468 f533 f534
- p110(v86): 0.0061 -0.023 -0.099
  neighbors: f392 f393 f470 f471 f476 f478
- p283(v87): -0.021 -0.022 -0.072
  neighbors: f398 f399 f400 f402 f480 f483
- p237(v89): -0.016  0.05 -0.05
  neighbors: f409 f410 f412 f498 f499
- p442(v90): 0.0066 0.064 -0.05
  neighbors: f416 f417 f421 f507 f508 f509 f545 f547 f548 f549 f551 f553
- p234(v70): 0.033 0.052 -0.037
  neighbors: f416 f426 f509 f510
- p942(v5): 0.027 0.047 -0.0065
  neighbors: f416 f421 f426 f427 f428 f429 f492 f495
- p59(v91): 0.012 0.055 -0.02
  neighbors: f421 f495 f496 f504 f548 f550
- p166(v92): 0.038 0.049 -0.04
  neighbors: f426 f427 f510 f513 f516
- p396(v73):  0.05 0.019 -0.0044
  neighbors: f427 f429 f513 f555 f564 f584
- p285(v93): 0.031 0.033 1.4e-09
  neighbors: f428 f429 f541 f542 f563 f564 f568
- p294(v9): 0.024 0.043 -0.0021
  neighbors: f428 f492 f493 f542 f543
- p516(v94):  0.05 -0.015 -0.0018
  neighbors: f436 f437 f441 f443 f453 f454 f523 f560 f582 f585
- p85(v79):  0.05 -0.011 -0.074
  neighbors: f443 f530 f582 f583
- p252(v95): 0.032 -0.064 -0.041
  neighbors: f444 f445 f446
- p175(v96): 0.032 -0.048 -0.0071
  neighbors: f447 f448 f449 f450 f451 f452 f453 f454
- p254(v27): 0.015 -0.046 -0.0049
  neighbors: f449 f450 f465 f532 f536
- p635(v97): 0.036 0.021  -0.1
  neighbors: f457 f528 f574
- p373(v98):  0.05 0.0063 -0.099
  neighbors: f458 f459 f531 f556 f580 f581
- p666(v99): -0.00091 -0.05 -0.017
  neighbors: f465 f467 f468 f532 f533
- p792(v100): -0.0053 -0.024 -0.093
  neighbors: f469 f470 f471 f472 f473 f474
- p485(v101): 0.018 -0.023  -0.1
  neighbors: f476 f477 f478 f576 f577
- p12(v102): -0.019 -0.023 -0.075
  neighbors: f480 f481 f482 f483 f538 f539
- p347(v103): -0.021  0.02 -0.00061
  neighbors: f484 f485 f486 f487 f490 f491 f540 f544
- p669(v88): -0.0044 0.041 -0.0034
  neighbors: f486 f493 f494 f543 f544
- p176(v104): 0.011 0.045 -0.0038
  neighbors: f492 f493 f494 f495 f496
- p393(v105): -0.018 0.047 -0.048
  neighbors: f497 f498 f499
- p407(v106): -0.0028 0.062 -0.039
  neighbors: f500 f503 f504 f546 f547 f549 f550
- p836(v107): -0.00031 0.062 -0.061
  neighbors: f505 f507 f552 f553
- p956(v108): 0.035 0.053 -0.048
  neighbors: f508 f509 f510 f511 f515 f516
- p386(v41): 0.037  0.05 -0.05
  neighbors: f511 f515 f519
- p887(v109): 0.041 0.045 -0.047
  neighbors: f513 f515 f516 f518 f519 f520 f555 f557
- p906(v110): 0.047 0.00055 1.4e-09
  neighbors: f522 f523 f560 f562 f563 f565 f566 f567 f568 f569
- p573(v111): 0.048 0.0027  -0.1
  neighbors: f527 f528 f572 f573 f574 f575 f576 f577
- p636(v112):  0.05 0.0035 -0.099
  neighbors: f530 f531 f580 f583
- p232(v113): 0.011 -0.045 -0.005
  neighbors: f532 f533 f534 f535 f536
- p562(v114): -0.019 0.021 -0.077
  neighbors: f537 f538 f539
- p264(v115): -0.0069 0.034 -0.0018
  neighbors: f540 f541 f542 f543 f544
- p788(v116): -0.0027 0.062 -0.041
  neighbors: f545 f546 f547
- p641(v117): 0.0003 0.062 -0.039
  neighbors: f548 f549 f550
- p117(v118): -7.5e-05 0.062 -0.058
  neighbors: f551 f552 f553
- p793(v119):  0.05 0.011 -0.091
  neighbors: f555 f556 f557 f581 f584
- p230(v120):  0.05 -9.3e-05 -0.0024
  neighbors: f560 f562 f585
- p28(v121):  0.05 0.019 -0.0041
  neighbors: f562 f563 f564 f580 f581 f582 f583 f584 f585
- f113
    - flags: top simplicial tested seen
    - normal:  -0.004301 -0.007066        1
    - offset: -0.0002478312
    - center: -0.01083110333333333 -0.02982373333333333 -9.47957445333337e-06 
    - vertices: p107(v29) p408(v24) p694(v7)
    - neighboring facets: f186 f385 f567
    - ridges:
- f149
    - flags: top simplicial
    - normal:  -0.008123  -0.9851  -0.1717
    - offset: -0.07344096
    - vertices: p601(v36) p938(v35) p125(v2)
    - neighboring facets: f266 f331 f150
- f150
    - flags: bottom simplicial
    - normal:  -0.003797  -0.9837    -0.18
    - offset: -0.07387735
    - vertices: p601(v36) p938(v35) p852(v20)
    - neighboring facets: f381 f248 f149
- f154
    - flags: bottom simplicial
    - normal:   -0.7773  0.02038  -0.6289
    - offset: -0.06457402
    - vertices: p155(v37) p738(v21) p950(v6)
    - neighboring facets: f290 f275 f473
- f158
    - flags: bottom simplicial
    - normal:   -0.7394   0.4544  -0.4968
    - offset: -0.06277328
    - vertices: p731(v38) p332(v12) p950(v6)
    - neighboring facets: f230 f291 f288
- f184
    - flags: top simplicial tested seen
    - normal:   0.09355  -0.1107   0.9894
    - offset: -0.004884252
    - center: 0.03803543333333333 -0.01682873333333333 -0.0005423057411199993 
    - vertices: p364(v43) p62(v26) p772(v14)
    - neighboring facets: f522 f196 f565
    - ridges:
- f186
    - flags: bottom simplicial tested seen
    - normal:  0.003188 -0.008325        1
    - offset: -0.0002476956
    - center: 0.00658173 -0.02837086666666667 -9.479574453333347e-06 
    - vertices: p364(v43) p408(v24) p694(v7)
    - neighboring facets: f113 f195 f569
    - ridges:
- f195
    - flags: bottom simplicial
    - normal:   0.06956   -0.148   0.9865
    - offset: -0.004804679
    - vertices: p488(v45) p364(v43) p694(v7)
    - neighboring facets: f186 f535 f196
- f196
    - flags: top simplicial
    - normal:    0.0842  -0.1584   0.9838
    - offset: -0.0054447
    - vertices: p488(v45) p364(v43) p772(v14)
    - neighboring facets: f184 f335 f195
- f230
    - flags: top simplicial
    - normal:    -0.534   0.5348  -0.6548
    - offset: -0.07643916
    - vertices: p806(v54) p332(v12) p950(v6)
    - neighboring facets: f158 f231 f232
- f231
    - flags: bottom simplicial
    - normal:   -0.4471     0.51  -0.7349
    - offset: -0.0819886
    - vertices: p806(v54) p541(v33) p950(v6)
    - neighboring facets: f278 f230 f232
- f232
    - flags: top simplicial
    - normal:   -0.3732   0.6522  -0.6598
    - offset: -0.08316063
    - vertices: p806(v54) p541(v33) p332(v12)
    - neighboring facets: f237 f230 f231
- f237
    - flags: bottom simplicial
    - normal:   -0.3254   0.6973  -0.6387
    - offset: -0.08439103
    - center: 0.01513273333333334 0.0514664 -0.08365473333333334 
    - vertices: p449(v56) p541(v33) p332(v12)
    - neighboring facets: f232 f505 f370
- f241
    - flags: top simplicial
    - normal:    -0.104   0.2227  -0.9693
    - offset: -0.09973122
    - center: 0.0202619 0.0311607 -0.09790216666666668 
    - vertices: p660(v57) p541(v33) p286(v18)
    - neighboring facets: f279 f366 f371
- f248
    - flags: bottom simplicial
    - normal:     0.174  -0.9667  -0.1877
    - offset: -0.07782923
    - vertices: p748(v58) p601(v36) p852(v20)
    - neighboring facets: f150 f254 f249
- f249
    - flags: top simplicial
    - normal:    0.1766  -0.9789   0.1027
    - offset: -0.0640737
    - vertices: p748(v58) p601(v36) p158(v15)
    - neighboring facets: f444 f251 f248
- f250
    - flags: top simplicial
    - normal:    0.8098  -0.5611   0.1717
    - offset: -0.05749997
    - center: 0.03822726666666667 -0.06173363333333334 -0.04711353333333334 
    - vertices: p748(v58) p345(v28) p145(v8)
    - neighboring facets: f436 f257 f251
- f251
    - flags: bottom simplicial
    - normal:    0.6207  -0.7489   0.2319
    - offset: -0.05942977
    - vertices: p748(v58) p345(v28) p158(v15)
    - neighboring facets: f337 f249 f250
- f254
    - flags: bottom simplicial
    - normal:    0.3802   -0.829  -0.4101
    - offset: -0.08792708
    - vertices: p208(v59) p748(v58) p852(v20)
    - neighboring facets: f248 f379 f377
- f256
    - flags: bottom simplicial
    - normal:    0.5244  -0.5547   -0.646
    - offset: -0.1006053
    - vertices: p627(v60) p32(v34) p97(v11)
    - neighboring facets: f378 f259 f258
- f257
    - flags: top simplicial
    - normal:     0.842  -0.4853  -0.2357
    - offset: -0.07438985
    - center: 0.04235873333333333 -0.04755306666666666 -0.06637793333333333 
    - vertices: p627(v60) p748(v58) p145(v8)
    - neighboring facets: f250 f437 f258
- f258
    - flags: bottom simplicial
    - normal:    0.7296   -0.584  -0.3559
    - offset: -0.08256237
    - vertices: p627(v60) p748(v58) p32(v34)
    - neighboring facets: f376 f256 f257
- f259
    - flags: top simplicial
    - normal:    0.2796  -0.3381  -0.8986
    - offset: -0.1094557
    - center: 0.03463066666666667 -0.03224663333333334 -0.09889673333333335 
    - vertices: p627(v60) p119(v51) p97(v11)
    - neighboring facets: f392 f256 f384
- f265
    - flags: top simplicial
    - normal:   -0.6805  -0.5468  -0.4879
    - offset: -0.06363649
    - vertices: p732(v61) p938(v35) p738(v21)
    - neighboring facets: f283 f482 f266
- f266
    - flags: bottom simplicial
    - normal:   -0.2159  -0.9614  -0.1707
    - offset: -0.07136418
    - vertices: p732(v61) p938(v35) p125(v2)
    - neighboring facets: f149 f268 f265
- f268
    - flags: top simplicial
    - normal:   -0.1305  -0.9598   0.2485
    - offset: -0.05083923
    - vertices: p732(v61) p628(v44) p125(v2)
    - neighboring facets: f332 f266 f467
- f270
    - flags: top simplicial
    - normal:   -0.9534  -0.3016 -0.001723
    - offset: -0.02738133
    - vertices: p732(v61) p100(v49) p490(v17)
    - neighboring facets: f350 f271 f402
- f271
    - flags: bottom simplicial
    - normal:   -0.9441  -0.3277  0.03528
    - offset: -0.02723819
    - vertices: p732(v61) p107(v29) p490(v17)
    - neighboring facets: f351 f270 f386
- f275
    - flags: bottom simplicial
    - normal:   -0.6222  0.01376  -0.7828
    - offset: -0.07635392
    - center: -0.007785556 0.007756433333333334 -0.09122006666666667 
    - vertices: p571(v62) p155(v37) p950(v6)
    - neighboring facets: f154 f278 f469
- f278
    - flags: top simplicial
    - normal:   -0.4445   0.5042  -0.7404
    - offset: -0.08231359
    - vertices: p571(v62) p541(v33) p950(v6)
    - neighboring facets: f231 f275 f279
- f279
    - flags: bottom simplicial
    - normal:   -0.3002   0.3705   -0.879
    - offset: -0.09299011
    - center: 0.009755844000000001 0.02894996666666666 -0.09692503333333334 
    - vertices: p571(v62) p541(v33) p286(v18)
    - neighboring facets: f241 f393 f278
- f283
    - flags: bottom simplicial
    - normal:   -0.5952  -0.5613  -0.5751
    - offset: -0.07021386
    - vertices: p413(v64) p938(v35) p738(v21)
    - neighboring facets: f265 f474 f285
- f285
    - flags: top simplicial
    - normal:   -0.3923  -0.6558   -0.645
    - offset: -0.08108582
    - vertices: p413(v64) p938(v35) p97(v11)
    - neighboring facets: f380 f472 f283
- f287
    - flags: bottom simplicial
    - normal:   -0.8193   0.4997  -0.2812
    - offset: -0.05266209
    - vertices: p229(v65) p677(v22) p332(v12)
    - neighboring facets: f409 f288 f289
- f288
    - flags: top simplicial
    - normal:   -0.7906   0.4446   -0.421
    - offset: -0.05775095
    - vertices: p229(v65) p731(v38) p332(v12)
    - neighboring facets: f158 f287 f289
- f289
    - flags: bottom simplicial
    - normal:   -0.9081   0.3299   -0.258
    - offset: -0.04488935
    - vertices: p229(v65) p731(v38) p677(v22)
    - neighboring facets: f296 f287 f288
- f290
    - flags: top simplicial
    - normal:   -0.8074  0.02507  -0.5895
    - offset: -0.06152524
    - vertices: p392(v66) p738(v21) p950(v6)
    - neighboring facets: f154 f291 f481
- f291
    - flags: bottom simplicial
    - normal:   -0.8186   0.1405  -0.5569
    - offset: -0.06150279
    - vertices: p392(v66) p731(v38) p950(v6)
    - neighboring facets: f158 f290 f537
- f294
    - flags: top simplicial
    - normal:   -0.9911   0.1325 -0.01272
    - offset: -0.02448484
    - vertices: p517(v67) p677(v22) p904(v0)
    - neighboring facets: f297 f295 f296
- f295
    - flags: bottom simplicial
    - normal:   -0.9986  0.02543 -0.04651
    - offset: -0.02335953
    - vertices: p517(v67) p731(v38) p904(v0)
    - neighboring facets: f400 f294 f296
- f296
    - flags: top simplicial
    - normal:   -0.9924   0.1141 -0.04675
    - offset: -0.02534144
    - vertices: p517(v67) p731(v38) p677(v22)
    - neighboring facets: f289 f294 f295
- f297
    - flags: bottom simplicial
    - normal:   -0.9855   0.1692  0.01438
    - offset: -0.02478345
    - vertices: p7(v68) p677(v22) p904(v0)
    - neighboring facets: f294 f484 f497
- f305
    - flags: bottom simplicial
    - normal:   -0.7174   0.6173    0.323
    - offset: -0.02813014
    - vertices: p784(v69) p7(v68) p645(v39)
    - neighboring facets: f485 f503 f412
- f331
    - flags: top simplicial
    - normal:  0.009887  -0.9829   0.1838
    - offset: -0.05585704
    - vertices: p988(v74) p601(v36) p125(v2)
    - neighboring facets: f149 f332 f446
- f332
    - flags: bottom simplicial
    - normal:  -0.003212  -0.9778   0.2097
    - offset: -0.0542147
    - vertices: p988(v74) p628(v44) p125(v2)
    - neighboring facets: f268 f331 f447
- f335
    - flags: top simplicial
    - normal:     0.117  -0.2048   0.9718
    - offset: -0.007896572
    - vertices: p807(v75) p488(v45) p772(v14)
    - neighboring facets: f196 f452 f451
- f337
    - flags: top simplicial
    - normal:    0.6599  -0.6601    0.359
    - offset: -0.05018361
    - center: 0.03446519999999999 -0.05778649999999999 -0.0298138 
    - vertices: p512(v76) p345(v28) p158(v15)
    - neighboring facets: f251 f339 f441
- f339
    - flags: bottom simplicial
    - normal:   0.01399   -0.895   0.4458
    - offset: -0.03996751
    - vertices: p512(v76) p988(v74) p158(v15)
    - neighboring facets: f445 f337 f448
- f347
    - flags: bottom simplicial tested
    - normal:    -0.483  0.03204    0.875
    - offset: -0.01056821
    - center: -0.022432 0.004497436666666666 -0.0004704327333333315 
    - vertices: p728(v77) p803(v48) p904(v0)
    - neighboring facets: f487 f353 f491
- f348
    - flags: bottom simplicial tested seen
    - normal:  -0.003382 0.001324        1
    - offset: -4.211038e-05
    - center: -0.01565585333333333 -0.00124626 -9.18480778666666e-06 
    - vertices: p728(v77) p107(v29) p258(v16)
    - neighboring facets: f566 f490 f352
    - ridges:
- f350
    - flags: bottom simplicial
    - normal:   -0.9974 -0.07229 -0.003285
    - offset: -0.02294471
    - vertices: p567(v78) p100(v49) p490(v17)
    - neighboring facets: f270 f351 f355
- f351
    - flags: top simplicial
    - normal:   -0.9967 -0.07958    0.014
    - offset: -0.0228406
    - vertices: p567(v78) p107(v29) p490(v17)
    - neighboring facets: f271 f350 f352
- f352
    - flags: top simplicial
    - normal:   -0.9968   -0.058  0.05585
    - offset:  -0.022362
    - vertices: p567(v78) p728(v77) p107(v29)
    - neighboring facets: f348 f351 f353
- f353
    - flags: bottom simplicial
    - normal:   -0.9976 -0.04641  0.05208
    - offset: -0.02233276
    - vertices: p567(v78) p728(v77) p904(v0)
    - neighboring facets: f347 f354 f352
- f354
    - flags: top simplicial
    - normal:   -0.9995 -0.01928 -0.02327
    - offset: -0.02279862
    - vertices: p567(v78) p684(v30) p904(v0)
    - neighboring facets: f399 f353 f355
- f355
    - flags: top simplicial
    - normal:   -0.9992 -0.03672 -0.01843
    - offset: -0.02286781
    - vertices: p567(v78) p100(v49) p684(v30)
    - neighboring facets: f398 f354 f350
- f360
    - flags: bottom simplicial
    - normal:    0.4379   0.8688  -0.2312
    - offset: -0.07386622
    - center: 0.03124266666666668 0.04825860000000001 -0.07898033333333333 
    - vertices: p633(v80) p449(v56) p199(v23)
    - neighboring facets: f417 f520 f369
- f366
    - flags: top simplicial tested seen
    - normal:  -0.06162  0.04134  -0.9972
    - offset: -0.09891647
    - center: 0.0215285 0.02370556666666667 -0.09953733333333334 
    - vertices: p857(v81) p660(v57) p286(v18)
    - neighboring facets: f241 f477 f573
    - ridges:
- f369
    - flags: top simplicial tested
    - normal:    0.6401   0.5438  -0.5428
    - offset: -0.09312016
    - center: 0.03517893333333334 0.03675400000000001 -0.09325183333333334 
    - vertices: p860(v82) p633(v80) p449(v56)
    - neighboring facets: f360 f370 f518
- f370
    - flags: top simplicial tested
    - normal:    0.3417   0.3975  -0.8516
    - offset: -0.1075692
    - center: 0.03204496666666667 0.03699513333333333 -0.09618706666666665 
    - vertices: p860(v82) p449(v56) p541(v33)
    - neighboring facets: f237 f371 f369
- f371
    - flags: bottom simplicial tested
    - normal:    0.2407   0.3304  -0.9126
    - offset: -0.1078082
    - center: 0.0338874 0.03040923333333333 -0.09818233333333334 
    - vertices: p860(v82) p660(v57) p541(v33)
    - neighboring facets: f241 f370 f457
- f376
    - flags: top simplicial
    - normal:    0.5543  -0.7224  -0.4134
    - offset: -0.08777249
    - vertices: p174(v83) p748(v58) p32(v34)
    - neighboring facets: f258 f378 f377
- f377
    - flags: top simplicial
    - normal:     0.388  -0.8248  -0.4112
    - offset: -0.0880064
    - vertices: p174(v83) p208(v59) p748(v58)
    - neighboring facets: f254 f376 f379
- f378
    - flags: top simplicial
    - normal:    0.5159  -0.5749  -0.6351
    - offset: -0.1001963
    - vertices: p174(v83) p32(v34) p97(v11)
    - neighboring facets: f256 f380 f376
- f379
    - flags: bottom simplicial
    - normal:    0.3801  -0.8286   -0.411
    - offset: -0.08795165
    - vertices: p174(v83) p208(v59) p852(v20)
    - neighboring facets: f254 f381 f377
- f380
    - flags: bottom simplicial
    - normal:   -0.2991  -0.7239  -0.6218
    - offset: -0.08419583
    - vertices: p174(v83) p938(v35) p97(v11)
    - neighboring facets: f285 f378 f381
- f381
    - flags: top simplicial
    - normal:   0.01187  -0.8897  -0.4564
    - offset: -0.08518436
    - vertices: p174(v83) p938(v35) p852(v20)
    - neighboring facets: f150 f379 f380
- f383
    - flags: top simplicial tested seen
    - normal:   0.07514 -0.04535  -0.9961
    - offset: -0.1034938
    - center: 0.04607653333333334 -0.01441428333333333 -0.09976296666666667 
    - vertices: p197(v84) p627(v60) p36(v32)
    - neighboring facets: f459 f575 f384
    - ridges:
- f384
    - flags: bottom simplicial tested seen
    - normal:   0.08019 -0.06429  -0.9947
    - offset: -0.1039562
    - center: 0.03881383333333333 -0.02502739999999999 -0.09976296666666667 
    - vertices: p197(v84) p627(v60) p119(v51)
    - neighboring facets: f259 f572 f383
    - ridges:
- f385
    - flags: top simplicial
    - normal:    -0.586  -0.6712   0.4541
    - offset: -0.02729187
    - vertices: p360(v85) p107(v29) p694(v7)
    - neighboring facets: f113 f534 f386
- f386
    - flags: top simplicial
    - normal:   -0.5966  -0.6733   0.4368
    - offset: -0.02756295
    - vertices: p360(v85) p732(v61) p107(v29)
    - neighboring facets: f271 f385 f468
- f392
    - flags: bottom simplicial tested
    - normal:   -0.1732  -0.2427  -0.9545
    - offset: -0.0990017
    - center: 0.02006414333333334 -0.03356313333333334 -0.09882646666666667 
    - vertices: p110(v86) p119(v51) p97(v11)
    - neighboring facets: f259 f471 f476
- f393
    - flags: bottom simplicial tested
    - normal:   -0.3116 -0.000826  -0.9502
    - offset: -0.09226521
    - center: 0.003506387333333342 0.006239833333333334 -0.09825289999999999 
    - vertices: p110(v86) p571(v62) p286(v18)
    - neighboring facets: f279 f478 f470
- f398
    - flags: bottom simplicial
    - normal:   -0.9988 -0.04182 -0.02627
    - offset:  -0.023359
    - vertices: p283(v87) p100(v49) p684(v30)
    - neighboring facets: f355 f399 f402
- f399
    - flags: bottom simplicial
    - normal:   -0.9995 -0.006127 -0.03143
    - offset: -0.02297023
    - vertices: p283(v87) p684(v30) p904(v0)
    - neighboring facets: f354 f400 f398
- f400
    - flags: top simplicial
    - normal:   -0.9986  0.02521 -0.04655
    - offset: -0.02335693
    - vertices: p283(v87) p731(v38) p904(v0)
    - neighboring facets: f295 f399 f480
- f402
    - flags: bottom simplicial
    - normal:   -0.9519  -0.3025 -0.04841
    - offset: -0.02962006
    - vertices: p283(v87) p732(v61) p100(v49)
    - neighboring facets: f270 f398 f483
- f409
    - flags: top simplicial
    - normal:   -0.7863   0.6069  -0.1157
    - offset: -0.04889136
    - vertices: p237(v89) p677(v22) p332(v12)
    - neighboring facets: f287 f410 f498
- f410
    - flags: bottom simplicial
    - normal:   -0.7003   0.7111  0.06345
    - offset: -0.04379905
    - vertices: p237(v89) p784(v69) p332(v12)
    - neighboring facets: f500 f409 f412
- f412
    - flags: top simplicial
    - normal:   -0.7732   0.5791   0.2584
    - offset: -0.02870665
    - vertices: p237(v89) p784(v69) p7(v68)
    - neighboring facets: f305 f499 f410
- f416
    - flags: top simplicial
    - normal:    0.3173   0.9281   0.1949
    - offset: -0.05123628
    - vertices: p442(v90) p234(v70) p942(v5)
    - neighboring facets: f426 f421 f509
- f417
    - flags: top simplicial
    - normal:    0.3112   0.9259   -0.214
    - offset: -0.07166224
    - vertices: p442(v90) p449(v56) p199(v23)
    - neighboring facets: f360 f508 f507
- f421
    - flags: top simplicial
    - normal:    0.2727   0.9369   0.2188
    - offset: -0.05029687
    - vertices: p59(v91) p442(v90) p942(v5)
    - neighboring facets: f416 f495 f548
- f426
    - flags: bottom simplicial
    - normal:    0.5929   0.7735    0.224
    - offset: -0.05115444
    - vertices: p166(v92) p234(v70) p942(v5)
    - neighboring facets: f416 f427 f510
- f427
    - flags: top simplicial
    - normal:    0.7311   0.6295   0.2631
    - offset: -0.04780496
    - center: 0.0383618 0.0384983 -0.01701730333333333 
    - vertices: p166(v92) p396(v73) p942(v5)
    - neighboring facets: f429 f426 f513
- f428
    - flags: top simplicial tested
    - normal:    0.3743   0.4732   0.7975
    - offset: -0.02730569
    - center: 0.02719163333333334 0.041019 -0.002863762870560001 
    - vertices: p285(v93) p294(v9) p942(v5)
    - neighboring facets: f492 f429 f542
- f429
    - flags: bottom simplicial tested
    - normal:    0.5042   0.4755   0.7208
    - offset: -0.03141615
    - center: 0.03608246666666667 0.03330413333333333 -0.003628169537226667 
    - vertices: p285(v93) p396(v73) p942(v5)
    - neighboring facets: f427 f428 f564
- f436
    - flags: bottom simplicial tested
    - normal:     0.877  -0.4309   0.2127
    - offset: -0.05034987
    - center: 0.04252623333333334 -0.04555973333333333 -0.03092279000000001 
    - vertices: p516(v94) p345(v28) p145(v8)
    - neighboring facets: f250 f437 f441
- f437
    - flags: top simplicial tested
    - normal:    0.9734   -0.229 0.002971
    - offset: -0.05245339
    - center: 0.04665770000000001 -0.03137916666666667 -0.05018719 
    - vertices: p516(v94) p627(v60) p145(v8)
    - neighboring facets: f257 f436 f443
- f441
    - flags: bottom simplicial tested
    - normal:    0.8019  -0.5038    0.321
    - offset: -0.04750949
    - center: 0.03998713333333333 -0.041798 -0.01749479 
    - vertices: p516(v94) p512(v76) p345(v28)
    - neighboring facets: f337 f436 f454
- f443
    - flags: top simplicial tested seen
    - normal:     0.999 -0.04557 -0.003132
    - offset: -0.05090862
    - center: 0.05009976666666667 -0.0148803 -0.05843929 
    - vertices: p516(v94) p85(v79) p627(v60)
    - neighboring facets: f530 f437 f582
    - ridges:
- f444
    - flags: bottom simplicial
    - normal:   0.08557  -0.9832   0.1613
    - offset: -0.05900601
    - vertices: p252(v95) p601(v36) p158(v15)
    - neighboring facets: f249 f445 f446
- f445
    - flags: top simplicial
    - normal:   0.03323  -0.9774   0.2086
    - offset: -0.05504393
    - vertices: p252(v95) p988(v74) p158(v15)
    - neighboring facets: f339 f444 f446
- f446
    - flags: bottom simplicial
    - normal:   0.03054   -0.981   0.1917
    - offset: -0.0558797
    - vertices: p252(v95) p988(v74) p601(v36)
    - neighboring facets: f331 f444 f445
- f447
    - flags: top simplicial
    - normal:  -0.006908  -0.8924   0.4511
    - offset: -0.03913141
    - vertices: p175(v96) p988(v74) p628(v44)
    - neighboring facets: f332 f449 f448
- f448
    - flags: top simplicial
    - normal:  0.004451  -0.8938   0.4484
    - offset: -0.03957646
    - vertices: p175(v96) p512(v76) p988(v74)
    - neighboring facets: f339 f447 f454
- f449
    - flags: top simplicial
    - normal:  -0.02578  -0.8859   0.4631
    - offset: -0.03813806
    - vertices: p175(v96) p628(v44) p254(v27)
    - neighboring facets: f465 f450 f447
- f450
    - flags: bottom simplicial
    - normal:   0.04214  -0.6247   0.7797
    - offset: -0.02559251
    - vertices: p175(v96) p488(v45) p254(v27)
    - neighboring facets: f536 f449 f451
- f451
    - flags: bottom simplicial
    - normal:    0.1385  -0.3581   0.9233
    - offset: -0.01492204
    - vertices: p175(v96) p807(v75) p488(v45)
    - neighboring facets: f335 f450 f452
- f452
    - flags: top simplicial
    - normal:    0.2463  -0.3066   0.9194
    - offset: -0.01591231
    - vertices: p175(v96) p807(v75) p772(v14)
    - neighboring facets: f335 f453 f451
- f453
    - flags: bottom simplicial
    - normal:    0.3941  -0.3647   0.8436
    - offset: -0.02391219
    - center: 0.04240839999999999 -0.0278604 -0.003513110000000002 
    - vertices: p175(v96) p516(v94) p772(v14)
    - neighboring facets: f523 f452 f454
- f454
    - flags: top simplicial
    - normal:    0.7372  -0.4987   0.4559
    - offset: -0.0439322
    - vertices: p175(v96) p516(v94) p512(v76)
    - neighboring facets: f441 f448 f453
- f457
    - flags: top simplicial tested seen
    - normal:   0.08003  0.06654  -0.9946
    - offset: -0.1037791
    - center: 0.0377692 0.0222563 -0.0998175 
    - vertices: p635(v97) p860(v82) p660(v57)
    - neighboring facets: f371 f574 f528
    - ridges:
- f458
    - flags: top simplicial tested
    - normal:    0.2566  0.07844  -0.9633
    - offset: -0.1089153
    - center: 0.04853296666666666 0.00729319333333333 -0.09953996666666666 
    - vertices: p373(v98) p860(v82) p36(v32)
    - neighboring facets: f527 f459 f556
- f459
    - flags: bottom simplicial tested
    - normal:    0.9758 -0.01659  -0.2179
    - offset: -0.07053775
    - center: 0.04998616666666667 -0.005088606666666667 -0.09948543333333333 
    - vertices: p373(v98) p627(v60) p36(v32)
    - neighboring facets: f383 f458 f531
- f465
    - flags: bottom simplicial
    - normal:   -0.1381  -0.8647    0.483
    - offset: -0.03538373
    - vertices: p666(v99) p628(v44) p254(v27)
    - neighboring facets: f449 f532 f467
- f467
    - flags: bottom simplicial
    - normal:   -0.2379  -0.8593   0.4529
    - offset: -0.03570144
    - vertices: p666(v99) p732(v61) p628(v44)
    - neighboring facets: f268 f465 f468
- f468
    - flags: bottom simplicial
    - normal:   -0.4981  -0.7352   0.4597
    - offset: -0.02962189
    - vertices: p666(v99) p360(v85) p732(v61)
    - neighboring facets: f386 f467 f533
- f469
    - flags: top simplicial
    - normal:    -0.599 0.003087  -0.8007
    - offset: -0.07787562
    - vertices: p792(v100) p571(v62) p155(v37)
    - neighboring facets: f275 f473 f470
- f470
    - flags: top simplicial
    - normal:   -0.4449 -0.02265  -0.8953
    - offset: -0.08650271
    - vertices: p792(v100) p110(v86) p571(v62)
    - neighboring facets: f393 f469 f471
- f471
    - flags: bottom simplicial
    - normal:   -0.3715  -0.4221  -0.8269
    - offset: -0.08920651
    - vertices: p792(v100) p110(v86) p97(v11)
    - neighboring facets: f392 f472 f470
- f472
    - flags: top simplicial
    - normal:   -0.4499  -0.5763  -0.6823
    - offset: -0.07977111
    - vertices: p792(v100) p413(v64) p97(v11)
    - neighboring facets: f285 f471 f474
- f473
    - flags: top simplicial
    - normal:   -0.6432   -0.349  -0.6815
    - offset: -0.07533067
    - vertices: p792(v100) p155(v37) p738(v21)
    - neighboring facets: f154 f474 f469
- f474
    - flags: bottom simplicial
    - normal:   -0.5931  -0.5608  -0.5777
    - offset: -0.07039802
    - vertices: p792(v100) p413(v64) p738(v21)
    - neighboring facets: f283 f473 f472
- f476
    - flags: top simplicial tested seen
    - normal:  -0.08073 -0.07125  -0.9942
    - offset: -0.09962042
    - center: 0.01728187666666667 -0.02670356666666667 -0.09969270000000001 
    - vertices: p485(v101) p110(v86) p119(v51)
    - neighboring facets: f392 f577 f478
    - ridges:
- f477
    - flags: top simplicial tested seen
    - normal:  -0.05894  0.01414  -0.9982
    - offset: -0.09845492
    - center: 0.0169453 0.007030933333333334 -0.09953733333333334 
    - vertices: p485(v101) p857(v81) p286(v18)
    - neighboring facets: f366 f478 f576
    - ridges:
- f478
    - flags: bottom simplicial tested
    - normal:   -0.0796 0.007896  -0.9968
    - offset: -0.09809654
    - center: 0.009429243333333332 -0.008224066666666667 -0.09923003333333336 
    - vertices: p485(v101) p110(v86) p286(v18)
    - neighboring facets: f393 f477 f476
- f480
    - flags: bottom simplicial
    - normal:   -0.9597 0.0001621  -0.2809
    - offset: -0.03988779
    - vertices: p12(v102) p283(v87) p731(v38)
    - neighboring facets: f400 f538 f483
- f481
    - flags: bottom simplicial
    - normal:   -0.8926 -0.00986  -0.4507
    - offset: -0.05162828
    - vertices: p12(v102) p392(v66) p738(v21)
    - neighboring facets: f290 f482 f539
- f482
    - flags: top simplicial
    - normal:   -0.7572  -0.4977   -0.423
    - offset: -0.05808902
    - vertices: p12(v102) p732(v61) p738(v21)
    - neighboring facets: f265 f481 f483
- f483
    - flags: top simplicial
    - normal:   -0.9231  -0.3537  -0.1508
    - offset:  -0.037472
    - vertices: p12(v102) p283(v87) p732(v61)
    - neighboring facets: f402 f482 f480
- f484
    - flags: bottom simplicial
    - normal:   -0.9659   0.2072   0.1554
    - offset: -0.02465277
    - vertices: p347(v103) p7(v68) p904(v0)
    - neighboring facets: f297 f487 f485
- f485
    - flags: top simplicial
    - normal:   -0.6561   0.6037   0.4528
    - offset: -0.02597127
    - vertices: p347(v103) p7(v68) p645(v39)
    - neighboring facets: f305 f486 f484
- f486
    - flags: bottom simplicial
    - normal:   -0.6539   0.6035   0.4563
    - offset: -0.02591717
    - center: -0.009632750000000004 0.03608663333333333 -0.004734707999999998 
    - vertices: p347(v103) p669(v88) p645(v39)
    - neighboring facets: f494 f485 f544
- f487
    - flags: top simplicial
    - normal:    -0.431  0.04161   0.9014
    - offset: -0.009460523
    - vertices: p347(v103) p803(v48) p904(v0)
    - neighboring facets: f347 f484 f491
- f490
    - flags: bottom simplicial
    - normal:  -0.03743  0.02507    0.999
    - offset: -0.0007011131
    - center: -0.01569162 0.01294790666666667 -0.0002111666038933333 
    - vertices: p347(v103) p728(v77) p258(v16)
    - neighboring facets: f348 f540 f491
- f491
    - flags: top simplicial
    - normal:   -0.2106  0.03127   0.9771
    - offset: -0.004519564
    - vertices: p347(v103) p728(v77) p803(v48)
    - neighboring facets: f347 f487 f490
- f492
    - flags: bottom simplicial
    - normal:    0.0215   0.6697   0.7423
    - offset: -0.02746385
    - vertices: p176(v104) p294(v9) p942(v5)
    - neighboring facets: f428 f495 f493
- f493
    - flags: bottom simplicial
    - normal:  -0.06657   0.3409   0.9377
    - offset: -0.01098786
    - center: 0.01019198333333333 0.0427062 -0.00308319 
    - vertices: p176(v104) p669(v88) p294(v9)
    - neighboring facets: f543 f492 f494
- f494
    - flags: top simplicial
    - normal:   -0.1732   0.7322   0.6587
    - offset: -0.02835903
    - vertices: p176(v104) p669(v88) p645(v39)
    - neighboring facets: f486 f496 f493
- f495
    - flags: top simplicial
    - normal:  -0.04746    0.852   0.5214
    - offset: -0.03567415
    - vertices: p176(v104) p59(v91) p942(v5)
    - neighboring facets: f421 f492 f496
- f496
    - flags: bottom simplicial
    - normal:  -0.09336   0.8497   0.5189
    - offset: -0.03506052
    - vertices: p176(v104) p59(v91) p645(v39)
    - neighboring facets: f504 f494 f495
- f497
    - flags: top simplicial
    - normal:   -0.8519   0.4856   0.1961
    - offset: -0.02848297
    - vertices: p393(v105) p7(v68) p677(v22)
    - neighboring facets: f297 f498 f499
- f498
    - flags: bottom simplicial
    - normal:   -0.8354   0.5107   0.2033
    - offset: -0.02903406
    - vertices: p393(v105) p237(v89) p677(v22)
    - neighboring facets: f409 f497 f499
- f499
    - flags: top simplicial
    - normal:   -0.8297   0.5154   0.2145
    - offset: -0.02862084
    - vertices: p393(v105) p237(v89) p7(v68)
    - neighboring facets: f412 f497 f498
- f500
    - flags: top simplicial
    - normal:    -0.611   0.7883  0.07291
    - offset: -0.04751967
    - vertices: p407(v106) p784(v69) p332(v12)
    - neighboring facets: f410 f546 f503
- f503
    - flags: bottom simplicial
    - normal:   -0.6016   0.7154   0.3553
    - offset: -0.03205044
    - vertices: p407(v106) p784(v69) p645(v39)
    - neighboring facets: f305 f504 f500
- f504
    - flags: top simplicial
    - normal:   -0.1586   0.8807   0.4463
    - offset: -0.03747365
    - vertices: p407(v106) p59(v91) p645(v39)
    - neighboring facets: f496 f503 f550
- f505
    - flags: bottom simplicial
    - normal:   0.03752   0.9198  -0.3905
    - offset: -0.08089349
    - vertices: p836(v107) p449(v56) p332(v12)
    - neighboring facets: f237 f552 f507
- f507
    - flags: bottom simplicial
    - normal:    0.2037   0.9418  -0.2674
    - offset: -0.07464593
    - vertices: p836(v107) p442(v90) p449(v56)
    - neighboring facets: f417 f505 f553
- f508
    - flags: top simplicial
    - normal:    0.3509   0.9346 -0.05737
    - offset: -0.06458781
    - vertices: p956(v108) p442(v90) p199(v23)
    - neighboring facets: f417 f511 f509
- f509
    - flags: bottom simplicial
    - normal:      0.33   0.9286     0.17
    - offset: -0.0526048
    - vertices: p956(v108) p442(v90) p234(v70)
    - neighboring facets: f416 f510 f508
- f510
    - flags: top simplicial
    - normal:    0.5892   0.7802   0.2101
    - offset: -0.05189704
    - center: 0.03521243333333333 0.05119406666666666 -0.04183613333333333 
    - vertices: p956(v108) p166(v92) p234(v70)
    - neighboring facets: f426 f509 f516
- f511
    - flags: bottom simplicial
    - normal:    0.7626   0.6348  -0.1247
    - offset: -0.06634977
    - center: 0.03528966666666668  0.052 -0.0515831 
    - vertices: p956(v108) p386(v41) p199(v23)
    - neighboring facets: f519 f508 f515
- f513
    - flags: bottom simplicial tested
    - normal:     0.831   0.5353   0.1514
    - offset: -0.05148448
    - center: 0.04319686666666667 0.0377741 -0.03060134666666666 
    - vertices: p887(v109) p166(v92) p396(v73)
    - neighboring facets: f427 f555 f516
- f515
    - flags: top simplicial tested
    - normal:    0.7735   0.6259 -0.09975
    - offset: -0.06506489
    - center: 0.03789813333333333 0.0493963 -0.04845936666666666 
    - vertices: p887(v109) p956(v108) p386(v41)
    - neighboring facets: f511 f519 f516
- f516
    - flags: bottom simplicial tested
    - normal:    0.7674   0.6376  0.06835
    - offset: -0.05739217
    - center: 0.0381254 0.04897193333333333 -0.04515993333333333 
    - vertices: p887(v109) p956(v108) p166(v92)
    - neighboring facets: f510 f513 f515
- f518
    - flags: bottom simplicial tested
    - normal:    0.8748   0.4551  -0.1661
    - offset: -0.06468378
    - center: 0.040382 0.0361578 -0.07766936666666667 
    - vertices: p887(v109) p860(v82) p633(v80)
    - neighboring facets: f369 f520 f557
- f519
    - flags: top simplicial tested
    - normal:    0.7822    0.605  -0.1489
    - offset: -0.06680449
    - center: 0.0374299 0.0493963 -0.05132349999999999 
    - vertices: p887(v109) p386(v41) p199(v23)
    - neighboring facets: f511 f520 f515
- f520
    - flags: bottom simplicial tested
    - normal:    0.7829   0.6036  -0.1506
    - offset: -0.06685332
    - center: 0.03644573333333333 0.04766239999999999 -0.06339786666666666 
    - vertices: p887(v109) p633(v80) p199(v23)
    - neighboring facets: f360 f519 f518
- f522
    - flags: bottom simplicial tested seen
    - normal:    0.1184 -0.08799   0.9891
    - offset: -0.005543971
    - center: 0.04342086666666667 -0.01069531566666666 -0.0005423057411200002 
    - vertices: p906(v110) p62(v26) p772(v14)
    - neighboring facets: f184 f523 f565
    - ridges:
- f523
    - flags: top simplicial tested
    - normal:    0.1266 -0.08869    0.988
    - offset: -0.005934718
    - center: 0.04758403333333333 -0.01178358233333333 -0.00115016287056 
    - vertices: p906(v110) p516(v94) p772(v14)
    - neighboring facets: f453 f522 f560
- f527
    - flags: bottom simplicial tested seen
    - normal:     0.152  0.05714  -0.9867
    - offset: -0.1060963
    - center: 0.04772863333333333 0.006093983333333333 -0.0998175 
    - vertices: p573(v111) p860(v82) p36(v32)
    - neighboring facets: f458 f575 f528
    - ridges:
- f528
    - flags: bottom simplicial tested seen
    - normal:   0.07412  0.04567  -0.9962
    - offset: -0.1032873
    - center: 0.04325673333333333 0.0140678 -0.09981749999999999 
    - vertices: p573(v111) p635(v97) p860(v82)
    - neighboring facets: f457 f527 f574
    - ridges:
- f530
    - flags: bottom simplicial tested seen
    - normal:    0.9997 -0.02014 -0.01142
    - offset: -0.05129516
    - center: 0.05009976666666666 -0.008548606666666667 -0.09081003333333333 
    - vertices: p636(v112) p85(v79) p627(v60)
    - neighboring facets: f443 f531 f583
    - ridges:
- f531
    - flags: top simplicial tested seen
    - normal:    0.9801 -0.01677   -0.198
    - offset: -0.06877835
    - center: 0.05009976666666666 -0.002963496666666667 -0.0991307 
    - vertices: p636(v112) p373(v98) p627(v60)
    - neighboring facets: f459 f530 f580
    - ridges:
- f532
    - flags: bottom simplicial
    - normal:   -0.1425  -0.8613   0.4878
    - offset: -0.03513765
    - vertices: p232(v113) p666(v99) p254(v27)
    - neighboring facets: f465 f536 f533
- f533
    - flags: top simplicial
    - normal:   -0.2651  -0.7724   0.5772
    - offset: -0.02932978
    - vertices: p232(v113) p666(v99) p360(v85)
    - neighboring facets: f468 f534 f532
- f534
    - flags: top simplicial
    - normal:   -0.2665   -0.751   0.6042
    - offset: -0.02820566
    - vertices: p232(v113) p360(v85) p694(v7)
    - neighboring facets: f385 f535 f533
- f535
    - flags: bottom simplicial
    - normal:    -0.184  -0.6695   0.7197
    - offset: -0.02481964
    - vertices: p232(v113) p488(v45) p694(v7)
    - neighboring facets: f195 f534 f536
- f536
    - flags: top simplicial
    - normal:   -0.1264  -0.6996   0.7033
    - offset: -0.02688979
    - vertices: p232(v113) p488(v45) p254(v27)
    - neighboring facets: f450 f532 f535
- f537
    - flags: top simplicial
    - normal:   -0.9569 2.055e-05  -0.2903
    - offset: -0.04054572
    - vertices: p562(v114) p392(v66) p731(v38)
    - neighboring facets: f291 f538 f539
- f538
    - flags: bottom simplicial
    - normal:    -0.957 1.674e-06  -0.2902
    - offset: -0.04053836
    - vertices: p562(v114) p12(v102) p731(v38)
    - neighboring facets: f480 f537 f539
- f539
    - flags: top simplicial
    - normal:   -0.9569 -3.466e-07  -0.2903
    - offset: -0.04054364
    - vertices: p562(v114) p12(v102) p392(v66)
    - neighboring facets: f481 f537 f538
- f540
    - flags: bottom simplicial tested
    - normal:  -0.05186   0.1453    0.988
    - offset: -0.00346327
    - center: -0.01059401666666667 0.02550833333333334 -0.000800857537226667 
    - vertices: p264(v115) p347(v103) p258(v16)
    - neighboring facets: f490 f541 f544
- f541
    - flags: top simplicial tested seen
    - normal:  -0.04501   0.1473   0.9881
    - offset: -0.003484395
    - center: 0.006838083333333332 0.0297638 -0.0005988757411199998 
    - vertices: p264(v115) p285(v93) p258(v16)
    - neighboring facets: f568 f540 f542
    - ridges:
- f542
    - flags: bottom simplicial tested
    - normal:  -0.04433   0.1817   0.9824
    - offset: -0.004644974
    - center: 0.01590593666666667 0.03643133333333334 -0.001291082870559999 
    - vertices: p264(v115) p285(v93) p294(v9)
    - neighboring facets: f428 f543 f541
- f543
    - flags: top simplicial tested
    - normal:  -0.06158     0.24   0.9688
    - offset: -0.006747201
    - center: 0.004091086666666667 0.0389688 -0.002427843333333333 
    - vertices: p264(v115) p669(v88) p294(v9)
    - neighboring facets: f493 f542 f544
- f544
    - flags: top simplicial tested
    - normal:   -0.1743   0.2742   0.9457
    - offset: -0.008718224
    - center: -0.01085141333333334 0.03157776666666667 -0.001937618 
    - vertices: p264(v115) p347(v103) p669(v88)
    - neighboring facets: f486 f543 f540
- f545
    - flags: bottom simplicial
    - normal:   -0.1518   0.9882  0.01876
    - offset: -0.06081529
    - vertices: p788(v116) p442(v90) p332(v12)
    - neighboring facets: f551 f546 f547
- f546
    - flags: top simplicial
    - normal:    -0.493   0.8679  0.06095
    - offset: -0.05256518
    - vertices: p788(v116) p407(v106) p332(v12)
    - neighboring facets: f500 f545 f547
- f547
    - flags: bottom simplicial
    - normal:   -0.0891   0.9925  0.08365
    - offset: -0.05823328
    - vertices: p788(v116) p407(v106) p442(v90)
    - neighboring facets: f549 f545 f546
- f548
    - flags: bottom simplicial
    - normal:    0.1792   0.9541   0.2398
    - offset: -0.04971071
    - vertices: p641(v117) p59(v91) p442(v90)
    - neighboring facets: f421 f549 f550
- f549
    - flags: top simplicial
    - normal:  -0.05142   0.9921   0.1143
    - offset: -0.05691437
    - vertices: p641(v117) p407(v106) p442(v90)
    - neighboring facets: f547 f548 f550
- f550
    - flags: bottom simplicial
    - normal:   -0.0144    0.936   0.3516
    - offset: -0.04414798
    - vertices: p641(v117) p407(v106) p59(v91)
    - neighboring facets: f504 f548 f549
- f551
    - flags: top simplicial
    - normal:   -0.0313   0.9937  -0.1074
    - offset: -0.06832065
    - vertices: p117(v118) p442(v90) p332(v12)
    - neighboring facets: f545 f552 f553
- f552
    - flags: bottom simplicial
    - normal:   0.01611   0.9857  -0.1677
    - offset: -0.07130055
    - vertices: p117(v118) p836(v107) p332(v12)
    - neighboring facets: f505 f551 f553
- f553
    - flags: top simplicial
    - normal:   0.03822   0.9849   -0.169
    - offset: -0.07132368
    - vertices: p117(v118) p836(v107) p442(v90)
    - neighboring facets: f507 f551 f552
- f555
    - flags: bottom simplicial tested seen
    - normal:    0.9594   0.2808 -0.02792
    - offset: -0.05377902
    - center: 0.04731876666666666 0.02513876666666666 -0.04744801333333334 
    - vertices: p793(v119) p887(v109) p396(v73)
    - neighboring facets: f513 f584 f557
    - ridges:
- f556
    - flags: bottom simplicial tested seen
    - normal:    0.9149   0.3552  -0.1919
    - offset: -0.06721909
    - center: 0.04864656666666666 0.01185301 -0.09644243333333334 
    - vertices: p793(v119) p373(v98) p860(v82)
    - neighboring facets: f458 f557 f581
    - ridges:
- f557
    - flags: top simplicial tested
    - normal:    0.9026   0.4073  -0.1395
    - offset: -0.0624157
    - center: 0.04571533333333334 0.02483200000000001 -0.07914223333333333 
    - vertices: p793(v119) p887(v109) p860(v82)
    - neighboring facets: f518 f556 f555
- f560
    - flags: bottom simplicial tested seen
    - normal:    0.6239  0.02784    0.781
    - offset: -0.02949784
    - center: 0.0492507 -0.0050055155 -0.001398529537226667 
    - vertices: p230(v120) p906(v110) p516(v94)
    - neighboring facets: f523 f585 f562
    - ridges:
- f562
    - flags: top simplicial tested seen
    - normal:    0.6284  0.07165   0.7746
    - offset: -0.02973105
    - center: 0.04925069999999999 0.006357917833333334 -0.002158062870560004 
    - vertices: p28(v121) p230(v120) p906(v110)
    - neighboring facets: f560 f563 f585
    - ridges:
- f563
    - flags: top simplicial tested seen
    - normal:    0.3199   0.1591    0.934
    - offset: -0.01520379
    - center: 0.04284946666666667 0.01743691766666667 -0.001367389074453333 
    - vertices: p28(v121) p906(v110) p285(v93)
    - neighboring facets: f568 f564 f562
    - ridges:
- f564
    - flags: top simplicial tested seen
    - normal:    0.4058   0.2918   0.8661
    - offset: -0.02227102
    - center: 0.04384876666666667 0.02372096666666667 -0.00282400287056 
    - vertices: p28(v121) p285(v93) p396(v73)
    - neighboring facets: f429 f584 f563
    - ridges:
- f565
    - flags: bottom simplicial tricoplanar keepcentrum
    - owner of normal & centrum is facet f565
    - normal:        -0        0        1
    - offset: -1.38832e-09
    - center: 0.01671682 -0.003974892428571429 1.38832e-09 
    - vertices: p906(v110) p364(v43) p62(v26)
    - neighboring facets: f184 f522 f569
- f566
    - flags: top simplicial tricoplanar
    - owner of normal & centrum is facet f565
    - normal:        -0        0        1
    - offset: -1.38832e-09
    - center: 0.01671682 -0.003974892428571429 1.38832e-09 
    - vertices: p906(v110) p107(v29) p258(v16)
    - neighboring facets: f348 f568 f567
- f567
    - flags: bottom simplicial tricoplanar
    - owner of normal & centrum is facet f565
    - normal:        -0        0        1
    - offset: -1.38832e-09
    - center: 0.01671682 -0.003974892428571429 1.38832e-09 
    - vertices: p906(v110) p107(v29) p408(v24)
    - neighboring facets: f113 f569 f566
- f568
    - flags: bottom simplicial tricoplanar
    - owner of normal & centrum is facet f565
    - normal:        -0        0        1
    - offset: -1.38832e-09
    - center: 0.01671682 -0.003974892428571429 1.38832e-09 
    - vertices: p906(v110) p285(v93) p258(v16)
    - neighboring facets: f541 f566 f563
- f569
    - flags: top simplicial tricoplanar
    - owner of normal & centrum is facet f565
    - normal:        -0        0        1
    - offset: -1.38832e-09
    - center: 0.01671682 -0.003974892428571429 1.38832e-09 
    - vertices: p906(v110) p364(v43) p408(v24)
    - neighboring facets: f186 f567 f565
- f572
    - flags: bottom simplicial tricoplanar keepcentrum
    - owner of normal & centrum is facet f572
    - normal:         0       -0       -1
    - offset:       -0.1
    - center: 0.034816125 -0.0009990437500000001   -0.1 
    - vertices: p573(v111) p197(v84) p119(v51)
    - neighboring facets: f384 f577 f575
- f573
    - flags: bottom simplicial tricoplanar
    - owner of normal & centrum is facet f572
    - normal:         0       -0       -1
    - offset:       -0.1
    - center: 0.034816125 -0.0009990437500000001   -0.1 
    - vertices: p573(v111) p857(v81) p660(v57)
    - neighboring facets: f366 f574 f576
- f574
    - flags: top simplicial tricoplanar
    - owner of normal & centrum is facet f572
    - normal:         0       -0       -1
    - offset:       -0.1
    - center: 0.034816125 -0.0009990437500000001   -0.1 
    - vertices: p573(v111) p635(v97) p660(v57)
    - neighboring facets: f457 f573 f528
- f575
    - flags: top simplicial tricoplanar
    - owner of normal & centrum is facet f572
    - normal:         0       -0       -1
    - offset:       -0.1
    - center: 0.034816125 -0.0009990437500000001   -0.1 
    - vertices: p573(v111) p197(v84) p36(v32)
    - neighboring facets: f383 f527 f572
- f576
    - flags: bottom simplicial tricoplanar
    - owner of normal & centrum is facet f572
    - normal:         0       -0       -1
    - offset:       -0.1
    - center: 0.034816125 -0.0009990437500000001   -0.1 
    - vertices: p573(v111) p485(v101) p857(v81)
    - neighboring facets: f477 f573 f577
- f577
    - flags: top simplicial tricoplanar
    - owner of normal & centrum is facet f572
    - normal:         0       -0       -1
    - offset:       -0.1
    - center: 0.034816125 -0.0009990437500000001   -0.1 
    - vertices: p573(v111) p485(v101) p119(v51)
    - neighboring facets: f476 f572 f576
- f580
    - flags: bottom simplicial tricoplanar keepcentrum
    - owner of normal & centrum is facet f580
    - normal:         1       -0       -0
    - offset:   -0.05025
    - center: 0.05025 0.0040667263125 -0.04696045000000001 
    - vertices: p28(v121) p636(v112) p373(v98)
    - neighboring facets: f531 f581 f583
- f581
    - flags: top simplicial tricoplanar
    - owner of normal & centrum is facet f580
    - normal:         1       -0       -0
    - offset:   -0.05025
    - center: 0.05025 0.0040667263125 -0.04696045000000001 
    - vertices: p28(v121) p793(v119) p373(v98)
    - neighboring facets: f556 f580 f584
- f582
    - flags: bottom simplicial tricoplanar
    - owner of normal & centrum is facet f580
    - normal:         1       -0       -0
    - offset:   -0.05025
    - center: 0.05025 0.0040667263125 -0.04696045000000001 
    - vertices: p28(v121) p516(v94) p85(v79)
    - neighboring facets: f443 f583 f585
- f583
    - flags: top simplicial tricoplanar
    - owner of normal & centrum is facet f580
    - normal:         1       -0       -0
    - offset:   -0.05025
    - center: 0.05025 0.0040667263125 -0.04696045000000001 
    - vertices: p28(v121) p636(v112) p85(v79)
    - neighboring facets: f530 f582 f580
- f584
    - flags: bottom simplicial tricoplanar
    - owner of normal & centrum is facet f580
    - normal:         1       -0       -0
    - offset:   -0.05025
    - center: 0.05025 0.0040667263125 -0.04696045000000001 
    - vertices: p28(v121) p793(v119) p396(v73)
    - neighboring facets: f555 f564 f581
- f585
    - flags: bottom simplicial tricoplanar
    - owner of normal & centrum is facet f580
    - normal:         1       -0       -0
    - offset:   -0.05025
    - center: 0.05025 0.0040667263125 -0.04696045000000001 
    - vertices: p28(v121) p230(v120) p516(v94)
    - neighboring facets: f560 f582 f562
