3
1000 220 330
0.0282007 -0.0334373 0.116342 
0.0693822 -0.0166354 0.0581868 
0.0217412 0.0116234 0.139634 
-0.00160211 0.0515 0.063939 
-0.0248184 0.0505 0.06792140000000001 
0.0225883 -0.0053178 0.00701299 
-0.0227843 0.0207435 0.09261320000000001 
-0.0178741 -0.00187225 0.0132381 
0.00315997 -0.0264544 0.0915903 
0.0127843 0.0312628 0.0774243 
0.0240065 0.0335 0.0970273 
-0.009581569999999999 0.0445 0.094392 
0.00609392 0.0215245 0.008200000000000001 
-0.00941881 0.0515 0.0978773 
-0.0266934 0.0335 0.0239368 
0.00253398 0.0365 0.0847136 
0.0264734 -0.0222289 0.0901144 
-0.0450538 0.0146053 0.0414167 
-0.000428793 0.0365 0.0457868 
0.0401969 0.0403843 0.0749403 
-0.0231605 0.0558885 0.0434683 
0.00170841 0.0365 0.0506369 
0.0150589 -0.0305629 0.0787731 
0.0148076 0.0455 0.0808016 
0.0668427 0.0269452 0.06604459999999999 
0.0636322 -0.00197952 0.07401919999999999 
-0.0505192 -0.0177839 0.0632514 
-0.0200159 0.0321832 0.12459 
-0.017348 0.0445 0.02368 
-0.0177062 0.0284223 0.0460163 
0.0464807 0.00574298 0.0602376 
-0.0399377 -0.00671523 0.092419 
-0.0333217 -0.0334125 0.0733562 
-0.000208704 -0.0244572 0.0411217 
0.0161903 -0.0297915 0.08024009999999999 
0.0484656 0.0294781 0.0324033 
0.00346504 0.0445 0.059511 
0.0693822 -0.0232084 0.0750715 
0.0334859 -0.00514177 0.09797740000000001 
-0.00628992 0.0365 0.0735792 
0.0276913 0.0334245 0.114653 
0.008627839999999999 0.0335 0.059772 
-0.00554333 -0.00250997 0.0262947 
0.0104265 0.0599 0.0888936 
0.00708177 0.0455 0.0554429 
-0.0523818 -0.00421029 0.0951519 
0.0437016 -0.00188769 0.0576889 
-0.011017 0.0385 0.0690484 
0.00866098 0.0385 0.057396 
0.0493214 0.00162537 0.102243 
0.06487320000000001 -0.0065303 0.0779411 
0.00108556 -0.03484 0.129849 
0.0219385 -0.00353966 0.0636906 
-0.0227595 0.0143479 0.032662 
-0.0299421 0.00495632 0.0303796 
-0.0218881 0.0365 0.023928 
0.00998195 0.0455 0.0666924 
-0.00207972 0.0385 0.0810748 
0.00885884 0.0170005 0.139634 
0.0109696 -0.042385 0.122439 
-0.0505192 -0.00471271 0.06382980000000001 
0.0523313 -0.0107996 0.100729 
-0.0223148 0.0335 0.0331494 
-0.0223287 -0.00333607 0.145617 
-0.04885 0.029512 0.0656709 
0.0138494 0.0609 0.0994608 
-0.000121042 0.0515 0.04396 
0.0450013 0.0216041 0.102516 
-0.0177146 -0.0401124 0.116062 
-0.016121 0.0385 0.0453537 
-0.0259356 0.0505 0.0914676 
-0.00542109 -0.0433368 0.115467 
0.0547631 -0.0213573 0.0333721 
0.0179954 0.0128271 0.0206526 
-0.0351602 0.0345137 0.067659 
-0.007832240000000001 0.0505 0.0569227 
0.0256508 0.0116523 0.137935 
0.00150508 0.00319333 0.0262947 
0.00248065 0.0609 0.0962456 
-0.00208764 0.0395 0.051795 
0.0636322 -0.00995481 0.0683096 
0.0233916 -0.0145893 0.139546 
-0.00844527 0.0445 0.0306529 
-0.036426 0.0245215 0.115936 
0.0556678 -0.0348825 0.0494321 
0.0150951 0.0455 0.0428382 
0.00936673 -0.0367561 0.123217 
0.0393333 0.0401036 0.0758474 
0.0412212 0.0147658 0.120003 
0.0690516 -0.0241083 0.0541544 
0.0630213 -0.00423331 0.0347809 
-0.0275 0.0510794 0.0860986 
-0.0118112 0.0124513 0.139634 
0.00617062 0.0445 0.0649951 
0.0179499 0.0455 0.0979488 
0.0361767 0.0067652 0.0669664 
0.0208354 0.0395 0.0541902 
0.0693822 0.0237109 0.0541446 
0.000478386 -0.00740107 0.0241942 
-0.0142128 0.0385 0.0250189 
0.0249264 0.0335 0.0484333 
-0.0265387 0.0505 0.0890659 
-0.0568389 -0.00923529 0.0401539 
0.00395241 0.0224288 0.00500161 
0.0492322 -0.0200057 0.0966883 
-0.0141002 0.0455 0.0492976 
0.0131854 0.0599 0.0774072 
-0.009975410000000001 0.0335 0.0754054 
-0.008260429999999999 0.0335 0.0439763 
0.0242625 0.0232944 0.101855 
0.0142753 -0.0166592 0.008200000000000001 
0.00738649 0.0300441 0.079832 
-0.0341258 0.0342383 0.06968149999999999 
-0.0026073 0.0515 0.0413374 
-0.0190651 0.0445 0.0388588 
-0.00075699 0.0455 0.0889182 
0.00155443 0.0436689 0.121957 
-0.014 0.0547049 0.0940135 
0.0634866 -0.0295103 0.0685596 
0.0107835 0.0199837 0.00500161 
0.0659457 0.0100681 0.0902601 
0.0213929 0.0395 0.0735227 
-0.0153582 -0.00677728 0.139634 
0.0265564 -0.0271844 0.1232 
-0.0288802 -0.00721321 0.0583927 
-0.0182658 0.0253814 0.096235 
0.000570444 0.0599 0.0762651 
0.0531731 0.0337346 0.0815859 
0.00460344 0.0515 0.0578897 
0.0138432 0.0385 0.0495016 
0.008532329999999999 0.0385 0.026965 
-0.0162201 -0.0337657 0.0613514 
-0.00341691 -0.000328498 0.0262947 
0.000917547 0.0163162 0.139634 
0.0470926 -0.00429474 0.108098 
-0.00177685 0.0505 0.0855054 
-0.0505192 0.0153311 0.07237250000000001 
-0.0523474 0.0157181 0.0507961 
-0.00846482 0.0394359 0.1035 
-0.0547631 0.0138006 0.0802282 
0.0171763 0.0289974 0.103423 
-0.014 0.0533894 0.0463036 
0.0249357 0.0395 0.0711049 
0.048662 -0.000763869 0.0209932 
0.0336475 0.00860845 0.129329 
0.0205695 0.0365524 0.1232 
0.00701656 -0.0185388 0.15309 
0.0315765 0.0133382 0.107464 
-0.00760791 -0.00322063 0.0162607 
-0.0242028 0.0395 0.061501 
0.00484866 0.0365 0.0549778 
-0.00816473 0.0091495 0.009161320000000001 
-0.000585969  0.032 0.0645418 
-0.04885 0.0125256 0.09174640000000001 
-0.0205844 0.0365887 0.110051 
0.0160508 0.00946144 0.008200000000000001 
-0.0163657 0.0103041 0.000465408 
0.0141278 0.0335 0.09948410000000001 
-0.0390569 0.0048164 0.1232 
-0.00129536 0.0455 0.100333 
-0.00449979 -0.0216401 0.0222648 
-0.04885 0.0108549 0.0395625 
-0.0206148 0.000707442 0.008200000000000001 
-0.0171644 0.00873665 -0.00275424 
0.0565112 0.0346773 0.06654889999999999 
0.041725 -0.0102195 0.10491 
0.0640579 -0.0277824 0.0554224 
0.0469871 0.0211439 0.102729 
0.0127116 -0.0336795 0.06823029999999999 
0.0203866 -0.00118212 0.153088 
-0.00644768 0.0515 0.0637711 
0.00113108 0.0599 0.06700780000000001 
0.0180045 0.0505 0.0714241 
0.015913 0.0505 0.0269636 
0.0693822 0.00855393 0.0460947 
-0.00128417 0.0515 0.0240836 
-0.000679825 0.0305287 0.1035 
-0.028801 -0.0258758 0.1232 
-0.0383763 0.0304957 0.0790226 
-0.0198928 -0.00500509 0.008200000000000001 
-0.0104834 -0.0318933 0.103544 
-0.00386633 0.0609 0.0765377 
-0.00565709 0.0445 0.0498633 
0.01575 0.0370413 0.09378019999999999 
-0.00690889 0.0385 0.0361109 
0.06779789999999999 -0.0061942 0.0388368 
0.0299514 -0.0149289 0.107416 
-0.0133293 0.0335 0.0438328 
0.0663884 0.027241 0.0673971 
0.00766247 0.0365 0.0556939 
0.000728693 0.0335 0.09553970000000001 
0.00460043 0.0365 0.0319025 
0.0239351 0.0197937 0.0960734 
0.029553 -0.0336854 0.06762120000000001 
0.0229995 0.0445 0.0576685 
0.0275 0.0355947 0.099063 
0.0146811 -0.0229686 0.09216920000000001 
-0.0102768 0.020799 0.00500161 
0.0166004 -0.00153038 0.0164341 
-0.0155638 0.0139091 0.139634 
0.008625900000000001 0.0029319 0.00500161 
-0.00427112 0.0335 0.0603318 
-0.0530829 -0.0169351 0.0769412 
0.0409534 -0.040652 0.07343040000000001 
-0.0517095 0.0244072 0.0457842 
0.0377291 -0.00727081 0.107464 
0.023431 0.0365 0.0563342 
0.0252771 0.0231409 0.0397895 
-0.0292808 0.0320511 0.1232 
-0.05485 -0.0101137 0.093335 
0.0636322 -0.00149389 0.07452979999999999 
0.0167174 0.0162554 0.00593179 
-0.0294199 -0.0249025 0.1232 
0.0172215 0.0385 0.0457174 
-0.00495282 -0.00385514 -0.00499839 
-0.0406988 0.0283649 0.0662869 
-0.0215116 0.0572 0.069309 
-0.0102465 0.0270492 0.0938764 
-0.0238304 -0.0276623 0.0869978 
-0.0353291 0.0319313 0.0778875 
0.016622 0.0469027 0.0350138 
-0.0139516 0.00603839 0.0143985 
-0.00285658 -0.0417862 0.110437 
0.0097453 -0.0314607 0.133054 
-0.0323917 -0.00458812 0.0600267 
0.009898540000000001 0.0425083 0.115004 
0.007849200000000001 0.0505 0.070205 
0.0143264 0.0385 0.0521744 
-0.007686 -0.0199947 0.153084 
0.0560681 -0.0363538 0.068304 
-0.00663104 0.0445 0.02521 
-0.0110394 0.0365 0.0435537 
0.0610145 -0.00220156 0.032847 
0.0236885 0.0515 0.0421936 
-0.00675444 -0.020659 0.139634 
0.00179452 0.018836 0.0159961 
0.00303205 0.0346511 0.127973 
0.0606915 0.0111831 0.0345631 
-0.0137032 0.0335 0.0888704 
0.00741364 0.0385 0.08855109999999999 
0.0232739 0.0340628 0.025641 
0.0105902 -0.033734 0.0634841 
-0.000123179 0.0365 0.0636597 
0.0193193 -0.0139893 0.152331 
-0.00961805 0.0365 0.0674855 
0.00374551 0.0365 0.0279061 
0.0045244 0.0515 0.0414916 
0.032526 0.0318697 0.0529822 
0.0224634 -0.00408062 0.140523 
0.0156184 0.0609 0.0973678 
0.0411204 -0.0227527 0.0994736 
-0.0240427 0.00279807 0.14066 
0.000930645 0.0377431 0.126013 
-0.0185133 0.0386717 0.1232 
0.0197488 0.0515 0.0979042 
0.0104402 0.0505 0.0478651 
-0.0219898 0.00248931 0.06539490000000001 
-0.0315868 0.0116904 0.103084 
0.0257878 0.0599 0.0936842 
-0.0170424 0.0248745 0.0872352 
0.0206462 -0.0106503 0.00818497 
0.031222 0.0289434 0.08182449999999999 
-0.0107232 0.0572 0.0337192 
-0.0408971 0.0230407 0.0480343 
-0.0258757 0.034789 0.0235 
-0.0333346 0.016196 0.127184 
0.012855 0.0505 0.0287556 
0.00758472 -0.00247207 0.153131 
0.0392092 -0.0152826 0.113012 
-0.0257653 0.0307055 0.1232 
-0.0283664 -0.0278103 0.107464 
0.0412929 0.00692097 0.105638 
-0.0387216 0.00315984 0.0357887 
-0.00275464 -0.0140111 -0.00499839 
-0.0131136 0.0365 0.038383 
0.00545707 0.0335 0.09095490000000001 
-0.0263172 0.0505 0.0339651 
0.0377426 0.0245873 0.0307703 
0.06837749999999999 -0.0250326 0.0727172 
-0.0201009 -0.0102244 0.147515 
0.0516746 0.0188754 0.0317397 
-0.0568369 -0.0177454 0.0442366 
-0.0182226 0.0105084 0.139634 
-0.00580988 0.020067 0.008200000000000001 
-0.0030951 0.0455 0.0277864 
-0.0203543 0.0335 0.0336916 
0.0429206 -0.0210134 0.10151 
0.0693822 -0.0141798 0.0452296 
0.0167221 0.0395 0.0314285 
0.0126677 0.0275145 0.0952901 
0.0229182 0.0515 0.0622095 
0.0206615 -0.0221686 0.137559 
0.0435195 0.00393958 0.115862 
0.0114379 0.0505 0.0730185 
-0.000419529 0.0323892 0.1035 
0.0348183 -0.0117588 0.0285731 
0.0219799 -0.00695792 0.06666 
0.0165516 0.0385 0.08137229999999999 
-0.0465481 0.0248612 0.054464 
-0.00490073 0.00560749 0.0184215 
0.0226754 0.000594279 0.0306026 
0.0201016 0.0365 0.08401790000000001 
0.0220245 -0.00778772 0.00640639 
-0.009834229999999999 0.00728557 0.140353 
0.0146302 -0.0301787 0.0493902 
-0.00734942 0.0335 0.0336641 
-0.0191989 -0.00133707 0.153092 
0.0425877 0.028523 0.09536790000000001 
0.0206986 -0.012263 0.141672 
0.0659742 -0.00877904 0.0521387 
-0.0101128 0.0572 0.0348626 
-0.0243545 0.0318248 0.0474562 
-0.0230867 -0.025504 0.0401944 
0.0111569 -0.01555 -0.00434223 
-0.048755 0.0230859 0.0517023 
-0.0144374 0.0009975120000000001 0.01529 
0.048662 0.0145268 0.099885 
0.00571688 0.0505 0.0985375 
0.0227991 0.0455 0.07588499999999999 
-0.00340879 -0.0435557 0.12292 
0.0112322 -0.00623783 0.00748825 
-0.0275 0.051134 0.0564535 
0.009108959999999999 0.0395 0.08610660000000001 
0.0221452 -0.00183795 0.06495529999999999 
0.0173793 0.0505 0.0845644 
0.0407584 -0.00139441 0.1232 
-0.0383763 0.0274277 0.0749619 
-0.00631392 -0.0398464 0.107464 
0.0311274 -0.0127911 0.100085 
0.00397294 0.0385 0.09284580000000001 
-0.0035883 0.0515 0.0858947 
0.0211954 0.0335 0.0324238 
-0.0315264 -0.0133958 0.130942 
0.0348183 0.0155441 0.0313758 
-0.022768 0.0375462 0.11573 
0.015734 -0.00635428 0.140523 
0.00816623 0.017455 0.000533733 
-0.0264271 -0.0337336 0.0497568 
0.00137985 0.0365 0.0913971 
0.0241268 -0.0325377 0.0732759 
-0.00442189 0.0445 0.06757349999999999 
0.0571784 0.0201653 0.09271699999999999 
0.0192667 0.0385 0.0551803 
0.00427609  0.032 0.0540546 
0.0230889 -0.00312415 0.00608333 
-0.0394061 0.0142646 0.1232 
-0.0111167 0.0118647 -0.00499839 
0.00651669 0.0165474 0.008465429999999999 
0.0176324 0.0515 0.0504724 
0.0176076 -0.0104053 0.0159961 
0.0114924 0.0515 0.0453306 
0.0219762 0.00346449 0.06922970000000001 
0.06562 0.00158053 0.09235640000000001 
-0.0289398 -0.0185498 0.0352441 
-0.0219078 -0.0233431 0.0392727 
-0.0144716 -0.018228 0.00776447 
-0.0244221 0.031239 0.0826081 
-0.0406762 0.00601164 0.107464 
-0.02168 0.00499827 0.0298183 
-0.0220602 0.00707896 0.0731868 
-0.00265919 0.0365 0.07652730000000001 
-0.0344861 0.0253487 0.0410862 
-0.010397 0.0335 0.0865547 
-0.0329238 0.0289159 0.045436 
0.00988404 0.0335 0.042616 
-0.0505192 -0.009544209999999999 0.0484441 
-0.0506246 -0.0186403 0.07365720000000001 
-0.0126327 0.012753 0.0131285 
0.0197561 -0.0122997 0.142004 
0.0132744  0.032 0.0688378 
-0.00989346 0.0445 0.0545515 
0.0268765 0.0395 0.0672817 
-0.0230468 -0.00530104 0.140523 
0.0270028 0.0445 0.0326286 
0.0116482 0.0609 0.102917 
-0.0157611 0.0505 0.0310973 
0.0140964 0.0448992 0.0235 
0.0153988 0.0505 0.0738399 
0.0124691 -0.0408687 0.113816 
0.0251749 0.0335 0.08158360000000001 
-0.0398036 0.0108041 0.107464 
0.0139624 0.0340655 0.107464 
0.0348183 0.0267057 0.0416854 
-0.00414624 0.0365 0.0539693 
-0.0452475 0.0271208 0.0665253 
0.000136421 0.0012323 -0.00499839 
0.00379894 0.0272142 0.139625 
0.02026 0.0507929 0.0251415 
-0.0337634 -0.0188269 0.09350700000000001 
-0.00636235 0.0395 0.0624433 
-0.0160598 0.0372825 0.1232 
-0.037865 -0.00658669 0.1232 
0.0427246 -0.00756537 0.0229587 
0.0560681 -0.0347667 0.07367070000000001 
-0.0061165 0.0609 0.102956 
0.0273884 0.0312307 0.0514967 
0.00199366 0.0445 0.025682 
0.00874141 0.0445 0.0325037 
-0.0196855 0.0297043 0.127184 
-0.0243849 -0.0276194 0.0413351 
-0.0124888 -0.0197416 0.00530995 
-0.0505192 -0.0119165 0.0486279 
-0.00436935 0.018808 0.00284772 
0.0143398 0.0395 0.0462633 
-0.00647279 0.0505 0.0320185 
0.00310554 -0.000634649 -0.00499839 
-0.0127633 0.0455 0.0407869 
-0.008032320000000001 -0.033249 0.131218 
0.0066022 0.0335 0.0484947 
0.0104652 -0.0298872 0.0800722 
-0.0167689 0.0455 0.0536281 
-0.0139568 -0.0230232 0.0396208 
0.0554663 0.0245361 0.0931818 
0.00438673 0.0515 0.09317060000000001 
-0.0117827 0.0395 0.0859641 
-0.0157323 0.0365 0.0693998 
-0.0243066 0.0445 0.0627144 
-0.0319367 0.0277394 0.0437319 
0.0365805 -0.00843584 0.0236104 
0.00325939 0.0335 0.09620289999999999 
0.0229576 -0.0328613 0.0719722 
0.0636322 -0.00197564 0.0747241 
-0.0138388 0.0176565 0.147322 
-0.00598404 0.0552038 0.0365 
0.00833251 0.0515 0.0483108 
0.0354583 0.0264617 0.0323303 
-0.0231213 0.0395 0.0530694 
0.0273732 -0.0313454 0.077251 
-0.0337481 -0.00443849 0.09889580000000001 
-0.0287733 0.0171435 0.09507889999999999 
0.0275 0.0513905 0.0584276 
-0.03337 -0.0285406 0.118205 
0.0180188 -0.0337149 0.0637995 
0.0520732 -0.009210879999999999 0.0276872 
-0.00597228 0.0505 0.045856 
-0.0236134 -0.0176817 0.137935 
-0.00930953 0.0304004 0.134961 
-0.00743094 -0.00470999 -0.00499839 
0.0104003 0.0163167 -0.00227002 
0.0367396 0.00622572 0.105719 
-0.0130283  0.032 0.056643 
0.00330157 -0.0435673 0.117369 
0.00525615 0.0616603 0.0935 
0.048662 0.0339003 0.0864323 
0.021889 0.0395 0.074238 
0.0405653 -0.035977 0.0433797 
0.0512338 -0.000382661 0.0697144 
0.0248647 0.0609 0.0585485 
-0.0176551 0.0395 0.0701493 
0.0348183 0.0346831 0.0846524 
-0.0455718 0.00308911 0.0913943 
-0.0422925 -0.0118339 0.122289 
0.0169932 0.0515 0.0440698 
-0.04885 -0.0221283 0.0444164 
-0.0186601  0.032 0.0609538 
-0.0107028 0.0445 0.0486682 
-0.00430734 -0.0190703 0.00500161 
-0.00473052 0.009118569999999999 0.153123 
0.0171403 0.0385 0.0552052 
-0.00754476 -0.00273209 0.0165677 
0.0693822 -0.0196409 0.065231 
0.0379587 0.008734469999999999 0.1232 
0.0211892 0.0515 0.0396408 
-0.0248348 0.0395 0.0564369 
-0.0568398 0.00431011 0.0392523 
-0.0458724 -0.0219315 0.0802509 
-0.0182202 0.0335 0.08582960000000001 
-0.0179937 0.0125444 0.140523 
0.0390525 -0.0415305 0.0605352 
-0.00712756 -0.0315764 0.0768841 
0.0115035 0.0187982 0.0235057 
0.0494335 0.00532465 0.0271224 
-0.0564509 0.009244209999999999 0.0391022 
0.0348183 0.0312499 0.0836028 
-0.0176217 -0.00783912 -0.00045024 
0.0693822 -0.00700786 0.0833088 
0.0186659 0.0505 0.0677682 
0.0290938 0.0129755 0.09578589999999999 
0.0241996  0.032 0.065138 
-0.00216625 0.0455 0.029634 
0.033961 -0.0209127 0.107464 
0.0177206 0.0385 0.07475370000000001 
-0.0271242 0.0515 0.046912 
-0.0287813 0.017253 0.102909 
-0.0281825 0.0195209 0.13111 
-0.0180319 -0.0121102 0.008200000000000001 
-0.0244837 0.0335 0.09161229999999999 
0.0125125 0.0385 0.0511536 
-0.009957779999999999 0.0515 0.0474309 
-0.00723162 0.0609 0.0633442 
0.0126949 -0.0125923 0.0134911 
-0.0476668 -0.0257632 0.0574143 
0.0674897 -0.00417526 0.0906207 
-0.0505192 -0.00711639 0.0495787 
-0.0158737 0.0387681 0.11027 
-0.00434064 0.0385 0.0856362 
-0.0446054 0.0172908 0.085672 
-0.00832391 0.009867020000000001 0.0172664 
0.0170476 0.0445 0.0974217 
0.007967729999999999 -0.0210497 0.145281 
0.0227423  0.032 0.0676576 
0.0150686 0.016569 0.144682 
-0.0121455 0.0301772 0.133635 
-0.00219454 0.0385 0.0763662 
-0.0215161 -0.00563443 0.06343310000000001 
0.0207202 0.0515 0.0857407 
-0.0221319 0.0455 0.0810094 
0.0212138 0.0362975 0.110166 
0.00432405 0.0515 0.0809014 
0.0677214 0.00257304 0.0907046 
-0.025411 -0.0114991 0.0295628 
-0.00732565 0.0385 0.0993407 
0.0116162 0.0515 0.0376846 
0.00336711 0.0290925 0.0472521 
-0.0518728 -0.0206839 0.0621348 
0.0205432 0.0280734 0.127578 
-0.0265114 0.0445 0.0375638 
-0.000191149  0.032 0.075021 
0.0227122 0.0335 0.09055299999999999 
-0.0191116 0.0113224 0.0292078 
0.0606005 0.0282329 0.0492342 
0.0276832 -0.00198335 0.13886 
-0.0505192 0.0125302 0.0738442 
0.0172915 -0.0144826 0.142431 
0.0636322 0.00306622 0.0694268 
0.007992519999999999 0.0505 0.040891 
0.019381 -0.00116225 0.139634 
-0.0217456 0.0365 0.037513 
-0.0063768 0.0505 0.0485182 
0.00263825 0.009481989999999999 -0.00499839 
-0.0168594 -0.0392662 0.113667 
-0.0287903 -0.00349856 0.0298429 
0.0325102 0.00697714 0.06268940000000001 
-0.0336835 0.0249894 0.110997 
0.0190141 0.0515 0.0597831 
0.0443636 0.0393288 0.0835548 
0.0198205 0.0385 0.0555233 
0.0257008 -0.0335084 0.112911 
0.00606314 0.0609 0.058159 
-0.0218192 0.0385 0.0842874 
-0.0364146 -0.0195353 0.107464 
0.0421804 0.0124212 0.0246549 
8.32565e-05 0.0335 0.0278188 
0.00419908 0.00761045 -0.00499839 
0.0275652 0.0282268 0.1232 
-0.0228423 -0.0301512 0.126183 
0.026265 0.0515 0.08460479999999999 
-0.00626879 0.0455 0.0850404 
-0.0383763 -0.00607916 0.0947262 
-0.00293914 0.0335 0.0961529 
-0.0159339 0.0395 0.09960860000000001 
-0.0505442 0.0123888 0.0814739 
-0.00557591 -0.0373483 0.126887 
0.019983 -0.031281 0.0773923 
0.0193724 0.0365 0.0403716 
0.032465 0.0195964 0.123941 
0.0207225 0.0365 0.0764133 
0.0604863 0.0260183 0.0454185 
0.0163048 0.0445 0.102478 
-0.0505192 -0.00415201 0.0480071 
-0.0273294 0.0395 0.0358234 
-0.00260309 0.0139308 0.139634 
0.0431006 -0.00542594 0.0219785 
0.0135329 0.0445 0.102262 
-0.025806 -0.00856113 0.0606416 
0.0348183 0.0186765 0.0938802 
-0.0282277 -0.00626276 0.137935 
0.00800506 0.0395 0.0953238 
-0.0238623 0.0236012 0.104038 
0.036386 0.0207142 0.108379 
-0.00932182 0.0515 0.0877314 
0.0435595 -0.0370485 0.08748889999999999 
-0.0448228 0.0269291 0.0688414 
0.0122983 0.0445 0.0623868 
0.0471325 -0.0249343 0.028649 
0.024613 0.0385 0.09372809999999999 
0.00584958 -0.0432902 0.1207 
0.0229602 0.0505 0.0390843 
0.0348183 -0.0361899 0.0794508 
0.0213976 0.00592868 0.0669343 
-0.0242148 0.0385 0.08315690000000001 
0.0180964 0.0395 0.0538674 
0.06388539999999999 0.028695 0.0580574 
0.0348183 -0.0273703 0.0416336 
-0.00411073 0.0445 0.0434249 
0.0248705 0.0358632 0.0235 
0.0221913 0.0365 0.0345088 
-0.0217802 -0.008590739999999999 0.0567277 
-0.04885 -0.0232641 0.0481877 
0.00955894 0.0421503 0.114465 
0.0426843 -0.009561800000000001 0.116872 
-0.00217498 0.0420374 0.112957 
0.0121682 0.0365 0.0518278 
0.0693822 -0.0222044 0.056983 
-0.0217435 0.00608791 0.142038 
0.0077959 0.0515 0.0252156 
-0.00774295 0.0385 0.09839249999999999 
-0.0388534 -0.0155517 0.108592 
0.0190867 0.0505 0.0611747 
0.0178551 0.0304792 0.0499972 
-0.02927 0.0326036 0.11924 
0.0205025 0.0119542 0.140523 
-0.0205113  0.032 0.0612491 
-0.0149203 0.0236939 0.0885707 
0.0067785 0.0395 0.0629567 
-0.0238757 -0.0219528 0.0364976 
0.0240665 0.0453642 0.0969356 
0.0235663 0.0515 0.0895929 
-0.0141315 0.01741 0.142504 
-0.0173725 -0.00832808 0.0046112 
0.0204374 0.00693544 0.140523 
0.0632258 -0.029842 0.0638357 
0.0275 0.0507159 0.09378839999999999 
0.0414222 -0.000227318 0.057244 
0.0161595 0.0455 0.0949803 
0.00523089  0.029 0.100028 
0.00103963 -0.00871128 0.00500161 
0.0261051 0.0609 0.0636511 
-0.02596 -0.0255189 0.0379251 
0.013446 -0.0136042 0.139634 
0.0198896 -0.00955306 0.0246933 
-0.0328191 -0.0261698 0.10763 
0.0163768 0.0405393 0.120065 
-0.0151197 0.00421475 0.0179951 
0.0104598 0.0455 0.08831609999999999 
0.0403441 0.0309746 0.0365396 
-0.05485 0.0276483 0.0537025 
-0.009377979999999999 0.0445 0.0827891 
-0.017746 0.0465776 0.0353787 
-0.009059620000000001 0.0395 0.052693 
0.06620620000000001 -0.0205878 0.0462501 
0.0124448 0.0335 0.0884245 
0.0637388 -0.0126461 0.0723143 
0.048662 0.0410489 0.0666723 
0.0693822 0.00940236 0.0880065 
-0.019298 0.00482029 0.00500161 
-0.0201634 0.0445 0.0252836 
0.024666 0.0361034 0.122914 
0.0176979 0.0335 0.0738449 
0.0539441 -0.0262448 0.0373182 
-0.0230798 -0.0311353 0.0482118 
-0.031344 -0.00645321 0.134543 
-0.0505192 -0.0114484 0.0639779 
0.0496628 -0.0142624 0.0295258 
0.0169864 0.0599 0.095316 
-0.00160238 -0.00717749 0.0197377 
-0.021476 0.0239629 0.0971095 
0.0348183 0.00529163 0.0307414 
-0.029785 -0.0136832 0.0963547 
-0.04885 0.00843058 0.08941200000000001 
0.0137882 0.0416793 0.121107 
0.0458407 0.0344912 0.09120159999999999 
0.00182882 0.0246957 0.0414132 
0.009673319999999999 0.0365 0.07949290000000001 
-0.011849 0.0505 0.041943 
0.0095 0.0654492 0.06874860000000001 
0.0348183 -0.0359209 0.0476497 
0.0183073 -0.0230154 0.137935 
-0.0088977 0.0119889 0.0179951 
-0.0232606 -0.014934 0.138457 
0.0376961 -0.00307475 0.0579347 
0.00111079 0.0203438 0.0235 
-0.0148937 0.0395 0.0366376 
-0.0240661 -0.036484 0.119675 
-0.00896951 -0.0210364 0.008200000000000001 
0.0217002 -0.00459078 0.06295199999999999 
0.00870052 0.0515 0.0644619 
0.00783035 0.0385 0.0414697 
-0.0437426 0.0250342 0.07605629999999999 
-0.00740801 0.0351759 0.0235 
0.048662 0.033955 0.0882613 
-0.00954525 -0.0199478 0.0255622 
-0.0323907 0.00583398 0.0608336 
-0.032387 -0.00568253 0.0710054 
0.0319054 0.0156151 0.0343951 
-0.0383763 0.0250447 0.0820038 
-0.0362268 0.0112639 0.127184 
0.0560681 -0.0296338 0.08444359999999999 
0.00256511 0.0599 0.0546694 
0.0421408 0.0390542 0.07923810000000001 
0.0142729 -0.0314974 0.0520209 
0.0505891 0.0341702 0.0805761 
-0.040987 -0.0175177 0.0422965 
0.0199235 0.00959774 0.0192079 
0.0137194 0.011579 0.00959201 
0.0216396 0.0299348 0.0489868 
-0.0176133 0.0332015 0.107464 
-0.0173466 0.0018201 0.0159961 
-0.0366039 0.0205828 0.112885 
0.017537 0.0291352 0.0474341 
-0.0201795 0.0445 0.06730419999999999 
-0.0013301 0.0449773 0.0235 
-0.0166379 -0.00748014 0.0159961 
-0.0229047 0.0385 0.0705726 
0.0273845 0.0515 0.07479959999999999 
0.0248692 0.0351643 0.101053 
-0.00651634 0.0430936 0.1232 
-0.0529722 0.0204166 0.0602522 
-0.0195712  0.032 0.0544988 
0.0153384 0.0270492 0.0847967 
0.00165532 0.0505 0.0899442 
-0.053239 0.0147683 0.0792428 
0.0566325 0.0346356 0.06887989999999999 
-0.000370209 -0.0290851 0.137935 
-0.0143817 0.0365 0.0419 
0.00328359 0.0515 0.102679 
0.000324643 0.0515 0.0343567 
-0.0347925 -0.0152238 0.123466 
-0.0196768 0.0445 0.0611478 
0.0180627 0.0241509 0.0951248 
0.0146593 -0.0316219 0.127919 
0.0168033 0.0515 0.0721169 
-0.0216046 -0.00490076 0.00500161 
0.0693822 0.00281607 0.0819134 
-0.000794721 -0.0280934 0.04551 
0.0615095 -0.0264825 0.0813387 
0.00229597 0.0609 0.0950139 
-0.0163545 0.0455 0.0901983 
0.0165884 -0.01218 0.139634 
-0.0240671 -0.0233389 0.105576 
-0.0283954 0.0284964 0.107464 
0.0184297 -0.0123585 0.0261542 
0.0224261 0.00252073 0.146064 
-0.0212708 -0.0327008 0.0728512 
0.0165003 0.0455 0.088199 
0.0115155 0.0160406 0.0159961 
-0.0335157 0.0301806 0.0477188 
-0.00335027 0.0505 0.0259957 
-0.0160559 -0.0113614 0.0159961 
0.00785169 0.0365 0.0480988 
-0.0250466 -0.0279997 0.127184 
0.0427731 0.0015549 0.0222241 
-0.0134208 0.0505 0.0946979 
-0.05485 -0.0267637 0.0541316 
0.00498807 0.0455 0.0671551 
0.00410996 -0.02343 0.152422 
0.00583874 0.0385 0.0640418 
0.012949 0.0335 0.0305926 
0.0182558 0.0123277 0.008200000000000001 
0.0321418 -0.0232937 0.0399996 
-0.0227496 0.0365 0.0461851 
-0.0497073 0.0211976 0.08675769999999999 
-0.00384075 0.0365 0.0559126 
0.0170685 0.0609 0.0765846 
0.0330598 -0.024555 0.1232 
0.0687604 -0.0262834 0.0651037 
0.0188447 -0.0327805 0.124385 
0.0504918 -0.0216468 0.0335624 
-0.0340849 0.0162739 0.125436 
-0.026 0.0565184 0.0720436 
-0.0459817 0.0105825 0.0892969 
0.0348183 -0.00664333 0.0991553 
-0.0484634 -0.0258311 0.06980939999999999 
-0.00309491 0.0609 0.0960993 
0.0216063 0.0223153 0.0389569 
0.00411815 -0.0337429 0.0652571 
-0.0364449 0.018869 0.0933928 
0.0193412 0.0103545 0.153083 
-0.0251384 0.0515 0.0551236 
-0.0105443 0.0276411 0.0945365 
0.0281076 0.0279434 0.107464 
-0.00518421 0.0505 0.0360912 
0.0144209 0.0349931 0.125745 
0.00220791 0.0418501 0.109366 
-0.0118936 0.0505 0.050928 
0.00461376 0.0115463 0.140078 
0.0168379 -0.00747417 0.153095 
0.00672372 -0.0215185 0.14936 
-0.0152966 -0.00742181 0.0159961 
0.0074022 0.0385 0.0383242 
-0.00734846 -0.0209508 0.0321319 
0.0162089 0.0445 0.0301332 
-0.0167347 0.0365 0.0620846 
0.0055 0.0634412 0.0621208 
0.0376285 -0.0266026 0.0323675 
0.0275 0.0343494 0.0679965 
0.0154453 0.0365 0.0832731 
0.00531803 0.0609 0.0859578 
0.0393759 0.0132308 0.107464 
-0.0200911 0.0455 0.0312863 
-0.0200716 0.0445 0.0990505 
-0.0568389 -0.0246245 0.073105 
-0.00358114 0.0563102 0.0270197 
0.0207738 0.0385 0.0483091 
-0.00157625 -0.0339708 0.131321 
0.00718771 0.0365 0.0648581 
-0.0229917 -0.00625737 0.029961 
0.0416691 -0.0320218 0.0376921 
-0.0344454 -0.000346806 0.130435 
0.0128771  0.032 0.0721338 
-0.0179253 -0.000653921 0.0159961 
0.0264223 0.0365 0.100086 
-0.0193044 0.0335 0.0295126 
0.0162562 0.0455 0.0796178 
0.00334631 0.0645613 0.08649999999999999 
-0.0286552 0.0229701 0.0912694 
-0.0227317 0.0365 0.0287143 
0.00320869 0.0335 0.0960318 
-0.0280077 0.0244151 0.127184 
-0.0547819 0.0200744 0.0706835 
0.00234746 0.0445 0.0593366 
0.048662 0.0196043 0.0316064 
0.00695547 0.0445 0.0313246 
0.0216992 -0.000727275 0.0159961 
-0.0200104 0.0119155 0.153078 
0.0210387 0.0107903 0.141985 
-0.0383763 0.0314993 0.0528052 
0.0606677 -0.0137813 0.0355056 
0.0184089 0.0515 0.0533507 
0.0234031 0.0395 0.09542390000000001 
-0.0101892 -0.012172 0.0179951 
0.0275 0.0361419 0.09274110000000001 
-0.0145413 0.0365 0.0391526 
0.048662 -0.0351627 0.0830027 
0.0262945 0.0335 0.0726197 
0.019267 0.0515 0.0292823 
-0.0505192 -0.00328171 0.0594534 
-0.05485 -0.0271267 0.0504316 
-0.021669 0.0505 0.0542178 
0.0174036 0.0445 0.0254636 
-0.0200476 0.0506379 0.103199 
0.0541678 -0.0319185 0.0442984 
-0.0030457 0.0395 0.0319211 
0.00363532  0.032 0.0611669 
-0.0105025 0.0325128 0.107464 
0.0323311 -0.0295016 0.0807515 
0.0455679 0.0101456 0.0219374 
0.0477095 -0.0407383 0.0806634 
0.00876058 -0.020396 0.0340522 
0.0122697 0.0335 0.0658586 
0.0195465 0.0273309 0.102523 
0.0447405 0.0296476 0.09669750000000001 
0.00673637 0.0209736 0.033976 
-0.0505192 0.0106972 0.0494017 
-0.0414783 0.0134719 0.1232 
-0.0141635 0.0395 0.0864066 
-0.0277351 -0.0132092 0.136675 
0.0105112 0.0609 0.0564825 
0.01698 -0.0312614 0.0774374 
0.0428138 0.0417981 0.0716837 
-0.0374082 -0.0316891 0.0782945 
-0.0206182 0.0177847 0.139634 
0.0348183 -0.0219246 0.0918148 
0.0208612 0.0455 0.06385730000000001 
0.0674077 0.0198717 0.0818343 
-0.026 0.0548559 0.0461737 
-0.00510352 -0.0175116 -0.00499839 
-0.0424086 0.010489 0.119181 
-0.0276696 0.0259443 0.0906764 
0.0148879 -0.0332193 0.0583294 
-0.010932 -0.0360473 0.127184 
0.036366 -0.0387894 0.0496469 
0.0306523 0.0220312 0.126804 
0.0224431 0.0023579 0.146428 
-0.00368147 0.0395 0.09763230000000001 
-0.0237301 0.000241206 0.152529 
-0.0181805 0.00556993 0.0159961 
0.0218006 4.53484e-05 0.00500161 
0.0348183 -0.0339171 0.07931879999999999 
0.053881 -0.0360934 0.07611759999999999 
-0.0150746 0.0445 0.0895229 
-0.0115919 0.0188558 0.0346784 
0.048662 0.0384293 0.0446716 
-0.0220926 0.0395 0.0567128 
0.017767 -0.013449 0.0333798 
0.0166054 -0.0404861 0.115775 
0.0189976 0.0467962 0.09465610000000001 
0.0122878 -0.0230753 0.139634 
0.020242 0.0385 0.0900859 
-0.0532212 -0.0128833 0.0924917 
-0.0240684 0.0523299 0.0741511 
-0.0460078 0.0168139 0.0855707 
-0.0148403 -0.0329396 0.0570427 
0.00238386 0.0515 0.0447469 
0.0245434 -0.009989919999999999 0.139634 
0.037484 0.00477119 0.125861 
-0.0271297 0.00751694 0.137935 
-0.0259754 0.0455 0.089832 
0.0284685 -0.0260885 0.0431326 
0.0139053 0.0176058 0.144442 
-0.0158741 -0.0154317 0.00500161 
0.0242911 0.0455 0.0553898 
0.0031183  0.032 0.0690759 
-0.0221325 0.0572 0.0697328 
-0.0243796 0.0385 0.0381796 
0.00453472 0.0335 0.09902809999999999 
0.00729358 -0.000767571 0.00500161 
0.048662 -0.0312491 0.0341013 
0.0546953 0.0337421 0.0474569 
0.0636322 -0.00246692 0.075109 
0.00871278 0.0395 0.0582012 
-0.0566864 -0.0233601 0.0781028 
0.0636322 0.00670523 0.065738 
0.0566365 -0.0224693 0.0378733 
0.0693822 -0.0200875 0.07988149999999999 
-0.0162809 0.0515 0.07480920000000001 
0.0132999 -0.0177503 0.0255413 
0.016104 0.0515 0.0532207 
0.00936848 0.0609 0.0958426 
-0.0523258 -0.0203017 0.0694655 
0.0265489 -0.0155849 0.0957023 
0.0110791 0.0292469 0.047601 
-0.009427629999999999 0.0242142 0.139634 
0.01699 0.00437535 0.153098 
0.0177383 0.058782 0.0916168 
0.0636322 -0.0100356 0.0669433 
-0.0190351 0.0445 0.0596633 
-0.022017 -0.009674469999999999 0.15225 
0.00376692 0.0515 0.024986 
0.0636322 -0.00882089 0.0588306 
0.0292849 0.00651012 0.06773999999999999 
-0.0026497 0.0385 0.0809906 
0.0244935 0.0351529 0.09828580000000001 
0.00435525 -0.0434528 0.118707 
0.048662 -0.0313413 0.0366712 
-0.00505216 0.0365 0.0888925 
0.0676517 0.00421824 0.0905623 
0.008598639999999999 -0.009383610000000001 0.008373530000000001 
-0.0275 0.0351623 0.0738094 
-0.0505192 0.009131439999999999 0.07502780000000001 
-0.0264829 0.0225327 0.127943 
-0.0192528 0.0395 0.0236481 
0.0256955 -0.0320921 0.075071 
0.0156421 0.0385 0.0839598 
0.0180367 0.0505 0.07815 
0.013082 0.0505 0.06913999999999999 
0.0393038 -0.00289804 0.0228928 
0.0134729 0.0385 0.0267851 
-0.00417297 0.0156228 0.140523 
-0.0269062 0.0455 0.048491 
-0.0161689 0.0505 0.0364096 
0.0274052 0.0455 0.086104 
0.0185154 0.0365 0.0435048 
0.0491385 0.0328907 0.0835245 
0.048662 0.0201084 0.0988639 
0.041762 0.0235948 0.0300974 
0.0176719 -0.0113999 0.139634 
-0.0273398 0.0385 0.078582 
-0.0158698 0.0505 0.100268 
0.049857 0.0268476 0.0912423 
-0.00218151 0.0599 0.0864892 
0.0510335 -0.00295641 0.102243 
-0.0243094  0.032 0.0663903 
-0.022843 0.0572 0.07477789999999999 
0.0239789 0.0183449 0.0952235 
0.0108853 -0.0424134 0.115375 
-0.0057346 0.0515 0.0682947 
-0.000903576 0.0224513 0.145629 
-0.00337764 0.0515 0.047249 
-0.0319233 -0.029911 0.118702 
-0.0211529  0.032 0.07361239999999999 
0.0259428 -0.0307734 0.0783445 
0.025775 0.009692070000000001 0.138223 
0.0207456 0.0599 0.0753041 
-0.0130226 0.0505 0.0502892 
-0.0196973 0.0335568 0.1035 
-0.014804 0.022178 0.139634 
-0.00604238 0.0385 0.0817262 
0.0215192 0.00945901 0.139634 
-0.0505192 0.00635234 0.06278690000000001 
-0.00489426 0.0385 0.08575770000000001 
-0.0217728 -0.00423935 0.0570056 
0.0693822 -0.0216766 0.0694399 
-0.00636696 0.0599 0.0831462 
0.0533393 -0.0316898 0.08513759999999999 
0.0360429 0.0120536 0.107464 
0.0674526 0.0261709 0.0604321 
0.00197091 -0.0224216 0.151031 
-0.00306814 0.00682725 0.0191524 
-0.00760158 0.0147797 0.0171417 
0.0118752 -0.0337209 0.0662872 
0.0265012 -0.0230259 0.0892869 
0.0658169 0.00747624 0.0514177 
-0.0383763 -0.0200567 0.0421936 
0.00133884 0.0385 0.0992287 
-0.0548073 -0.0135442 0.0485405 
-0.0115252 0.0335 0.0261932 
-0.0249809 0.0455 0.0408696 
0.0106363 0.0320949 0.131541 
-0.0046834 0.0171704 0.00833415 
0.00634501 0.0599 0.07994709999999999 
0.0158174 -0.0180951 0.141958 
-0.0115985 0.0192871 0.142736 
-0.026664 0.0385 0.07960689999999999 
0.0203064 0.0455 0.0897468 
0.0237963 0.0110001 0.0325798 
-0.0371962 0.0325947 0.0527403 
0.0348183 0.00268452 0.0993917 
0.025924 0.0275173 0.126291 
-0.0520222 0.0212612 0.0419814 
-0.0305664 -0.0242855 0.1232 
0.0189491 0.0445 0.0366622 
0.0159785 -0.00940676 -0.00476016 
0.0212139 0.0385 0.040241 
-0.0168657 -0.00556726 0.139634 
0.00554665 -0.0186215 -0.00182995 
0.039643 -0.00503063 0.1232 
-0.0533654 0.0166125 0.0904416 
0.0409555 0.00683653 0.105652 
-0.0241059 0.029126 0.0855491 
3 626 989 276 
3 735 146 243 
3 59 735 243 
3 735 59 319 
3 894 744 243 
3 744 894 827 
3 989 163 276 
3 846 817 337 
3 891 781 464 
3 820 394 208 
3 457 757 267 
3 757 457 804 
3 947 757 804 
3 757 637 844 
3 637 757 374 
3 258 637 374 
3 387 782 438 
3 262 782 655 
3 782 262 276 
3 28 782 276 
3 447 387 862 
3 782 447 655 
3 447 782 387 
3 97 447 862 
3 804 834 208 
3 834 997 208 
3 851 846 337 
3 228 146 735 
3 228 735 319 
3 146 228 267 
3 59 576 319 
3 576 59 827 
3 59 0 827 
3 0 744 827 
3 0 59 243 
3 744 0 243 
3 163 474 846 
3 163 472 464 
3 472 163 989 
3 472 626 464 
3 472 989 626 
3 636 28 276 
3 346 163 846 
3 782 346 438 
3 346 782 28 
3 636 346 28 
3 163 346 276 
3 346 636 276 
3 68 817 781 
3 817 281 781 
3 281 817 846 
3 474 281 846 
3 139 891 464 
3 845 626 276 
3 845 749 626 
3 91 997 626 
3 749 91 626 
3 997 91 208 
3 394 91 749 
3 253 804 208 
3 394 253 208 
3 394 794 374 
3 258 794 655 
3 794 258 374 
3 794 749 655 
3 794 394 749 
3 757 386 374 
3 386 947 374 
3 947 386 757 
3 696 947 804 
3 253 696 804 
3 696 253 394 
3 696 394 374 
3 947 696 374 
3 637 412 844 
3 412 258 844 
3 258 412 637 
3 24 97 844 
3 834 209 997 
3 209 139 997 
3 139 209 891 
3 278 229 827 
3 229 278 745 
3 278 37 745 
3 894 37 827 
3 37 278 827 
3 89 37 593 
3 37 89 745 
3 89 593 287 
3 630 89 287 
3 468 851 337 
3 887 89 630 
3 146 766 243 
3 766 169 243 
3 766 146 267 
3 169 766 267 
3 757 903 267 
3 903 169 267 
3 169 903 757 
3 492 894 243 
3 169 492 243 
3 855 834 804 
3 306 457 267 
3 228 306 267 
3 457 306 804 
3 306 855 804 
3 143 185 237 
3 185 143 992 
3 826 143 237 
3 992 143 438 
3 143 826 438 
3 174 185 287 
3 174 97 237 
3 185 174 237 
3 543 992 438 
3 891 663 781 
3 663 68 781 
3 663 228 319 
3 68 663 319 
3 817 71 337 
3 68 71 817 
3 71 68 319 
3 71 468 337 
3 102 281 474 
3 102 163 464 
3 102 474 163 
3 781 102 464 
3 281 102 781 
3 997 799 626 
3 139 799 997 
3 626 799 464 
3 799 139 464 
3 262 20 276 
3 20 845 276 
3 20 262 655 
3 749 20 655 
3 845 20 749 
3 70 820 208 
3 91 70 208 
3 70 394 820 
3 70 91 394 
3 617 447 97 
3 617 24 258 
3 617 258 655 
3 447 617 655 
3 258 188 844 
3 188 24 844 
3 24 188 258 
3 97 35 237 
3 35 97 862 
3 387 35 862 
3 35 826 237 
3 35 387 438 
3 826 35 438 
3 313 992 846 
3 851 995 846 
3 995 313 846 
3 313 995 887 
3 185 72 287 
3 72 630 287 
3 72 887 630 
3 468 84 851 
3 229 84 827 
3 84 468 827 
3 887 84 89 
3 84 229 745 
3 89 84 745 
3 634 169 757 
3 634 757 844 
3 97 634 844 
3 492 634 894 
3 451 209 834 
3 855 451 834 
3 209 451 891 
3 543 405 992 
3 346 529 438 
3 529 543 438 
3 71 441 468 
3 468 441 827 
3 441 71 319 
3 441 576 827 
3 576 441 319 
3 24 966 97 
3 966 617 97 
3 617 966 24 
3 445 995 851 
3 995 445 887 
3 84 445 851 
3 445 84 887 
3 807 185 992 
3 72 807 992 
3 807 72 185 
3 574 72 992 
3 72 574 887 
3 313 574 992 
3 574 313 887 
3 509 492 169 
3 634 509 169 
3 509 634 492 
3 949 663 891 
3 992 273 846 
3 405 273 992 
3 451 431 891 
3 431 949 891 
3 663 907 228 
3 949 907 663 
3 907 306 228 
3 306 907 855 
3 907 451 855 
3 907 431 451 
3 431 907 949 
3 593 634 287 
3 37 634 593 
3 174 634 97 
3 634 37 894 
3 634 174 287 
3 273 405 543 
3 273 346 846 
3 529 273 543 
3 273 529 346 
Vertices and facets:
- p989(v33): -0.052 0.021 0.042
  neighbors: f138 f179 f309 f311
- p626(v18): -0.055 0.028 0.054
  neighbors: f138 f310 f311 f356 f357 f362 f363 f497 f499
- p276(v9): -0.026 0.051 0.034
  neighbors: f138 f179 f248 f249 f312 f330 f331 f356 f501 f502
- p146(v37): 0.007 -0.019  0.15
  neighbors: f157 f288 f294 f442 f444
- p735(v20): 0.0041 -0.023  0.15
  neighbors: f157 f167 f169 f288 f290
- p243(v10): 0.019 -0.014  0.15
  neighbors: f157 f167 f171 f302 f303 f442 f443 f449 f450
- p59(v39): 0.011 -0.042  0.12
  neighbors: f167 f169 f297 f299 f300 f302
- p319(v6): -0.0034 -0.044  0.12
  neighbors: f169 f290 f297 f484 f485 f488 f568 f570
- p744(v40): 0.033 -0.025  0.12
  neighbors: f171 f172 f301 f303
- p894(v21): 0.069 -0.02  0.08
  neighbors: f171 f172 f417 f449 f553 f610
- p827(v19): 0.048 -0.041 0.081
  neighbors: f172 f299 f300 f301 f412 f417 f418 f538 f539 f567 f569
- p163(v41): -0.017 0.0087 -0.0028
  neighbors: f179 f305 f308 f309 f324 f330 f493 f494
- p817(v43): -0.055 -0.027  0.05
  neighbors: f189 f338 f345 f347 f486 f487
- p846(v22): -0.0051 -0.018 -0.005
  neighbors: f189 f273 f305 f324 f347 f348 f524 f527 f529 f594 f614
- p337(v11): -0.026 -0.034  0.05
  neighbors: f189 f273 f427 f486 f489
- p891(v44): -0.057 -0.023 0.078
  neighbors: f193 f352 f402 f479 f556 f588 f596 f597
- p781(v23): -0.057 -0.025 0.073
  neighbors: f193 f338 f345 f479 f480 f495 f496
- p464(v0): -0.057 0.0043 0.039
  neighbors: f193 f308 f310 f352 f493 f495 f499 f500
- p394(v46): -0.0061 0.061   0.1
  neighbors: f211 f367 f369 f371 f375 f381 f382 f508 f509
- p820(v25): -0.02 0.051   0.1
  neighbors: f211 f506 f508
- p208(v7): -0.029 0.032  0.12
  neighbors: f211 f260 f261 f364 f368 f369 f506 f507
- p457(v47): -0.0047 0.0091  0.15
  neighbors: f214 f215 f461 f463
- p757(v26): 0.019  0.01  0.15
  neighbors: f214 f215 f219 f223 f224 f376 f378 f446 f448 f546 f548
- p267(v3): 0.0076 -0.0025  0.15
  neighbors: f214 f294 f444 f445 f446 f447 f461 f462
- p804(v24): -0.02 0.012  0.15
  neighbors: f215 f219 f260 f368 f379 f380 f456 f463 f464
- p947(v48): -0.0009 0.022  0.15
  neighbors: f219 f377 f378 f379 f383
- p637(v49): 0.025 0.036  0.12
  neighbors: f223 f224 f234 f389 f391
- p844(v8): 0.067  0.02 0.082
  neighbors: f223 f389 f390 f395 f515 f516 f548 f550
- p374(v12): 0.012 0.061   0.1
  neighbors: f224 f234 f371 f373 f376 f377 f382 f383
- p258(v51): 0.026  0.06 0.094
  neighbors: f234 f372 f373 f390 f391 f512 f513 f515 f517
- p782(v53): -0.0036 0.056 0.027
  neighbors: f243 f246 f248 f249 f255 f256 f327 f328
- p387(v31):  0.02 0.051 0.025
  neighbors: f243 f253 f256 f520 f522
- p438(v5):  0.01 0.016 -0.0023
  neighbors: f243 f327 f469 f470 f477 f522 f523 f564 f565
- p262(v30): -0.011 0.057 0.034
  neighbors: f246 f248 f501 f503
- p655(v2): 0.0095 0.065 0.069
  neighbors: f246 f255 f372 f374 f503 f504 f513 f514
- p28(v32): -0.017 0.044 0.024
  neighbors: f249 f312 f328 f329
- p447(v55): 0.025 0.061 0.059
  neighbors: f253 f255 f256 f258 f510 f514
- p862(v15): 0.049 0.038 0.045
  neighbors: f253 f258 f519 f520
- p97(v52): 0.069 0.024 0.054
  neighbors: f258 f395 f473 f510 f518 f519 f550 f571 f572 f609
- p834(v56): -0.041 0.013  0.12
  neighbors: f260 f261 f400 f456 f554 f555
- p997(v34): -0.053 0.017  0.09
  neighbors: f261 f362 f364 f400 f401 f497 f498
- p851(v59): 0.036 -0.039  0.05
  neighbors: f273 f427 f527 f536 f574 f576
- p228(v61): -0.0077 -0.02  0.15
  neighbors: f288 f290 f294 f462 f484 f599 f601
- p576(v62): 0.0058 -0.043  0.12
  neighbors: f297 f299 f569 f570
- p0(v63): 0.028 -0.033  0.12
  neighbors: f300 f301 f302 f303
- p474(v64): -0.018 -0.0078 -0.00045
  neighbors: f305 f348 f492 f494
- p472(v65): -0.056 0.0092 0.039
  neighbors: f308 f309 f310 f311
- p636(v66): -0.02 0.044 0.025
  neighbors: f312 f329 f331
- p346(v69): -0.011 0.012 -0.005
  neighbors: f324 f327 f328 f329 f330 f331 f564 f614 f616
- p68(v71): -0.018 -0.04  0.12
  neighbors: f338 f480 f485 f487 f488
- p281(v72): -0.057 -0.018 0.044
  neighbors: f345 f347 f348 f492 f496
- p139(v73): -0.055 0.014  0.08
  neighbors: f352 f401 f402 f498 f500
- p845(v75): -0.026 0.055 0.046
  neighbors: f356 f357 f502 f505
- p749(v45): -0.026 0.057 0.072
  neighbors: f357 f363 f367 f374 f375 f504 f505
- p91(v76): -0.028 0.051 0.086
  neighbors: f362 f363 f364 f367 f507 f509
- p253(v77): -0.019 0.039  0.12
  neighbors: f368 f369 f380 f381
- p794(v78): 0.0033 0.065 0.086
  neighbors: f371 f372 f373 f374 f375
- p386(v79): 0.0038 0.027  0.14
  neighbors: f376 f377 f378
- p696(v80): -0.0065 0.043  0.12
  neighbors: f379 f380 f381 f382 f383
- p412(v82): 0.055 0.025 0.093
  neighbors: f389 f390 f391
- p24(v83): 0.067 0.027 0.066
  neighbors: f395 f512 f516 f517 f571 f573
- p209(v85): -0.055 -0.01 0.093
  neighbors: f400 f401 f402 f554 f556
- p229(v87): 0.056 -0.036 0.068
  neighbors: f412 f413 f538 f541
- p278(v86): 0.068 -0.025 0.073
  neighbors: f412 f413 f416 f418
- p745(v58): 0.069 -0.026 0.065
  neighbors: f413 f416 f423 f541 f542
- p37(v88): 0.069 -0.023 0.075
  neighbors: f416 f417 f418 f422 f423 f608 f610
- p89(v89): 0.069 -0.024 0.054
  neighbors: f422 f423 f424 f425 f439 f540 f542
- p593(v57): 0.069 -0.022 0.057
  neighbors: f422 f424 f606 f608
- p287(v14): 0.069 -0.014 0.045
  neighbors: f424 f425 f472 f533 f534 f606 f611
- p630(v70): 0.066 -0.021 0.046
  neighbors: f425 f439 f534 f535
- p468(v90): 0.039 -0.042 0.061
  neighbors: f427 f489 f536 f539 f566 f567
- p887(v91): 0.049 -0.031 0.034
  neighbors: f439 f530 f535 f540 f575 f577 f582 f584
- p766(v92): 0.017 -0.0075  0.15
  neighbors: f442 f443 f444 f445
- p169(v60):  0.02 -0.0012  0.15
  neighbors: f443 f445 f447 f448 f450 f546 f585 f586
- p903(v93): 0.017 0.0044  0.15
  neighbors: f446 f447 f448
- p492(v94): 0.067 -0.0042 0.091
  neighbors: f449 f450 f553 f585 f587
- p855(v95): -0.024 0.00024  0.15
  neighbors: f456 f464 f555 f602 f603
- p306(v96): -0.019 -0.0013  0.15
  neighbors: f461 f462 f463 f464 f601 f602
- p143(v97): 0.049 -0.00076 0.021
  neighbors: f466 f467 f468 f469 f470
- p185(v68): 0.068 -0.0062 0.039
  neighbors: f466 f467 f472 f474 f533 f578 f580
- p237(v28): 0.061 0.011 0.035
  neighbors: f466 f468 f473 f474 f518 f521
- p992(v42): 0.016 -0.0094 -0.0048
  neighbors: f467 f469 f477 f524 f562 f578 f579 f581 f583 f594 f595
- p826(v67): 0.046  0.01 0.022
  neighbors: f468 f470 f521 f523
- p174(v98): 0.069 0.0086 0.046
  neighbors: f472 f473 f474 f609 f611
- p543(v99): 0.0042 0.0076 -0.005
  neighbors: f477 f562 f565 f613 f615
- p663(v100): -0.024 -0.036  0.12
  neighbors: f479 f480 f484 f485 f588 f599 f600
- p71(v101): -0.0054 -0.043  0.12
  neighbors: f486 f487 f488 f489 f566 f568
- p102(v102): -0.057 -0.0092  0.04
  neighbors: f492 f493 f494 f495 f496
- p799(v103): -0.055  0.02 0.071
  neighbors: f497 f498 f499 f500
- p20(v104): -0.023 0.056 0.043
  neighbors: f501 f502 f503 f504 f505
- p70(v105): -0.026 0.051 0.091
  neighbors: f506 f507 f508 f509
- p617(v106): 0.026 0.061 0.064
  neighbors: f510 f512 f513 f514 f572 f573
- p188(v107): 0.066 0.027 0.067
  neighbors: f515 f516 f517
- p35(v108): 0.048 0.029 0.032
  neighbors: f518 f519 f520 f521 f522 f523
- p313(v109): 0.011 -0.016 -0.0043
  neighbors: f524 f529 f530 f583 f584
- p995(v110): 0.0055 -0.019 -0.0018
  neighbors: f527 f529 f530 f574 f575
- p72(v111): 0.055 -0.021 0.033
  neighbors: f533 f534 f535 f579 f580 f581 f582
- p84(v112): 0.056 -0.035 0.049
  neighbors: f536 f538 f539 f540 f541 f542 f576 f577
- p634(v114): 0.069 0.0094 0.088
  neighbors: f546 f548 f550 f553 f586 f587 f606 f608 f609 f610 f611
- p451(v115): -0.042 -0.012  0.12
  neighbors: f554 f555 f556 f596 f603 f604
- p405(v116): 0.0031 -0.00063 -0.005
  neighbors: f562 f595 f613
- p529(v117): 0.0026 0.0095 -0.005
  neighbors: f564 f565 f615 f616
- p441(v118): 0.0033 -0.044  0.12
  neighbors: f566 f567 f568 f569 f570
- p966(v119): 0.067 0.026  0.06
  neighbors: f571 f572 f573
- p445(v120): 0.041 -0.036 0.043
  neighbors: f574 f575 f576 f577
- p807(v121): 0.061 -0.014 0.036
  neighbors: f578 f579 f580
- p574(v122): 0.047 -0.025 0.029
  neighbors: f581 f582 f583 f584
- p509(v123): 0.068 0.0026 0.091
  neighbors: f585 f586 f587
- p949(v124): -0.032 -0.03  0.12
  neighbors: f588 f597 f600 f605
- p273(v125): -0.0028 -0.014 -0.005
  neighbors: f594 f595 f613 f614 f615 f616
- p431(v126): -0.033 -0.029  0.12
  neighbors: f596 f597 f604 f605
- p907(v127): -0.022 -0.0097  0.15
  neighbors: f599 f600 f601 f602 f603 f604 f605
- f138
    - flags: bottom simplicial
    - normal:   -0.7268   0.5141  -0.4555
    - offset: -0.02961829
    - vertices: p989(v33) p626(v18) p276(v9)
    - neighboring facets: f356 f179 f311
- f157
    - flags: bottom simplicial
    - normal:     0.139  -0.2146   0.9667
    - offset: -0.1529542
    - vertices: p146(v37) p735(v20) p243(v10)
    - neighboring facets: f167 f442 f288
- f167
    - flags: top simplicial
    - normal:    0.4431  -0.7085   0.5493
    - offset: -0.1021436
    - vertices: p59(v39) p735(v20) p243(v10)
    - neighboring facets: f157 f302 f169
- f169
    - flags: bottom simplicial
    - normal:   0.08611  -0.8331   0.5464
    - offset: -0.1031536
    - vertices: p59(v39) p735(v20) p319(v6)
    - neighboring facets: f290 f297 f167
- f171
    - flags: bottom simplicial
    - normal:    0.6752  -0.5317   0.5113
    - offset: -0.09837041
    - center: 0.04058709999999999 -0.01954393333333333 0.1184708333333333 
    - vertices: p744(v40) p894(v21) p243(v10)
    - neighboring facets: f449 f303 f172
- f172
    - flags: top simplicial
    - normal:    0.6224  -0.6359   0.4563
    - offset: -0.09240788
    - center: 0.0500505 -0.02846026666666667 0.09458163333333332 
    - vertices: p744(v40) p894(v21) p827(v19)
    - neighboring facets: f417 f301 f171
- f179
    - flags: bottom simplicial
    - normal:    -0.661   0.4085  -0.6294
    - offset: -0.0166485
    - vertices: p163(v41) p989(v33) p276(v9)
    - neighboring facets: f138 f330 f309
- f189
    - flags: bottom simplicial
    - normal:   -0.2197  -0.9088  -0.3548
    - offset: -0.01880855
    - vertices: p817(v43) p846(v22) p337(v11)
    - neighboring facets: f273 f486 f347
- f193
    - flags: top simplicial
    - normal:   -0.9993   0.0275  0.02354
    - offset: -0.0578449
    - vertices: p891(v44) p781(v23) p464(v0)
    - neighboring facets: f495 f352 f479
- f211
    - flags: bottom simplicial
    - normal:   -0.5296   0.7293   0.4332
    - offset: -0.09225165
    - vertices: p394(v46) p820(v25) p208(v7)
    - neighboring facets: f506 f369 f508
- f214
    - flags: top simplicial
    - normal:  0.001542 0.002329        1
    - offset: -0.1531363
    - vertices: p457(v47) p757(v26) p267(v3)
    - neighboring facets: f446 f461 f215
- f215
    - flags: bottom simplicial
    - normal:  0.0006525  0.01965   0.9998
    - offset: -0.1532695
    - vertices: p457(v47) p757(v26) p804(v24)
    - neighboring facets: f219 f463 f214
- f219
    - flags: top simplicial
    - normal:   0.02173   0.5506   0.8345
    - offset: -0.1338684
    - vertices: p947(v48) p757(v26) p804(v24)
    - neighboring facets: f215 f379 f378
- f223
    - flags: bottom simplicial
    - normal:    0.6955   0.4813   0.5335
    - offset: -0.1001067
    - center: 0.0371383 0.02210986666666667 0.1192771 
    - vertices: p637(v49) p757(v26) p844(v8)
    - neighboring facets: f548 f389 f224
- f224
    - flags: top simplicial
    - normal:    0.3228    0.691   0.6468
    - offset: -0.1124055
    - vertices: p637(v49) p757(v26) p374(v12)
    - neighboring facets: f376 f234 f223
- f234
    - flags: top simplicial
    - normal:     0.428   0.6928   0.5804
    - offset: -0.1069104
    - vertices: p258(v51) p637(v49) p374(v12)
    - neighboring facets: f224 f373 f391
- f243
    - flags: bottom simplicial
    - normal:   0.07807   0.6067  -0.7911
    - offset: -0.01250669
    - vertices: p782(v53) p387(v31) p438(v5)
    - neighboring facets: f522 f327 f256
- f246
    - flags: bottom simplicial
    - normal:  -0.06116   0.9789  -0.1952
    - offset: -0.05006406
    - vertices: p782(v53) p262(v30) p655(v2)
    - neighboring facets: f503 f255 f248
- f248
    - flags: top simplicial
    - normal:   -0.3523   0.8022  -0.4821
    - offset: -0.03340739
    - vertices: p782(v53) p262(v30) p276(v9)
    - neighboring facets: f501 f249 f246
- f249
    - flags: bottom simplicial
    - normal:   -0.3697   0.6253  -0.6872
    - offset: -0.01796752
    - vertices: p782(v53) p28(v32) p276(v9)
    - neighboring facets: f312 f248 f328
- f253
    - flags: top simplicial
    - normal:    0.5507   0.7749  -0.3103
    - offset: -0.04271254
    - vertices: p447(v55) p387(v31) p862(v15)
    - neighboring facets: f520 f258 f256
- f255
    - flags: bottom simplicial
    - normal:    0.1199   0.9613  -0.2481
    - offset: -0.04699655
    - vertices: p447(v55) p782(v53) p655(v2)
    - neighboring facets: f246 f514 f256
- f256
    - flags: top simplicial
    - normal:    0.1914   0.9318  -0.3083
    - offset: -0.04345684
    - vertices: p447(v55) p782(v53) p387(v31)
    - neighboring facets: f243 f253 f255
- f258
    - flags: bottom simplicial
    - normal:    0.6215   0.7643  -0.1719
    - offset: -0.05193906
    - vertices: p447(v55) p97(v52) p862(v15)
    - neighboring facets: f519 f253 f510
- f260
    - flags: bottom simplicial
    - normal:   -0.7075   0.4645   0.5326
    - offset: -0.1012179
    - vertices: p834(v56) p804(v24) p208(v7)
    - neighboring facets: f368 f261 f456
- f261
    - flags: top simplicial
    - normal:   -0.7875    0.517   0.3353
    - offset: -0.08094582
    - vertices: p834(v56) p997(v34) p208(v7)
    - neighboring facets: f364 f260 f400
- f273
    - flags: top simplicial
    - normal:  -0.07683  -0.9474  -0.3106
    - offset: -0.01853561
    - vertices: p851(v59) p846(v22) p337(v11)
    - neighboring facets: f189 f427 f527
- f288
    - flags: top simplicial
    - normal:   0.01379  -0.1433   0.9896
    - offset: -0.1542485
    - vertices: p228(v61) p146(v37) p735(v20)
    - neighboring facets: f157 f290 f294
- f290
    - flags: top simplicial
    - normal:    -0.196  -0.7861   0.5862
    - offset: -0.1069638
    - vertices: p228(v61) p735(v20) p319(v6)
    - neighboring facets: f169 f484 f288
- f294
    - flags: bottom simplicial
    - normal:  -0.0001559 -0.002546        1
    - offset: -0.1531356
    - vertices: p228(v61) p146(v37) p267(v3)
    - neighboring facets: f444 f462 f288
- f297
    - flags: bottom simplicial
    - normal:   0.08684  -0.9652   0.2467
    - offset: -0.07207135
    - vertices: p576(v62) p59(v39) p319(v6)
    - neighboring facets: f169 f570 f299
- f299
    - flags: top simplicial
    - normal:    0.1443  -0.9856  0.08808
    - offset: -0.05414295
    - vertices: p576(v62) p59(v39) p827(v19)
    - neighboring facets: f300 f569 f297
- f300
    - flags: bottom simplicial
    - normal:    0.5315  -0.7245   0.4389
    - offset: -0.09027372
    - vertices: p0(v63) p59(v39) p827(v19)
    - neighboring facets: f299 f301 f302
- f301
    - flags: top simplicial
    - normal:    0.5835  -0.6717   0.4565
    - offset: -0.09202379
    - vertices: p0(v63) p744(v40) p827(v19)
    - neighboring facets: f172 f300 f303
- f302
    - flags: top simplicial
    - normal:    0.5318  -0.6832   0.5004
    - offset: -0.09606213
    - vertices: p0(v63) p59(v39) p243(v10)
    - neighboring facets: f167 f303 f300
- f303
    - flags: bottom simplicial
    - normal:     0.537  -0.6796   0.4998
    - offset: -0.09601248
    - vertices: p0(v63) p744(v40) p243(v10)
    - neighboring facets: f171 f302 f301
- f305
    - flags: bottom simplicial
    - normal:   -0.4159  -0.1139  -0.9023
    - offset: -0.008627472
    - vertices: p474(v64) p163(v41) p846(v22)
    - neighboring facets: f324 f348 f494
- f308
    - flags: bottom simplicial
    - normal:   -0.7284   0.0366  -0.6841
    - offset: -0.01470708
    - vertices: p472(v65) p163(v41) p464(v0)
    - neighboring facets: f493 f310 f309
- f309
    - flags: top simplicial
    - normal:   -0.6668   0.3969  -0.6307
    - offset: -0.01665055
    - vertices: p472(v65) p163(v41) p989(v33)
    - neighboring facets: f179 f311 f308
- f310
    - flags: top simplicial
    - normal:   -0.9968  0.07887 0.009883
    - offset: -0.05738784
    - vertices: p472(v65) p626(v18) p464(v0)
    - neighboring facets: f499 f308 f311
- f311
    - flags: top simplicial
    - normal:   -0.8168   0.4005  -0.4153
    - offset: -0.03357069
    - vertices: p472(v65) p989(v33) p626(v18)
    - neighboring facets: f138 f310 f309
- f312
    - flags: top simplicial
    - normal:    -0.396   0.5998  -0.6953
    - offset: -0.01709841
    - vertices: p636(v66) p28(v32) p276(v9)
    - neighboring facets: f249 f331 f329
- f324
    - flags: top simplicial seen
    - normal:   -0.3174 -0.06498   -0.946
    - offset: -0.007486698
    - center: -0.01112820666666667 0.001029916666666667 -0.00425034 
    - vertices: p346(v69) p163(v41) p846(v22)
    - neighboring facets: f305 f614 f330
    - ridges:
- f327
    - flags: bottom simplicial
    - normal:  -0.01867   0.5865  -0.8097
    - offset: -0.01121355
    - center: -0.001432513333333334 0.02816386666666667 0.006583763333333333 
    - vertices: p346(v69) p782(v53) p438(v5)
    - neighboring facets: f243 f564 f328
- f328
    - flags: top simplicial
    - normal:   -0.3252   0.5884  -0.7403
    - offset: -0.01429684
    - vertices: p346(v69) p782(v53) p28(v32)
    - neighboring facets: f249 f329 f327
- f329
    - flags: bottom simplicial
    - normal:   -0.4113   0.5561  -0.7222
    - offset: -0.01478042
    - vertices: p346(v69) p636(v66) p28(v32)
    - neighboring facets: f312 f328 f331
- f330
    - flags: bottom simplicial
    - normal:   -0.5163   0.4989  -0.6961
    - offset: -0.01513804
    - vertices: p346(v69) p163(v41) p276(v9)
    - neighboring facets: f179 f331 f324
- f331
    - flags: top simplicial
    - normal:   -0.4877   0.5173  -0.7032
    - offset: -0.01507443
    - vertices: p346(v69) p636(v66) p276(v9)
    - neighboring facets: f312 f330 f329
- f338
    - flags: top simplicial
    - normal:   -0.4257  -0.9027  0.06228
    - offset: -0.05097925
    - vertices: p68(v71) p817(v43) p781(v23)
    - neighboring facets: f345 f480 f487
- f345
    - flags: bottom simplicial
    - normal:   -0.9682  -0.2434 -0.05807
    - offset: -0.05677923
    - vertices: p281(v72) p817(v43) p781(v23)
    - neighboring facets: f338 f496 f347
- f347
    - flags: top simplicial
    - normal:   -0.5834    -0.53  -0.6155
    - offset: -0.01533444
    - vertices: p281(v72) p817(v43) p846(v22)
    - neighboring facets: f189 f348 f345
- f348
    - flags: bottom simplicial
    - normal:   -0.6031  -0.4815   -0.636
    - offset: -0.01468811
    - vertices: p281(v72) p474(v64) p846(v22)
    - neighboring facets: f305 f347 f492
- f352
    - flags: top simplicial
    - normal:    -0.998  0.04942  0.03914
    - offset: -0.05847589
    - vertices: p139(v73) p891(v44) p464(v0)
    - neighboring facets: f193 f500 f402
- f356
    - flags: top simplicial
    - normal:    -0.699   0.6791  -0.2241
    - offset: -0.04507748
    - vertices: p845(v75) p626(v18) p276(v9)
    - neighboring facets: f138 f502 f357
- f357
    - flags: top simplicial
    - normal:   -0.6917   0.7207 -0.04631
    - offset: -0.05537953
    - vertices: p845(v75) p749(v45) p626(v18)
    - neighboring facets: f363 f356 f505
- f362
    - flags: top simplicial
    - normal:   -0.7686   0.6035   0.2123
    - offset: -0.07024486
    - vertices: p91(v76) p997(v34) p626(v18)
    - neighboring facets: f497 f363 f364
- f363
    - flags: bottom simplicial
    - normal:   -0.7487   0.6412   0.1683
    - offset: -0.06782892
    - vertices: p91(v76) p749(v45) p626(v18)
    - neighboring facets: f357 f362 f367
- f364
    - flags: bottom simplicial
    - normal:   -0.7531   0.5994   0.2712
    - offset: -0.07467947
    - vertices: p91(v76) p997(v34) p208(v7)
    - neighboring facets: f261 f507 f362
- f367
    - flags: bottom simplicial
    - normal:   -0.5584    0.792   0.2469
    - offset: -0.07706751
    - vertices: p91(v76) p394(v46) p749(v45)
    - neighboring facets: f375 f363 f509
- f368
    - flags: top simplicial
    - normal:   -0.4217   0.6859   0.5931
    - offset: -0.1073979
    - vertices: p253(v77) p804(v24) p208(v7)
    - neighboring facets: f260 f369 f380
- f369
    - flags: bottom simplicial
    - normal:   -0.4462   0.7257   0.5236
    - offset: -0.1008365
    - vertices: p253(v77) p394(v46) p208(v7)
    - neighboring facets: f211 f368 f381
- f371
    - flags: bottom simplicial
    - normal:  0.0004774   0.9761   0.2174
    - offset: -0.08182683
    - vertices: p794(v78) p394(v46) p374(v12)
    - neighboring facets: f382 f373 f375
- f372
    - flags: bottom simplicial
    - normal:     0.169   0.9797   0.1076
    - offset: -0.07312536
    - vertices: p794(v78) p258(v51) p655(v2)
    - neighboring facets: f513 f374 f373
- f373
    - flags: top simplicial
    - normal:     0.159   0.9776   0.1376
    - offset: -0.07555414
    - vertices: p794(v78) p258(v51) p374(v12)
    - neighboring facets: f234 f371 f372
- f374
    - flags: top simplicial
    - normal:    -0.247   0.9683 -0.03721
    - offset: -0.0584687
    - vertices: p794(v78) p749(v45) p655(v2)
    - neighboring facets: f504 f372 f375
- f375
    - flags: top simplicial
    - normal:   -0.2861    0.957  0.04839
    - offset: -0.0650118
    - vertices: p794(v78) p394(v46) p749(v45)
    - neighboring facets: f367 f374 f371
- f376
    - flags: bottom simplicial
    - normal:    0.1731    0.707   0.6858
    - offset: -0.1156455
    - vertices: p386(v79) p757(v26) p374(v12)
    - neighboring facets: f224 f377 f378
- f377
    - flags: top simplicial
    - normal:    0.1553   0.7111   0.6857
    - offset: -0.1156885
    - vertices: p386(v79) p947(v48) p374(v12)
    - neighboring facets: f383 f376 f378
- f378
    - flags: bottom simplicial
    - normal:     0.167   0.7045   0.6897
    - offset: -0.1161111
    - vertices: p386(v79) p947(v48) p757(v26)
    - neighboring facets: f219 f376 f377
- f379
    - flags: top simplicial
    - normal:   -0.1253   0.7142   0.6887
    - offset: -0.1164351
    - vertices: p696(v80) p947(v48) p804(v24)
    - neighboring facets: f219 f380 f383
- f380
    - flags: bottom simplicial
    - normal:    -0.267   0.7245   0.6354
    - offset: -0.1112469
    - vertices: p696(v80) p253(v77) p804(v24)
    - neighboring facets: f368 f379 f381
- f381
    - flags: top simplicial
    - normal:   -0.2676   0.7261   0.6334
    - offset: -0.1110659
    - vertices: p696(v80) p253(v77) p394(v46)
    - neighboring facets: f369 f382 f380
- f382
    - flags: top simplicial
    - normal:   0.00145   0.7509   0.6605
    - offset: -0.1137173
    - vertices: p696(v80) p394(v46) p374(v12)
    - neighboring facets: f371 f383 f381
- f383
    - flags: bottom simplicial
    - normal:   0.02737   0.7389   0.6732
    - offset: -0.1146058
    - vertices: p696(v80) p947(v48) p374(v12)
    - neighboring facets: f377 f382 f379
- f389
    - flags: bottom simplicial
    - normal:     0.688   0.5133    0.513
    - offset: -0.09856018
    - vertices: p412(v82) p637(v49) p844(v8)
    - neighboring facets: f223 f390 f391
- f390
    - flags: top simplicial
    - normal:    0.6752   0.5598   0.4804
    - offset: -0.09594838
    - vertices: p412(v82) p258(v51) p844(v8)
    - neighboring facets: f515 f389 f391
- f391
    - flags: bottom simplicial
    - normal:    0.6748   0.5594   0.4814
    - offset: -0.09600726
    - vertices: p412(v82) p258(v51) p637(v49)
    - neighboring facets: f234 f389 f390
- f395
    - flags: top simplicial
    - normal:     0.939   0.3251    0.112
    - offset: -0.07892572
    - center: 0.06787753333333334 0.02350926666666667 0.06734116666666666 
    - vertices: p24(v83) p97(v52) p844(v8)
    - neighboring facets: f550 f516 f571
- f400
    - flags: bottom simplicial
    - normal:   -0.9335  0.08945   0.3473
    - offset: -0.08271237
    - vertices: p209(v85) p834(v56) p997(v34)
    - neighboring facets: f261 f401 f554
- f401
    - flags: top simplicial
    - normal:   -0.9908   0.0677    0.117
    - offset: -0.06457818
    - vertices: p209(v85) p139(v73) p997(v34)
    - neighboring facets: f498 f400 f402
- f402
    - flags: bottom simplicial
    - normal:   -0.9958  0.04701  0.07917
    - offset: -0.06153075
    - vertices: p209(v85) p139(v73) p891(v44)
    - neighboring facets: f352 f556 f401
- f412
    - flags: bottom simplicial
    - normal:    0.6358  -0.7546   0.1623
    - offset: -0.07416722
    - center: 0.05738503333333333 -0.03404156666666665 0.07389486666666667 
    - vertices: p229(v87) p278(v86) p827(v19)
    - neighboring facets: f418 f538 f413
- f413
    - flags: top simplicial
    - normal:    0.6378  -0.7543    0.156
    - offset: -0.07383396
    - center: 0.064402 -0.02922326666666666 0.0687083 
    - vertices: p229(v87) p278(v86) p745(v58)
    - neighboring facets: f416 f541 f412
- f416
    - flags: bottom simplicial tested
    - normal:    0.7803  -0.6097   0.1394
    - offset: -0.07875364
    - center: 0.06884003333333333 -0.02484146666666667 0.07096413333333333 
    - vertices: p37(v88) p278(v86) p745(v58)
    - neighboring facets: f413 f423 f418
- f417
    - flags: bottom simplicial tested seen
    - normal:    0.6336   -0.649   0.4211
    - offset: -0.09063623
    - center: 0.06215796666666668 -0.02801140000000001 0.07853880000000001 
    - vertices: p37(v88) p894(v21) p827(v19)
    - neighboring facets: f172 f418 f610
    - ridges:
- f418
    - flags: top simplicial tested
    - normal:    0.6465  -0.7115   0.2754
    - offset: -0.08204127
    - center: 0.06182306666666666 -0.02965976666666666 0.0761507 
    - vertices: p37(v88) p278(v86) p827(v19)
    - neighboring facets: f412 f417 f416
- f422
    - flags: top simplicial tested seen
    - normal:    0.9873  -0.1584 -0.008791
    - offset: -0.07151959
    - center: 0.069272 -0.0231737 0.06206963333333334 
    - vertices: p89(v89) p37(v88) p593(v57)
    - neighboring facets: f608 f424 f423
    - ridges:
- f423
    - flags: bottom simplicial tested
    - normal:    0.9849  -0.1728 -0.008133
    - offset: -0.07173603
    - center: 0.06906473333333335 -0.02453336666666667 0.06477653333333333 
    - vertices: p89(v89) p37(v88) p745(v58)
    - neighboring facets: f416 f542 f422
- f424
    - flags: top simplicial tested seen
    - normal:    0.9946 -0.08574 -0.05854
    - offset: -0.06757544
    - center: 0.069272 -0.02016416666666667 0.05212233333333333 
    - vertices: p89(v89) p593(v57) p287(v14)
    - neighboring facets: f606 f425 f422
    - ridges:
- f425
    - flags: bottom simplicial tested
    - normal:     0.757  -0.4506  -0.4732
    - offset: -0.03751065
    - center: 0.06821333333333333 -0.01962530000000001 0.0485447 
    - vertices: p89(v89) p630(v70) p287(v14)
    - neighboring facets: f534 f424 f439
- f427
    - flags: top simplicial
    - normal:  -0.07859  -0.9712  -0.2251
    - offset: -0.0236375
    - vertices: p468(v90) p851(v59) p337(v11)
    - neighboring facets: f273 f489 f536
- f439
    - flags: top simplicial
    - normal:    0.6746  -0.5529  -0.4891
    - offset: -0.03342682
    - vertices: p887(v91) p89(v89) p630(v70)
    - neighboring facets: f425 f535 f540
- f442
    - flags: bottom simplicial
    - normal:   0.09139 -0.08157   0.9925
    - offset: -0.1540905
    - vertices: p766(v92) p146(v37) p243(v10)
    - neighboring facets: f157 f443 f444
- f443
    - flags: top simplicial
    - normal:     0.124 -0.06885   0.9899
    - offset: -0.1541498
    - center: 0.01884793333333333 -0.00754853 0.152838 
    - vertices: p766(v92) p169(v60) p243(v10)
    - neighboring facets: f450 f442 f445
- f444
    - flags: top simplicial
    - normal:  0.002464 -0.002639        1
    - offset: -0.1531552
    - vertices: p766(v92) p146(v37) p267(v3)
    - neighboring facets: f294 f445 f442
- f445
    - flags: bottom simplicial
    - normal:  0.003442 -0.000829        1
    - offset: -0.1531582
    - vertices: p766(v92) p169(v60) p267(v3)
    - neighboring facets: f447 f444 f443
- f446
    - flags: bottom simplicial
    - normal:  0.002357 0.001582        1
    - offset: -0.1531443
    - vertices: p903(v93) p757(v26) p267(v3)
    - neighboring facets: f214 f447 f448
- f447
    - flags: top simplicial
    - normal:  0.003335 0.0002388        1
    - offset: -0.1531548
    - vertices: p903(v93) p169(v60) p267(v3)
    - neighboring facets: f445 f446 f448
- f448
    - flags: bottom simplicial
    - normal:  0.004289 0.0008221        1
    - offset:  -0.153173
    - center: 0.01890593333333333 0.004515910000000001 0.1530896666666667 
    - vertices: p903(v93) p169(v60) p757(v26)
    - neighboring facets: f546 f446 f447
- f449
    - flags: top simplicial tested
    - normal:    0.7769  -0.2862   0.5609
    - offset: -0.1044536
    - center: 0.05206373333333333 -0.01275068666666667 0.1076110666666667 
    - vertices: p492(v94) p894(v21) p243(v10)
    - neighboring facets: f171 f450 f553
- f450
    - flags: bottom simplicial tested
    - normal:     0.792  -0.1016    0.602
    - offset: -0.1084321
    - center: 0.03573186666666667 -0.006448893333333333 0.1320132333333333 
    - vertices: p492(v94) p169(v60) p243(v10)
    - neighboring facets: f443 f449 f585
- f456
    - flags: top simplicial
    - normal:    -0.786   0.2233   0.5764
    - offset: -0.1066273
    - vertices: p855(v95) p834(v56) p804(v24)
    - neighboring facets: f260 f464 f555
- f461
    - flags: top simplicial
    - normal:  -0.001494 -0.0008973        1
    - offset: -0.1531217
    - vertices: p306(v96) p457(v47) p267(v3)
    - neighboring facets: f214 f462 f463
- f462
    - flags: bottom simplicial
    - normal:  -0.001514 -0.001363        1
    - offset: -0.1531226
    - vertices: p306(v96) p228(v61) p267(v3)
    - neighboring facets: f294 f461 f601
- f463
    - flags: bottom simplicial
    - normal:  -0.002783 0.000886        1
    - offset: -0.1531436
    - vertices: p306(v96) p457(v47) p804(v24)
    - neighboring facets: f215 f464 f461
- f464
    - flags: top simplicial
    - normal:   -0.1256 -0.006641   0.9921
    - offset: -0.1542965
    - vertices: p306(v96) p855(v95) p804(v24)
    - neighboring facets: f456 f463 f602
- f466
    - flags: top simplicial
    - normal:    0.6943    0.109  -0.7114
    - offset: -0.01876733
    - center: 0.05905046666666666 0.001408343666666666 0.03146436666666667 
    - vertices: p143(v97) p185(v68) p237(v28)
    - neighboring facets: f474 f468 f467
- f467
    - flags: bottom simplicial
    - normal:    0.6384  -0.1962  -0.7443
    - offset: -0.01558873
    - vertices: p143(v97) p185(v68) p992(v42)
    - neighboring facets: f578 f469 f466
- f468
    - flags: bottom simplicial
    - normal:    0.6126   0.2389  -0.7534
    - offset: -0.01381055
    - vertices: p143(v97) p826(v67) p237(v28)
    - neighboring facets: f521 f466 f470
- f469
    - flags: bottom simplicial
    - normal:    0.5729   0.2012  -0.7946
    - offset: -0.01104405
    - vertices: p143(v97) p992(v42) p438(v5)
    - neighboring facets: f477 f470 f467
- f470
    - flags: top simplicial
    - normal:    0.5788   0.2318  -0.7818
    - offset: -0.01157738
    - vertices: p143(v97) p826(v67) p438(v5)
    - neighboring facets: f523 f469 f468
- f472
    - flags: top simplicial tested seen
    - normal:    0.9731 0.008761  -0.2302
    - offset: -0.05697903
    - center: 0.06885409999999999 -0.003940023333333333 0.04338703333333333 
    - vertices: p174(v98) p185(v68) p287(v14)
    - neighboring facets: f533 f611 f474
    - ridges:
- f473
    - flags: top simplicial tested seen
    - normal:    0.7957   0.2841  -0.5349
    - offset: -0.03298192
    - center: 0.06648530000000001 0.01448264333333333 0.04493413333333333 
    - vertices: p174(v98) p97(v52) p237(v28)
    - neighboring facets: f518 f474 f609
    - ridges:
- f474
    - flags: bottom simplicial tested
    - normal:    0.8044   0.1905  -0.5628
    - offset: -0.03149805
    - center: 0.06595719999999999 0.004514276666666663 0.03983153333333334 
    - vertices: p174(v98) p185(v68) p237(v28)
    - neighboring facets: f466 f473 f472
- f477
    - flags: top simplicial
    - normal:    0.2247    0.142   -0.964
    - offset: -0.006843165
    - center: 0.01019262666666667 0.004840130000000001 -0.004009523333333334 
    - vertices: p543(v99) p992(v42) p438(v5)
    - neighboring facets: f469 f565 f562
- f479
    - flags: bottom simplicial
    - normal:    -0.588  -0.7797   0.2152
    - offset: -0.06835257
    - vertices: p663(v100) p891(v44) p781(v23)
    - neighboring facets: f193 f480 f588
- f480
    - flags: top simplicial
    - normal:   -0.4533  -0.8864  0.09328
    - offset: -0.05441476
    - vertices: p663(v100) p68(v71) p781(v23)
    - neighboring facets: f338 f479 f485
- f484
    - flags: top simplicial
    - normal:   -0.3468  -0.7624   0.5463
    - offset: -0.1015434
    - vertices: p663(v100) p228(v61) p319(v6)
    - neighboring facets: f290 f485 f599
- f485
    - flags: bottom simplicial
    - normal:   -0.3501  -0.8933   0.2817
    - offset: -0.07473412
    - vertices: p663(v100) p68(v71) p319(v6)
    - neighboring facets: f488 f484 f480
- f486
    - flags: bottom simplicial
    - normal:   -0.2274  -0.9713 -0.06925
    - offset: -0.03533103
    - vertices: p71(v101) p817(v43) p337(v11)
    - neighboring facets: f189 f489 f487
- f487
    - flags: bottom simplicial
    - normal:   -0.2555  -0.9657 -0.04648
    - offset: -0.03786755
    - vertices: p71(v101) p68(v71) p817(v43)
    - neighboring facets: f338 f486 f488
- f488
    - flags: top simplicial
    - normal:   -0.2517   -0.967  0.03956
    - offset: -0.04783891
    - vertices: p71(v101) p68(v71) p319(v6)
    - neighboring facets: f485 f568 f487
- f489
    - flags: top simplicial
    - normal:  -0.09916  -0.9887  -0.1128
    - offset: -0.03035945
    - vertices: p71(v101) p468(v90) p337(v11)
    - neighboring facets: f427 f486 f566
- f492
    - flags: top simplicial
    - normal:   -0.6763  -0.3188  -0.6641
    - offset: -0.01471474
    - vertices: p102(v102) p281(v72) p474(v64)
    - neighboring facets: f348 f494 f496
- f493
    - flags: top simplicial
    - normal:   -0.7238 -0.04587  -0.6885
    - offset: -0.01391917
    - vertices: p102(v102) p163(v41) p464(v0)
    - neighboring facets: f308 f495 f494
- f494
    - flags: top simplicial
    - normal:   -0.7158 -0.07672   -0.694
    - offset: -0.01352831
    - vertices: p102(v102) p474(v64) p163(v41)
    - neighboring facets: f305 f493 f492
- f495
    - flags: bottom simplicial
    - normal:        -1 -6.857e-05 -3.203e-05
    - offset: -0.05683825
    - vertices: p102(v102) p781(v23) p464(v0)
    - neighboring facets: f193 f493 f496
- f496
    - flags: bottom simplicial
    - normal:        -1 -0.0003029 -0.0001415
    - offset: -0.05683601
    - vertices: p102(v102) p281(v72) p781(v23)
    - neighboring facets: f345 f495 f492
- f497
    - flags: bottom simplicial
    - normal:   -0.9641    0.241   0.1113
    - offset: -0.06552376
    - vertices: p799(v103) p997(v34) p626(v18)
    - neighboring facets: f362 f499 f498
- f498
    - flags: bottom simplicial
    - normal:   -0.9852   0.1425  0.09559
    - offset: -0.0635866
    - vertices: p799(v103) p139(v73) p997(v34)
    - neighboring facets: f401 f497 f500
- f499
    - flags: bottom simplicial
    - normal:   -0.9974  0.06469  0.03285
    - offset: -0.05825842
    - vertices: p799(v103) p626(v18) p464(v0)
    - neighboring facets: f310 f500 f497
- f500
    - flags: top simplicial
    - normal:   -0.9978  0.05468   0.0379
    - offset: -0.05843738
    - vertices: p799(v103) p139(v73) p464(v0)
    - neighboring facets: f352 f499 f498
- f501
    - flags: bottom simplicial
    - normal:    -0.373   0.8548  -0.3608
    - offset: -0.04072873
    - vertices: p20(v104) p262(v30) p276(v9)
    - neighboring facets: f248 f502 f503
- f502
    - flags: top simplicial
    - normal:   -0.5451    0.794  -0.2691
    - offset: -0.04530171
    - vertices: p20(v104) p845(v75) p276(v9)
    - neighboring facets: f356 f501 f505
- f503
    - flags: top simplicial
    - normal:   -0.1945   0.9739  -0.1171
    - offset: -0.05384451
    - vertices: p20(v104) p262(v30) p655(v2)
    - neighboring facets: f246 f504 f501
- f504
    - flags: bottom simplicial
    - normal:   -0.2477   0.9677 -0.04595
    - offset: -0.05782566
    - vertices: p20(v104) p749(v45) p655(v2)
    - neighboring facets: f374 f503 f505
- f505
    - flags: bottom simplicial
    - normal:   -0.3904   0.9188 -0.05904
    - offset: -0.05782293
    - vertices: p20(v104) p845(v75) p749(v45)
    - neighboring facets: f357 f504 f502
- f506
    - flags: top simplicial
    - normal:   -0.6611   0.6769   0.3238
    - offset: -0.08094617
    - vertices: p70(v105) p820(v25) p208(v7)
    - neighboring facets: f211 f507 f508
- f507
    - flags: bottom simplicial
    - normal:   -0.7356   0.6165   0.2809
    - offset: -0.07589884
    - vertices: p70(v105) p91(v76) p208(v7)
    - neighboring facets: f364 f506 f509
- f508
    - flags: top simplicial
    - normal:    -0.567   0.7763   0.2755
    - offset: -0.07910412
    - vertices: p70(v105) p394(v46) p820(v25)
    - neighboring facets: f211 f506 f509
- f509
    - flags: top simplicial
    - normal:    -0.559   0.7911   0.2483
    - offset: -0.07715763
    - vertices: p70(v105) p91(v76) p394(v46)
    - neighboring facets: f367 f508 f507
- f510
    - flags: top simplicial
    - normal:    0.6248   0.7659  -0.1519
    - offset: -0.05328512
    - vertices: p617(v106) p447(v55) p97(v52)
    - neighboring facets: f258 f572 f514
- f512
    - flags: top simplicial
    - normal:    0.6388   0.7687  0.03234
    - offset: -0.06554796
    - vertices: p617(v106) p24(v83) p258(v51)
    - neighboring facets: f517 f513 f573
- f513
    - flags: top simplicial
    - normal:     0.274   0.9611   0.0349
    - offset: -0.06790489
    - vertices: p617(v106) p258(v51) p655(v2)
    - neighboring facets: f372 f514 f512
- f514
    - flags: bottom simplicial
    - normal:    0.2466   0.9673 -0.05994
    - offset: -0.06152813
    - vertices: p617(v106) p447(v55) p655(v2)
    - neighboring facets: f255 f513 f510
- f515
    - flags: bottom simplicial
    - normal:    0.7056   0.6501    0.282
    - offset: -0.08355851
    - vertices: p188(v107) p258(v51) p844(v8)
    - neighboring facets: f390 f516 f517
- f516
    - flags: top simplicial
    - normal:    0.8586   0.4787   0.1837
    - offset: -0.08241937
    - vertices: p188(v107) p24(v83) p844(v8)
    - neighboring facets: f395 f515 f517
- f517
    - flags: bottom simplicial
    - normal:    0.6455   0.7621  0.05014
    - offset: -0.06699423
    - vertices: p188(v107) p24(v83) p258(v51)
    - neighboring facets: f512 f515 f516
- f518
    - flags: bottom simplicial
    - normal:    0.7099   0.4065  -0.5751
    - offset: -0.02775235
    - vertices: p35(v108) p97(v52) p237(v28)
    - neighboring facets: f473 f521 f519
- f519
    - flags: top simplicial
    - normal:    0.6444   0.6128  -0.4574
    - offset: -0.03447368
    - vertices: p35(v108) p97(v52) p862(v15)
    - neighboring facets: f258 f520 f518
- f520
    - flags: bottom simplicial
    - normal:     0.605   0.6386  -0.4756
    - offset:  -0.032735
    - vertices: p35(v108) p387(v31) p862(v15)
    - neighboring facets: f253 f519 f522
- f521
    - flags: top simplicial
    - normal:    0.5964   0.3112  -0.7399
    - offset: -0.01410046
    - vertices: p35(v108) p826(v67) p237(v28)
    - neighboring facets: f468 f518 f523
- f522
    - flags: top simplicial
    - normal:    0.5189   0.4362  -0.7352
    - offset: -0.01418213
    - vertices: p35(v108) p387(v31) p438(v5)
    - neighboring facets: f243 f523 f520
- f523
    - flags: bottom simplicial
    - normal:    0.5745   0.3214  -0.7527
    - offset: -0.0129281
    - vertices: p35(v108) p826(v67) p438(v5)
    - neighboring facets: f470 f522 f521
- f524
    - flags: top simplicial
    - normal:   0.05324  -0.1093  -0.9926
    - offset: -0.006603833
    - center: 0.00734396 -0.01415612 -0.00470026 
    - vertices: p313(v109) p992(v42) p846(v22)
    - neighboring facets: f594 f529 f583
- f527
    - flags: bottom simplicial
    - normal:   0.01394  -0.9281   -0.372
    - offset: -0.01804132
    - vertices: p995(v110) p851(v59) p846(v22)
    - neighboring facets: f273 f529 f574
- f529
    - flags: top simplicial
    - normal:    0.1166  -0.7477  -0.6538
    - offset: -0.01576564
    - vertices: p995(v110) p313(v109) p846(v22)
    - neighboring facets: f524 f527 f530
- f530
    - flags: bottom simplicial
    - normal:    0.2076   -0.818  -0.5365
    - offset: -0.01736475
    - vertices: p995(v110) p313(v109) p887(v91)
    - neighboring facets: f584 f575 f529
- f533
    - flags: bottom simplicial
    - normal:     0.688  -0.3654   -0.627
    - offset: -0.02455663
    - vertices: p72(v111) p185(v68) p287(v14)
    - neighboring facets: f472 f534 f580
- f534
    - flags: top simplicial
    - normal:    0.6864  -0.4332  -0.5841
    - offset: -0.02735237
    - vertices: p72(v111) p630(v70) p287(v14)
    - neighboring facets: f425 f533 f535
- f535
    - flags: top simplicial
    - normal:    0.6772    -0.46  -0.5743
    - offset: -0.02774633
    - vertices: p72(v111) p887(v91) p630(v70)
    - neighboring facets: f439 f534 f582
- f536
    - flags: bottom simplicial
    - normal:    0.1873  -0.9407   -0.283
    - offset: -0.02924667
    - vertices: p84(v112) p468(v90) p851(v59)
    - neighboring facets: f427 f576 f539
- f538
    - flags: bottom simplicial
    - normal:    0.3677  -0.9265 -0.08003
    - offset: -0.04882976
    - vertices: p84(v112) p229(v87) p827(v19)
    - neighboring facets: f412 f539 f541
- f539
    - flags: top simplicial
    - normal:    0.3129  -0.9448  -0.0974
    - offset: -0.04556097
    - vertices: p84(v112) p468(v90) p827(v19)
    - neighboring facets: f567 f538 f536
- f540
    - flags: bottom simplicial
    - normal:    0.6517  -0.6152  -0.4436
    - offset: -0.0358103
    - vertices: p84(v112) p887(v91) p89(v89)
    - neighboring facets: f439 f542 f577
- f541
    - flags: top simplicial
    - normal:    0.6082  -0.7903 -0.07451
    - offset: -0.05774149
    - vertices: p84(v112) p229(v87) p745(v58)
    - neighboring facets: f413 f542 f538
- f542
    - flags: bottom simplicial
    - normal:    0.6494   -0.749  -0.1315
    - offset: -0.0557751
    - vertices: p84(v112) p89(v89) p745(v58)
    - neighboring facets: f423 f541 f540
- f546
    - flags: top simplicial tested
    - normal:    0.7912  0.07196   0.6073
    - offset: -0.1090197
    - center: 0.03637000000000001 0.006191579999999999 0.1313925 
    - vertices: p634(v114) p169(v60) p757(v26)
    - neighboring facets: f448 f548 f586
- f548
    - flags: top simplicial tested
    - normal:    0.7103   0.4521   0.5396
    - offset: -0.1010171
    - center: 0.05204370000000001 0.01320952 0.1076412666666667 
    - vertices: p634(v114) p757(v26) p844(v8)
    - neighboring facets: f223 f550 f546
- f550
    - flags: bottom simplicial tested seen
    - normal:    0.9648   0.2423   0.1024
    - offset: -0.07822817
    - center: 0.06872403333333334 0.01766165333333333 0.0746618 
    - vertices: p634(v114) p97(v52) p844(v8)
    - neighboring facets: f395 f548 f609
    - ridges:
- f553
    - flags: bottom simplicial tested seen
    - normal:    0.9555 -0.07839   0.2845
    - offset: -0.09059499
    - center: 0.06875136666666667 -0.004953466666666668 0.08616956666666666 
    - vertices: p634(v114) p492(v94) p894(v21)
    - neighboring facets: f449 f610 f587
    - ridges:
- f554
    - flags: top simplicial
    - normal:    -0.917  0.01515   0.3986
    - offset: -0.08734796
    - vertices: p451(v115) p209(v85) p834(v56)
    - neighboring facets: f400 f555 f556
- f555
    - flags: bottom simplicial
    - normal:   -0.8538 0.008728   0.5206
    - offset: -0.0996665
    - vertices: p451(v115) p855(v95) p834(v56)
    - neighboring facets: f456 f554 f603
- f556
    - flags: bottom simplicial
    - normal:   -0.8823  -0.2974    0.365
    - offset: -0.08546342
    - vertices: p451(v115) p209(v85) p891(v44)
    - neighboring facets: f402 f596 f554
- f562
    - flags: bottom simplicial tested seen
    - normal:   0.01697 -0.002251  -0.9999
    - offset: -0.005051786
    - center: 0.007761039999999999 -0.0008103196666666666 -0.004918980000000001 
    - vertices: p405(v116) p543(v99) p992(v42)
    - neighboring facets: f477 f595 f613
    - ridges:
- f564
    - flags: bottom simplicial tested seen
    - normal:   0.05473    0.316  -0.9472
    - offset: -0.00787473
    - center: 0.0006406166666666664 0.01255446333333333 -0.004088933333333333 
    - vertices: p529(v117) p346(v69) p438(v5)
    - neighboring facets: f327 f565 f616
    - ridges:
- f565
    - flags: top simplicial tested seen
    - normal:     0.196   0.1634  -0.9669
    - offset: -0.006899554
    - center: 0.005745876666666667 0.01113638 -0.004088933333333333 
    - vertices: p529(v117) p543(v99) p438(v5)
    - neighboring facets: f477 f564 f615
    - ridges:
- f566
    - flags: bottom simplicial
    - normal:  -0.01635  -0.9988 -0.04608
    - offset: -0.03805315
    - vertices: p441(v118) p71(v101) p468(v90)
    - neighboring facets: f489 f567 f568
- f567
    - flags: bottom simplicial
    - normal:   0.07082  -0.9975   0.0088
    - offset: -0.04472287
    - vertices: p441(v118) p468(v90) p827(v19)
    - neighboring facets: f539 f569 f566
- f568
    - flags: top simplicial
    - normal:  -0.02126  -0.9995 -0.02361
    - offset: -0.04070343
    - vertices: p441(v118) p71(v101) p319(v6)
    - neighboring facets: f488 f570 f566
- f569
    - flags: top simplicial
    - normal:   0.08087  -0.9965  0.02104
    - offset: -0.04615098
    - vertices: p441(v118) p576(v62) p827(v19)
    - neighboring facets: f299 f567 f570
- f570
    - flags: bottom simplicial
    - normal:     0.041  -0.9978  0.05165
    - offset: -0.04966949
    - vertices: p441(v118) p576(v62) p319(v6)
    - neighboring facets: f297 f568 f569
- f571
    - flags: bottom simplicial
    - normal:    0.7875   0.6163 0.000552
    - offset: -0.06928207
    - vertices: p966(v119) p24(v83) p97(v52)
    - neighboring facets: f395 f572 f573
- f572
    - flags: top simplicial
    - normal:    0.6348   0.7655  -0.1047
    - offset: -0.05652948
    - vertices: p966(v119) p617(v106) p97(v52)
    - neighboring facets: f510 f571 f573
- f573
    - flags: bottom simplicial
    - normal:    0.6411   0.7666  -0.0361
    - offset: -0.06112506
    - vertices: p966(v119) p617(v106) p24(v83)
    - neighboring facets: f512 f571 f572
- f574
    - flags: top simplicial
    - normal:   0.04138  -0.9216  -0.3859
    - offset: -0.01809776
    - vertices: p445(v120) p995(v110) p851(v59)
    - neighboring facets: f527 f576 f575
- f575
    - flags: bottom simplicial
    - normal:   0.06959  -0.9121   -0.404
    - offset: -0.01810983
    - vertices: p445(v120) p995(v110) p887(v91)
    - neighboring facets: f530 f577 f574
- f576
    - flags: bottom simplicial
    - normal:    0.1864   -0.937  -0.2956
    - offset: -0.02844628
    - vertices: p445(v120) p84(v112) p851(v59)
    - neighboring facets: f536 f574 f577
- f577
    - flags: top simplicial
    - normal:     0.191   -0.932  -0.3082
    - offset: -0.02790997
    - vertices: p445(v120) p84(v112) p887(v91)
    - neighboring facets: f540 f575 f576
- f578
    - flags: top simplicial
    - normal:    0.6294  -0.2718   -0.728
    - offset: -0.01607861
    - vertices: p807(v121) p185(v68) p992(v42)
    - neighboring facets: f467 f579 f580
- f579
    - flags: bottom simplicial
    - normal:    0.6264  -0.2837   -0.726
    - offset: -0.01613393
    - vertices: p807(v121) p72(v111) p992(v42)
    - neighboring facets: f581 f578 f580
- f580
    - flags: top simplicial
    - normal:    0.6622  -0.3261  -0.6746
    - offset: -0.02071688
    - vertices: p807(v121) p72(v111) p185(v68)
    - neighboring facets: f533 f578 f579
- f581
    - flags: top simplicial
    - normal:    0.6048   -0.338  -0.7211
    - offset:  -0.016276
    - vertices: p574(v122) p72(v111) p992(v42)
    - neighboring facets: f579 f583 f582
- f582
    - flags: bottom simplicial
    - normal:    0.6121  -0.4266  -0.6658
    - offset: -0.02041267
    - vertices: p574(v122) p72(v111) p887(v91)
    - neighboring facets: f535 f584 f581
- f583
    - flags: bottom simplicial
    - normal:    0.5299  -0.4641  -0.7098
    - offset: -0.01621114
    - vertices: p574(v122) p313(v109) p992(v42)
    - neighboring facets: f524 f581 f584
- f584
    - flags: top simplicial
    - normal:    0.5204  -0.4824  -0.7047
    - offset: -0.01636633
    - vertices: p574(v122) p313(v109) p887(v91)
    - neighboring facets: f530 f582 f583
- f585
    - flags: top simplicial
    - normal:    0.7972 -0.03486   0.6028
    - offset: -0.1085683
    - vertices: p509(v123) p492(v94) p169(v60)
    - neighboring facets: f450 f586 f587
- f586
    - flags: bottom simplicial
    - normal:    0.7945  0.04605   0.6056
    - offset: -0.1088487
    - vertices: p509(v123) p634(v114) p169(v60)
    - neighboring facets: f546 f585 f587
- f587
    - flags: top simplicial
    - normal:    0.8893  -0.0362   0.4558
    - offset: -0.1014777
    - vertices: p509(v123) p634(v114) p492(v94)
    - neighboring facets: f553 f585 f586
- f588
    - flags: top simplicial
    - normal:    -0.637  -0.7212   0.2722
    - offset: -0.07421567
    - vertices: p949(v124) p663(v100) p891(v44)
    - neighboring facets: f479 f597 f600
- f594
    - flags: bottom simplicial tested seen
    - normal:   0.01523 -0.01022  -0.9998
    - offset: -0.005098757
    - center: 0.00270678 -0.01364315333333333 -0.004918979999999999 
    - vertices: p273(v125) p992(v42) p846(v22)
    - neighboring facets: f524 f614 f595
    - ridges:
- f595
    - flags: bottom simplicial tested seen
    - normal:   0.01425 -0.006243  -0.9999
    - offset: -0.005046001
    - center: 0.005443133333333333 -0.008017503 -0.004918980000000001 
    - vertices: p273(v125) p405(v116) p992(v42)
    - neighboring facets: f562 f594 f613
    - ridges:
- f596
    - flags: bottom simplicial
    - normal:   -0.7723  -0.5063   0.3837
    - offset: -0.08557193
    - vertices: p431(v126) p451(v115) p891(v44)
    - neighboring facets: f556 f597 f604
- f597
    - flags: top simplicial
    - normal:   -0.7065  -0.6262   0.3299
    - offset: -0.08043817
    - vertices: p431(v126) p949(v124) p891(v44)
    - neighboring facets: f588 f596 f605
- f599
    - flags: bottom simplicial
    - normal:   -0.5024  -0.6518   0.5681
    - offset: -0.1038546
    - vertices: p907(v127) p663(v100) p228(v61)
    - neighboring facets: f484 f601 f600
- f600
    - flags: bottom simplicial
    - normal:   -0.5785  -0.6116   0.5397
    - offset: -0.1008283
    - vertices: p907(v127) p949(v124) p663(v100)
    - neighboring facets: f588 f599 f605
- f601
    - flags: top simplicial
    - normal:   -0.1045  -0.0649   0.9924
    - offset: -0.1540223
    - vertices: p907(v127) p306(v96) p228(v61)
    - neighboring facets: f462 f599 f602
- f602
    - flags: bottom simplicial
    - normal:    -0.141 -0.05218   0.9886
    - offset: -0.1541287
    - vertices: p907(v127) p306(v96) p855(v95)
    - neighboring facets: f464 f603 f601
- f603
    - flags: top simplicial
    - normal:   -0.8128  -0.1562   0.5613
    - offset: -0.1048596
    - vertices: p907(v127) p451(v115) p855(v95)
    - neighboring facets: f555 f602 f604
- f604
    - flags: top simplicial
    - normal:   -0.7006  -0.4989   0.5101
    - offset: -0.09791603
    - vertices: p907(v127) p431(v126) p451(v115)
    - neighboring facets: f596 f603 f605
- f605
    - flags: bottom simplicial
    - normal:   -0.6756  -0.5259   0.5167
    - offset: -0.09863202
    - vertices: p907(v127) p431(v126) p949(v124)
    - neighboring facets: f597 f600 f604
- f606
    - flags: bottom simplicial tricoplanar keepcentrum
    - owner of normal & centrum is facet f606
    - normal:         1        0        0
    - offset: -0.0693822
    - center: 0.0693822 -0.005430415714285714 0.0636302 
    - vertices: p634(v114) p593(v57) p287(v14)
    - neighboring facets: f424 f611 f608
- f608
    - flags: bottom simplicial tricoplanar
    - owner of normal & centrum is facet f606
    - normal:         1        0        0
    - offset: -0.0693822
    - center: 0.0693822 -0.005430415714285714 0.0636302 
    - vertices: p634(v114) p37(v88) p593(v57)
    - neighboring facets: f422 f606 f610
- f609
    - flags: bottom simplicial tricoplanar
    - owner of normal & centrum is facet f606
    - normal:         1        0        0
    - offset: -0.0693822
    - center: 0.0693822 -0.005430415714285714 0.0636302 
    - vertices: p634(v114) p174(v98) p97(v52)
    - neighboring facets: f473 f550 f611
- f610
    - flags: top simplicial tricoplanar
    - owner of normal & centrum is facet f606
    - normal:         1        0        0
    - offset: -0.0693822
    - center: 0.0693822 -0.005430415714285714 0.0636302 
    - vertices: p634(v114) p37(v88) p894(v21)
    - neighboring facets: f417 f553 f608
- f611
    - flags: top simplicial tricoplanar
    - owner of normal & centrum is facet f606
    - normal:         1        0        0
    - offset: -0.0693822
    - center: 0.0693822 -0.005430415714285714 0.0636302 
    - vertices: p634(v114) p174(v98) p287(v14)
    - neighboring facets: f472 f606 f609
- f613
    - flags: top simplicial tricoplanar keepcentrum
    - owner of normal & centrum is facet f613
    - normal:        -0        0       -1
    - offset: -0.00499839
    - center: -0.001505331666666667 -0.0005333681666666665 -0.00499839 
    - vertices: p273(v125) p405(v116) p543(v99)
    - neighboring facets: f562 f615 f595
- f614
    - flags: top simplicial tricoplanar
    - owner of normal & centrum is facet f613
    - normal:        -0        0       -1
    - offset: -0.00499839
    - center: -0.001505331666666667 -0.0005333681666666665 -0.00499839 
    - vertices: p273(v125) p346(v69) p846(v22)
    - neighboring facets: f324 f594 f616
- f615
    - flags: bottom simplicial tricoplanar
    - owner of normal & centrum is facet f613
    - normal:        -0        0       -1
    - offset: -0.00499839
    - center: -0.001505331666666667 -0.0005333681666666665 -0.00499839 
    - vertices: p273(v125) p529(v117) p543(v99)
    - neighboring facets: f565 f613 f616
- f616
    - flags: top simplicial tricoplanar
    - owner of normal & centrum is facet f613
    - normal:        -0        0       -1
    - offset: -0.00499839
    - center: -0.001505331666666667 -0.0005333681666666665 -0.00499839 
    - vertices: p273(v125) p529(v117) p346(v69)
    - neighboring facets: f564 f614 f615
