3
1000 232 348
0.00949405 0.0921409 0.07592649999999999 
0.0231175 0.0726958 0.0956776 
-0.0385054 0.0518201 0.0985345 
-0.0467172 0.0178059 0.0356753 
0.000102456 -0.0571462 0.013949 
-0.0309737 0.0276843 0.016304 
-0.0100108 0.0671409 0.0693666 
-0.041423 0.0364165 0.0539422 
-0.0264078 0.0671409 0.0606749 
-0.0260838 0.0769666 0.133948 
0.032844 0.0504649 0.0593267 
-0.0205202 -0.0485614 0.0146354 
-0.0369067 0.0553116 0.0261329 
0.00159777 0.0530177 0.0138457 
-0.0107717 0.0329889 -0.00347814 
0.0306723 0.0432295 0.0190966 
-0.0127495 0.0671409 0.0177461 
-0.0284672 0.0674501 0.008011000000000001 
0.0215501 0.031435 0.00657761 
-0.0322868 0.0681409 0.072675 
-0.00182444 0.0154636 -0.00148889 
-0.0063071 0.0344628 0.00651111 
-0.000932151 0.0833294 0.149355 
0.0114942 -0.0532351 0.05497 
0.0309326 0.0602687 0.142497 
-0.0348964 -0.00186191 0.0363935 
0.00634795 0.0921409 0.10075 
-0.0181382 0.0586409 0.0849694 
-0.0207729 -0.0465467 0.0393211 
-0.0343122 0.09056350000000001 0.0805184 
-0.008261569999999999 -0.00614201 0.021529 
0.00676085 0.0666409 0.0686351 
-0.0102692 0.0323928 0.0384979 
0.0201748 0.0705273 0.08799360000000001 
0.00409595 0.08383400000000001 0.149076 
0.0257622 0.0914668 0.105786 
0.0249205 -0.06887749999999999 0.117131 
0.0180117 0.08772249999999999 0.0823454 
-0.0371404 0.0677116 0.0545971 
-0.0383495 -0.00232045 0.0354602 
-0.021575 0.0921409 0.106953 
0.0460084 0.0569001 0.112837 
0.0285384 0.0586409 0.0543646 
0.00505737 0.0451764 0.0107111 
0.00527182 -0.0619107 0.0686283 
0.0268884 0.0921409 0.117642 
-0.0210415 0.0412673 0.0131778 
0.027389 0.0144729 0.0207111 
0.0166803 -0.0212594 0.0207111 
0.00671815 0.0596409 0.0778677 
0.0195482 0.0730653 0.0863573 
0.0269714 0.0586409 0.0875158 
-0.0379452 0.0686409 0.110575 
-0.0114862 0.0671409 0.0645464 
-0.00744241 0.0128609 0.0338534 
0.0373565 0.0351241 0.0400932 
-0.019084 -0.0517573 0.0708973 
0.00606839 -0.0246574 0.0207111 
0.0405103 0.0548706 0.102095 
-0.0250819 0.0921409 0.114409 
-0.0279197 0.0921409 0.0497113 
-0.023151 0.0596409 0.085692 
0.0174915 -0.0304233 0.00586115 
0.0252859 0.0501409 0.13599 
-0.00736064 0.0670153 0.0471915 
-0.0305296 -0.0013971 -0.0034889 
-0.0517964 0.0178059 0.0323625 
-0.0224791 0.08594069999999999 0.139122 
0.0250919 0.0921409 0.12219 
0.0111003 0.00722825 0.0207111 
-0.0116897 -0.0675848 0.0740464 
0.00455614 0.0921409 0.122244 
-0.0255819 0.0638422 0.00633289 
0.0177141 0.0686409 0.07890419999999999 
-0.0161415 0.0412114 0.0428697 
-0.0224404 -0.0548889 0.0632617 
-0.009569869999999999 0.0586409 0.122051 
0.0279612 0.0586408 0.0701257 
-0.0229999 -0.0255895 -0.0034889 
0.0371892 0.0234318 0.0307902 
-0.0364883 0.0349264 0.0329929 
-0.0433396 0.0572995 0.126203 
0.0173826 -0.0408538 0.0450081 
0.0201508 0.0921409 0.0988261 
-0.0438042 0.06725780000000001 0.0319543 
0.00114949 -0.06341040000000001 0.061296 
-0.032476 0.0586409 0.09497990000000001 
-0.0315821 0.0681409 0.07456119999999999 
0.00227513 0.0921409 0.0574051 
0.0130489 0.06700299999999999 0.0328639 
-0.0354871 0.07772279999999999 0.0697499 
-0.0199158 -0.0615438 0.0929319 
0.0135966 0.0577939 0.0777545 
-0.0258078 -0.0451604 0.0256242 
0.0210598 -0.0562642 0.0949473 
-0.0105084 0.0352022 0.0181664 
-0.0117722 -0.0525591 0.100028 
0.00286495 0.0884147 0.0427941 
-0.0216947 0.0536681 0.08034239999999999 
0.010883 -0.0608264 0.103152 
-0.0244794 0.024804 0.00394922 
-0.0179711 -0.0622452 0.0651669 
-0.0008112730000000001 0.0921409 0.0690675 
-0.0219155 0.0543068 0.0130182 
-0.0278558 0.0596409 0.0925116 
0.0335272 -0.0571622 0.120986 
-0.0112265 -0.0219858 0.0286602 
0.0174726 0.0303129 -0.000495096 
-0.0264572 -0.0224246 0.00419683 
0.00282468 0.0671409 0.0549263 
-0.0363476 0.0408013 0.0233222 
-0.0290488 0.07937370000000001 0.125761 
-0.0191874 0.0459977 0.0434756 
-0.0426011 0.0177515 0.0370688 
0.00472849 -0.0654845 0.144906 
-0.0139297 -0.0598075 0.0650375 
-0.0230432 0.0921409 0.0408486 
0.00379274 -0.0126634 -0.00148889 
-0.0387106 0.0753847 0.0402059 
-0.022278 0.049482 0.0130903 
0.0336713 0.06572020000000001 0.101254 
-0.00234244 -0.0485532 0.0107111 
0.0439776 0.0561936 0.122306 
-0.0165915 0.0921409 0.139946 
-0.0524874 0.0473762 0.0107604 
0.00249796 0.0671409 0.134401 
-0.0180893 0.0371261 0.009405220000000001 
0.0415281 0.0596409 0.115728 
-0.0481083 0.0178059 0.0148146 
0.00651599 -0.0613245 0.07737090000000001 
-0.0231131 -0.036012 0.0239867 
0.030041 0.0834691 0.120714 
0.0278498 0.0586408 0.0699014 
0.0362005 0.0575986 0.09452000000000001 
-0.0264966 0.0747323 0.133166 
0.00385534 -0.06698179999999999 0.057126 
0.00473755 0.0921409 0.117481 
-0.012138 0.0921409 0.114683 
-0.0414981 0.0103078 0.0325332 
-0.0216831 0.0921409 0.07569090000000001 
-0.0395279 0.0671409 0.0315464 
-0.0248568 0.00205814 -0.00148889 
-0.0165061 -0.0614411 0.129613 
0.0286472 0.0698433 0.128623 
0.026591 0.0586409 0.09889770000000001 
-0.024488 0.0921409 0.0127267 
-0.00348153 0.0501409 0.103065 
-0.00745217 0.09004769999999999 0.017815 
0.0415811 0.0536409 0.103791 
-0.0211744 -0.03149 0.0211572 
-0.0232243 0.026187 0.00651111 
-0.028609 0.0543046 0.08292289999999999 
-0.0450153 0.0308703 0.0417461 
0.00490205 0.0666409 0.0670033 
-0.00393876 0.0921409 0.0827176 
-0.0372015 0.0266474 0.0276151 
-0.037255 0.0358602 0.0500013 
-0.0291871 0.0187487 -0.00033068 
-0.0117915 0.0586409 0.120453 
0.00619457 -0.054887 0.0901626 
-0.0348304 0.0546121 0.145848 
-0.0377468 0.09028170000000001 0.046887 
-0.0423151 0.0494823 0.0649111 
-0.0348786 0.0331203 0.0484302 
-0.0362582 0.0602538 0.131389 
-0.00610299 0.0681409 0.0284377 
-0.0377092 0.0819459 0.0493841 
-0.0233218 0.0751753 0.137766 
0.0233242 0.0822827 0.138473 
0.0070685 0.0501409 0.103822 
-0.0227966 0.0249749 0.0508979 
0.0157687 0.0411937 0.01055 
0.0173434 -0.0506028 0.0550444 
0.00533752 -0.06980020000000001 0.09209390000000001 
0.0188579 0.0774011 0.0845548 
0.0173536 0.0540285 0.0376328 
-0.0653798 0.0424261 0.0343646 
0.000200575 0.0921409 0.116565 
-0.0243679 0.0681409 0.0934899 
-0.0355015 0.0280534 0.0215344 
-0.0182651 0.0671409 0.07962329999999999 
-0.0395699 0.0543494 0.142471 
-0.0119413 -0.066299 0.142173 
0.0156813 -0.0552699 0.0252505 
0.0202405 -0.00502401 0.0207111 
0.0171351 0.0674144 0.0405732 
0.00419698 0.0671409 0.114057 
-0.0189507 -0.0291646 0.00425497 
0.0340181 0.0606729 0.137137 
-0.0325789 -0.0137956 0.00651111 
-0.0104154 0.06562469999999999 0.164683 
0.0150717 0.0323076 0.00651111 
-0.0201533 0.0671409 0.0555832 
0.0269917 0.08979289999999999 0.132672 
-0.00162063 -0.0606424 0.0459897 
0.033895 0.0269312 0.0258836 
-0.0346068 0.0671409 0.034823 
-0.0323123 -0.00432575 0.0171984 
-0.0607779 0.0602929 0.0314255 
0.00405647 0.0539026 0.0758096 
0.0119086 0.0586409 0.0621396 
0.0100951 -0.033487 0.000724756 
-0.00831433 0.0921409 0.113913 
-0.00955309 0.0681409 0.0433197 
0.022451 0.0903631 0.138888 
-0.0140946 0.0802846 0.0124792 
-0.00494338 -0.00339763 0.0331117 
-0.0380596 0.0687275 0.0461724 
-0.0407395 0.0586409 0.118813 
0.0174953 0.0921409 0.0956781 
-0.0352162 0.00866543 0.0359149 
-0.0292738 0.054062 0.0151682 
-0.00884445 0.0921409 0.118519 
-0.0102186 -0.06319089999999999 0.0746845 
0.0301596 0.0681409 0.0765187 
-0.0414337 0.0681409 0.0805266 
-0.016205 -0.0090375 -0.00148889 
0.0131247 0.0671409 0.132732 
-0.00365416 0.0671409 0.0584471 
-0.0199496 0.0588561 0.0436272 
-0.00518861 -0.009871950000000001 0.0276552 
-0.0345821 0.0406934 0.0492086 
-0.00712127 0.0921409 0.0935901 
0.0270773 0.0586409 0.139779 
-0.0467837 0.0310802 0.0107604 
-0.0331902 0.0921409 0.0828694 
-0.0153348 -0.06582730000000001 0.08671429999999999 
0.000221212 -0.0159272 0.0207111 
-0.0288426 0.0501409 0.0920113 
-0.0454088 0.0665978 0.109515 
-0.0238152 -0.0401954 0.0483524 
0.0352138 0.0245771 0.0184111 
-0.0362309 0.08901679999999999 0.0629325 
0.0148492 0.043984 0.031546 
0.0311062 0.0556038 0.15056 
-0.0593798 -0.00058121 0.0285266 
0.0363945 0.0586409 0.101899 
-0.0297727 0.0668579 0.143351 
0.0388401 0.0586768 0.0809667 
0.0104666 -0.0559669 0.0879476 
-0.00747242 -0.0638304 0.037812 
0.0293019 0.0746333 0.125875 
-0.0127813 -0.0209461 0.0333533 
0.021666 0.0501409 0.09795669999999999 
-0.0396281 -0.00304114 0.0107195 
0.034922 0.0251833 0.0244807 
-0.0481701 0.0178059 0.0309717 
0.0278719 0.0671409 0.117182 
-0.0400194 0.0501409 0.126857 
0.0225553 0.0667667 0.0217838 
-0.016927 0.0681409 0.0454988 
-0.00533618 0.0501409 0.15887 
-0.0128361 0.0586409 0.08223750000000001 
-0.0378545 0.0586409 0.116317 
0.0249491 0.0519119 0.0305369 
-0.0072074 -0.0673774 0.0612189 
-0.0623798 0.00830321 0.0354508 
-0.0159644 0.0671409 0.0770557 
-0.0385529 0.0433746 0.0107111 
-0.0356898 0.0773568 0.06789199999999999 
-0.0328163 0.0412595 0.0175352 
-0.0293496 0.0687446 0.124383 
-0.0295744 -0.00037109 -0.00231058 
-0.0376195 0.06679450000000001 0.0130797 
0.0291823 0.0174372 0.0210561 
-0.00471128 0.0586409 0.0874983 
0.00427214 -0.0686508 0.074196 
0.0167579 0.0501409 0.0887893 
-0.0157053 0.0921409 0.0684664 
-0.0178079 0.0586409 0.116772 
-0.022207 0.07721840000000001 0.0106512 
-0.0384597 0.0681409 0.0363282 
-0.0289878 0.0666409 0.0691518 
0.0232796 0.0681409 0.041969 
-0.0129671 -0.0380231 0.00854487 
-0.0451142 0.0649581 0.129627 
-0.0201607 -0.0509383 0.018569 
-0.0140254 0.0681409 0.06515609999999999 
0.008509579999999999 0.06765359999999999 0.0302028 
0.0260507 0.0501409 0.14666 
-0.023641 0.0596409 0.152165 
0.0154521 0.0921409 0.0854902 
-0.007866049999999999 0.0537642 0.07637960000000001 
-0.04343 0.0557669 0.091451 
0.0262965 -0.0546262 0.133282 
0.0334627 -0.0102404 -0.00290166 
0.00675514 0.0897611 0.0532618 
0.0233241 0.07281550000000001 0.09621689999999999 
-0.00406355 -0.0222156 0.0207298 
-0.0191106 0.0671409 0.0444902 
0.021249 0.0472128 0.0290391 
0.00258336 0.0586409 0.123056 
-0.000835685 0.0921409 0.0431222 
0.0119279 -0.06319859999999999 0.0558686 
-0.0653798 0.0474061 0.0269488 
0.0194729 0.0681409 0.138877 
-0.0157836 0.0584069 0.0143009 
0.000334465 -0.0635288 0.07969660000000001 
-0.0372981 0.0681409 0.0765073 
0.009147829999999999 0.0544495 0.0736697 
-0.0170679 0.0671409 0.132574 
-0.0408703 0.00393411 0.0234437 
-0.0305994 0.0339801 0.0160539 
-0.0437733 0.0554293 0.12083 
0.0161783 0.07118919999999999 0.0775579 
-0.0265537 -0.0222989 0.00567633 
-0.0184876 0.0501409 0.0902821 
-0.0229999 0.0868355 0.0105466 
-0.00179417 0.0501409 0.14693 
0.00439828 0.0755639 0.0467979 
-0.0295744 -0.00199836 -0.00229621 
0.00610715 0.0671409 0.0609728 
-0.0125196 0.0671409 0.0956254 
-0.024552 0.0544642 0.0585963 
-0.0384774 0.0681409 0.0452153 
-0.0366042 0.0548562 0.06720950000000001 
-0.00758797 0.0671409 0.0137726 
-0.0104104 -0.0620074 0.0320346 
-0.0258081 -0.0534458 0.128362 
-0.0064527 0.0921409 0.124444 
0.04348 0.0679984 0.105698 
-0.0137175 -0.06436409999999999 0.0518236 
0.0248268 -0.0525591 0.115485 
-0.0393727 0.0686409 0.100638 
0.0157554 -0.0559611 0.0607491 
-0.0207571 0.0921409 0.133716 
-0.0236567 0.0681409 0.0975293 
0.0010419 0.0850838 0.0380337 
0.0117273 0.0671409 0.0935197 
-0.0372867 -0.0144442 0.0274689 
-0.00630542 0.0367744 0.0447241 
-0.0387461 0.0557865 0.145014 
0.0178145 0.0586409 0.151852 
-0.00292223 0.0681409 0.128431 
0.0218449 0.0921409 0.100748 
-0.0285792 0.0501409 0.128567 
-0.0430397 0.0524429 0.0868892 
-0.00685084 0.0671409 0.0894658 
0.0344378 0.0246832 0.0102811 
0.0205464 0.0873731 0.141256 
0.0331282 -0.0595591 0.119772 
-0.0374685 0.066966 0.126724 
-0.00161849 -0.0481762 0.0209193 
-0.0542265 0.0533428 0.0417461 
-0.0295121 0.0519694 0.0153273 
-0.0306548 0.0586409 0.119705 
0.00672247 0.0681409 0.0291589 
-0.0416172 0.0394756 0.0443023 
-0.0034063 0.0483921 0.0111435 
-0.0593798 0.008435969999999999 0.0223511 
-0.0101226 -0.0101691 0.0265236 
-0.0416007 0.0686409 0.112564 
-0.0318211 0.0685784 0.10335 
-0.00749657 0.022512 0.0228965 
0.0170456 0.0671409 0.0965636 
-0.034922 0.00192174 0.0206671 
-0.00536196 0.0671409 0.119189 
-0.0342989 0.06990200000000001 0.015624 
-0.0449057 0.0551359 0.105355 
-0.0653798 0.0287238 0.0252942 
-0.0370236 0.00469687 0.0401105 
-0.0249858 0.0357771 0.0433933 
-0.0305788 0.0564172 0.154345 
-0.0212346 0.023181 0.0438828 
0.0195818 -0.0288649 0.00425875 
0.00523109 0.0921409 0.105029 
-0.030337 0.0921409 0.0811398 
-0.0419732 0.0457767 0.0526386 
0.0173426 0.0501409 0.146437 
-0.0498004 0.0272749 0.0417461 
-0.0255207 -0.0660105 0.117604 
0.00170454 -0.06399249999999999 0.138961 
-0.0176537 0.0501409 0.144813 
-0.0134406 -0.0553468 0.0402633 
-0.0256085 -0.0212139 -0.0034889 
-0.0248016 -0.0465252 0.0235388 
-0.0141305 -0.0535154 0.0959077 
-0.00636809 -0.06851980000000001 0.0720957 
-0.0246861 0.0921409 0.0860422 
-0.0228148 0.0260813 0.00394883 
-0.0361945 0.0689718 0.0178998 
-0.00141135 0.0824261 0.0316278 
0.0089529 0.0681409 0.124161 
0.0029807 -0.0386648 0.00715414 
-0.040853 0.0681409 0.0579399 
-0.0335664 0.0686409 0.0886926 
-0.0367207 0.0586409 0.142893 
0.00674915 -0.06458659999999999 0.0431696 
-0.0133966 0.0535619 0.0411264 
0.0368097 0.0187751 0.0178684 
-0.0352009 0.0586409 0.116097 
-0.0251331 0.0921409 0.12244 
-0.0346069 0.08736819999999999 0.015798 
-0.0380185 0.068539 0.0929837 
-0.0224664 -0.0203926 -0.0034889 
-0.0310375 0.0712932 0.110532 
-0.0220482 -0.0431458 0.035926 
-0.0219857 -0.0452575 0.0511012 
-0.00108388 0.0586409 0.0941626 
0.0107424 0.0671409 0.105652 
-0.0332295 0.0511079 0.018134 
0.0195694 0.0921409 0.106709 
-0.0412557 0.0462406 0.0744633 
-0.00400822 -0.0525591 0.13769 
0.009424729999999999 -0.0687654 0.09585059999999999 
-0.0017165 0.051362 0.0467378 
0.0131235 -0.0472213 0.0258164 
0.00151549 0.0586409 0.127012 
0.0301867 0.0618305 0.0325688 
-0.00203014 0.0812809 0.149266 
0.00565334 -0.0622503 0.0738629 
0.02382 0.07387920000000001 0.097512 
0.0347486 0.0596409 0.09931760000000001 
-0.00717613 0.0336292 0.0454678 
-0.00324838 -0.0525591 0.0946806 
-0.0160762 -0.0199863 0.0321039 
0.0129298 -0.0498322 0.0394248 
-0.0222165 0.0152228 0.0439441 
-0.0170185 0.0865771 0.0112041 
0.0392789 0.0616213 0.0899166 
0.0203419 0.07712339999999999 0.141453 
-0.0348989 0.00373309 0.0363897 
0.0287286 0.0501409 0.135028 
0.0188488 -0.0486869 0.0449306 
-0.0451974 0.0178059 0.0232775 
-0.0132439 0.0681409 0.0726412 
-0.00460755 -0.0595591 0.104964 
0.00576634 0.06938519999999999 0.148856 
-0.0225314 -0.00479684 0.0438815 
-0.00658875 0.0273467 0.0295618 
-0.0268129 -0.0437471 0.0288984 
0.00483804 0.0921409 0.129222 
0.0293758 0.0761806 0.125431 
-0.0426122 0.0532013 0.0512899 
-0.0104848 -0.0673093 0.0675563 
-0.0271826 0.0586409 0.149396 
-0.0263675 0.0586409 0.14494 
0.0291551 0.0681409 0.0546879 
-0.0363018 0.0248815 0.0462602 
-0.0330922 0.0681409 0.0417932 
-0.0617894 0.0521394 0.0417461 
0.0128945 0.0921409 0.119485 
0.0154468 0.000942247 -0.00148889 
-0.0214302 0.0671409 0.0472504 
-0.0174143 -0.0692644 0.12804 
-0.0202961 0.0681409 0.012269 
-0.0333235 0.0566463 0.0387474 
-0.00692206 0.0330342 -0.0034889 
0.0310692 0.0113894 0.0209621 
0.0102125 0.0681409 0.0696035 
0.00880597 0.0681409 0.110613 
-0.0237747 0.0921409 0.124499 
-0.0100948 0.0533047 0.0107879 
-0.0314259 0.0914946 0.09607839999999999 
-0.06425069999999999 0.0451971 0.0417461 
-0.0240096 -0.06449000000000001 0.109383 
-0.0274338 0.0504148 0.0141159 
-0.0341205 0.0501409 0.103888 
-0.00690831 -0.0640623 0.07827539999999999 
0.0402418 0.0536409 0.137316 
-0.00375344 0.0745113 0.0255121 
-0.0187903 0.0921409 0.135093 
0.0315175 0.0608026 0.0451809 
-0.0218156 -0.031072 0.02151 
-0.00721338 0.0921409 0.0443568 
0.0184913 0.0666409 0.0597865 
0.0352885 0.0621208 0.0760198 
0.00233296 0.0501409 0.143045 
-0.0226041 0.0681409 0.0182638 
0.00308663 0.0896237 0.149209 
0.0372263 0.0686409 0.131618 
-0.0382841 0.0596409 0.132185 
-0.0051774 0.0921409 0.0462058 
0.00482107 0.0681409 0.0630569 
-0.0112495 0.0408735 0.0484825 
0.0184327 0.07684820000000001 0.08344459999999999 
0.0178824 -0.0460739 0.0564309 
-0.036499 0.0810429 0.0604753 
-0.00449568 0.0383448 0.0429294 
0.0224169 -0.055623 0.141316 
-0.0197088 0.07772279999999999 0.010782 
-0.00471847 -0.0600116 0.0840602 
0.0360285 0.0632088 0.08197980000000001 
-0.00635759 0.0671409 0.09888570000000001 
-0.00155372 0.0586409 0.125487 
-0.0355797 0.0450064 0.0216514 
0.0314472 0.0620378 0.0433044 
0.0141256 -0.0324637 0.0207111 
0.013064 0.0569486 0.0461884 
-0.0327628 0.0543533 0.151635 
-0.0369174 0.0543563 0.075697 
-0.00177085 0.0666409 0.0510778 
-0.0317775 0.0727677 0.103749 
-0.0114881 0.0921409 0.09942869999999999 
-0.0227507 0.0921409 0.0931958 
0.008932610000000001 -0.0589635 0.0810633 
-0.00575044 0.0681409 0.0987498 
-0.0355534 0.0429334 0.0502076 
0.0269374 -0.0372677 0.0218271 
0.0286138 0.0501409 0.122663 
-0.0455271 0.0288922 0.0417461 
0.0295447 0.0501409 0.108334 
0.0008918659999999999 0.0586409 0.139683 
0.00616017 -0.0613784 0.07780769999999999 
-0.0623798 0.00910217 0.0224618 
-0.0185065 -0.0165805 0.0359113 
0.0176066 -0.0695591 0.107423 
-0.00563618 0.0921409 0.111335 
-0.018962 0.0335791 0.0508168 
-0.0329994 0.0705744 0.0925507 
0.0206948 0.0671409 0.109316 
-0.0170188 -0.0488357 0.0246737 
0.00686936 0.0532327 0.0430293 
-0.0353526 0.08848549999999999 0.070983 
-0.0203165 0.0921409 0.0764331 
0.0209762 0.0586409 0.109549 
0.00580909 -0.05415 0.0324531 
-0.0203009 0.0507979 0.0550315 
0.0413214 0.0647663 0.141052 
0.0420357 0.0686409 0.109809 
0.00352335 0.0658222 0.157569 
-0.0435696 0.054116 0.123353 
-0.0323621 0.0921409 0.0560623 
0.0409736 0.0501409 0.129924 
-0.0330871 -0.00435209 0.0391013 
-0.0207091 -0.0589821 0.077179 
-0.024631 0.0550781 0.0831592 
-0.0265614 0.0154125 0.0489115 
-0.0262996 -0.0457044 0.0399072 
0.0153685 0.06693780000000001 0.0218941 
-0.00442071 0.0921409 0.104234 
-0.00689578 0.00405816 0.0259169 
-0.00834734 0.00690941 0.0214006 
-0.0155556 0.0921409 0.07427060000000001 
-0.0161684 -0.0182017 0.032994 
-0.0282621 0.0781193 0.128819 
0.00919769 -0.0434021 0.0207928 
0.0219622 0.0921409 0.108371 
0.0330851 0.00957497 -0.0034889 
0.0268841 0.00168523 0.0207111 
-0.0257421 0.0693822 0.0109809 
-0.0143046 0.0681409 0.0504636 
0.0337853 0.0636761 0.0632171 
-0.0312122 0.0582914 0.009228770000000001 
0.00231724 0.0921409 0.143686 
0.00677412 0.0586409 0.0856305 
-0.0181373 -0.0195978 0.0337111 
-0.0114719 -0.0610321 0.057384 
0.0033284 0.0681409 0.12013 
-0.0452999 0.0656968 0.128803 
0.000823073 -0.0595591 0.101436 
-0.0265608 0.0921409 0.121964 
-0.00128114 0.0586409 0.103603 
0.00487509 0.069623 0.148973 
0.0246615 -0.0280985 0.00651111 
-0.031826 0.0586409 0.103416 
-0.0326927 0.000937121 0.043447 
-0.0033446 0.0659237 0.157735 
0.0262549 -0.0301546 0.0307637 
-0.00811103 0.09198820000000001 0.0207948 
0.00197079 -0.0595591 0.1173 
0.029604 0.0575363 0.08701929999999999 
-0.0349137 0.0833473 0.0161182 
0.0184587 -0.0572643 0.091031 
-0.0604742 0.0554957 0.0107604 
-0.0273659 0.0681409 0.0603157 
-0.0164766 0.0586409 0.136862 
0.0169348 -0.0595591 0.1189 
-0.00879566 0.0671409 0.113553 
-0.0252737 0.0921409 0.0612363 
0.0190939 0.058805 0.0171871 
-0.0365174 0.0874062 0.0182755 
-0.0400249 0.0681409 0.0608289 
0.0252519 -0.0657711 0.125046 
0.00749568 0.07456500000000001 0.148326 
0.0273435 -0.0201667 0.0207678 
-0.0151401 0.0921409 0.08957660000000001 
0.0207496 -0.048101 0.01914 
-0.00811133 0.0681409 0.09119919999999999 
-0.0410978 0.0686409 0.121315 
-0.00503532 -0.0320161 0.0207111 
-0.0191784 -0.0525591 0.132504 
0.0179802 0.0612789 0.153416 
-0.0270233 0.0681409 0.113077 
-0.0231387 -0.0653825 0.131109 
0.0344547 0.0102403 0.0242833 
-0.00636638 -0.00670547 0.0354888 
-0.0653798 0.0239643 0.0111682 
-0.0355005 0.09184059999999999 0.0537999 
-0.017726 0.0921409 0.0981499 
0.00512318 0.0921409 0.070932 
-0.0281506 0.0921409 0.0521743 
0.0060767 -0.0356907 0.00651111 
0.0262693 0.0736121 0.103908 
0.0128898 0.0501409 0.140323 
0.00257059 0.0149803 0.0301903 
0.0245291 -0.0387144 0.0107719 
-0.0187318 0.0921409 0.0720573 
0.0129514 -0.0628628 0.06747300000000001 
-0.03275 0.0774775 0.0948364 
0.00673426 0.0921409 0.06518119999999999 
-0.00675569 0.0501409 0.134466 
-0.057316 0.0293617 0.0417461 
-0.033627 0.0718502 0.08679820000000001 
0.00328691 -0.0525591 0.139684 
-0.00150714 0.0671409 0.0913337 
0.00836604 -0.06362089999999999 0.0415819 
-0.0189716 -0.00961331 0.0167983 
0.0272568 0.0501409 0.136261 
-0.0240755 0.0407175 0.0510142 
-0.0115817 0.0501409 0.147676 
-0.0327144 0.077305 0.09516239999999999 
-0.0266169 -0.0448776 0.0345553 
-0.0205003 0.0138907 0.0132855 
0.000748872 -0.0525969 0.09363390000000001 
-0.0653798 0.0401947 0.0163657 
-0.0577798 0.0163635 0.0179775 
0.00651941 0.0538231 0.164259 
0.0127008 0.0671409 0.105457 
0.00500663 0.0561637 0.163097 
-0.0143149 0.0551286 0.0781428 
-0.0318387 0.0921409 0.0421647 
-0.00177996 0.0921409 0.0576669 
-0.0467061 0.0602929 0.0326886 
-0.0124574 -0.0609183 0.0621909 
-0.0169105 0.0681409 0.0687941 
-0.008114100000000001 0.0921409 0.126429 
0.0260183 -0.0611005 0.11168 
0.0185391 -0.0516234 0.0285202 
0.0171644 0.0159643 0.0207999 
-0.0344066 0.0714047 0.0796534 
0.0123126 0.0646147 0.164238 
-0.000263078 0.0695538 0.0346262 
-0.00102527 0.0679409 0.0222683 
0.0267995 0.0867998 0.105292 
-0.0320606 0.00333783 0.0170302 
-0.0111377 -0.0585928 0.0458849 
-0.0131754 0.0921409 0.0273526 
0.0465689 0.0611127 0.120949 
-0.0108933 0.06473950000000001 0.00893676 
-0.00175079 0.0671409 0.07482179999999999 
0.0115448 0.0586409 0.147389 
-0.00689541 0.0921409 0.0748798 
-0.0357229 0.0637524 0.0109622 
-0.026612 0.0463036 0.0107111 
0.0260239 0.0542651 0.0810042 
0.0172085 0.0671409 0.137701 
-0.00657489 0.0681409 0.130166 
-0.0116351 0.0609063 0.0399494 
-0.00640625 0.0666409 0.0484465 
-0.0232059 0.0921409 0.0483307 
-0.0280823 0.07117469999999999 0.129019 
-0.0338474 0.072449 0.0847782 
-0.0393898 -0.00437857 0.0157698 
-0.0205013 -0.0610672 0.096193 
0.0257126 0.0130924 -0.00148889 
-0.0157192 0.0681409 0.0877932 
-0.0147193 0.0586409 0.147946 
-0.0488381 0.0602929 0.0336514 
-0.0122639 0.0586409 0.124852 
-0.0215177 0.0203214 0.0130831 
-0.0653798 0.0393731 0.0213055 
0.0277562 0.0170219 0.0208502 
-0.0046262 0.0921409 0.12556 
-0.0350671 0.0620365 0.0208841 
-0.0398692 0.0686409 0.116324 
-0.0505569 0.0178059 0.0108722 
-0.0023062 -0.0229249 0.0207111 
0.0062643 0.0681409 0.0896226 
0.0320086 0.0178898 0.026901 
-0.0225255 0.0671409 0.04612 
-0.0079451 0.0553437 0.162466 
-0.0555485 0.0257649 0.0107604 
-0.0556601 0.0206453 0.0107604 
-0.0205693 0.0671409 0.12407 
-0.0286184 0.0681409 0.113522 
-0.0117381 0.0586409 0.0774577 
-0.0453148 0.056134 0.10828 
-0.00183191 0.00986037 0.0307258 
-0.0289414 0.0681409 0.0804361 
0.0187924 0.0692683 0.08438379999999999 
0.0402918 0.0596409 0.123617 
-0.0143584 0.0666409 0.06749520000000001 
0.0438756 0.0575219 0.117418 
-0.0410594 0.0295066 0.0425967 
-0.0320702 0.0805666 0.101067 
-0.0397013 0.0801128 0.0284308 
-0.0579934 0.0132071 0.0176419 
-0.00233413 0.0921409 0.0794509 
-0.0328071 0.08636099999999999 0.0943126 
-0.0101411 -0.065606 0.143158 
-0.0109086 -0.0555691 0.0903125 
-0.0591286 0.014505 0.0118124 
0.0209289 0.0140945 0.0207111 
0.00134272 0.0502987 0.0432482 
-0.00588443 -0.0647015 0.0415938 
-0.0361566 0.0586409 0.113399 
0.00242183 0.0921409 0.111211 
-0.063406 0.0188635 0.0417461 
-0.0319721 0.0869487 0.101966 
-0.00132585 -0.06746190000000001 0.0589314 
-0.00678448 0.0921409 0.0947842 
-0.035161 0.0633645 0.13416 
-0.0108169 0.0586409 0.141716 
-0.0368434 0.0152141 0.008331099999999999 
-0.0284192 -0.0159132 0.0339758 
0.000153339 0.0239078 0.0353487 
-0.0233283 0.0586409 0.0858208 
-0.0244803 -0.06442970000000001 0.110791 
-0.0239047 0.0671409 0.0326171 
0.00769851 0.0586409 0.110865 
-0.0108314 -0.010919 0.0255257 
-0.0289342 0.0313491 0.0149412 
0.0199197 0.0862829 0.0873275 
0.011255 0.083022 0.0647021 
-0.0383892 0.0766049 0.0431519 
-0.0298775 -0.00381809 -0.0034889 
-0.016472 -0.0569988 0.0837992 
-0.0412759 0.0530311 0.134241 
0.012716 0.0671409 0.0923195 
-0.0390202 0.07232669999999999 0.023597 
-0.00186868 0.0562976 0.0756187 
0.0345261 0.0501409 0.101544 
0.000865201 0.0671409 0.114762 
-0.009832550000000001 -0.06289119999999999 0.06334140000000001 
-0.0593798 0.00190467 0.0301775 
-0.0189603 0.0279528 0.0434304 
-0.0328158 -0.0254662 0.0274911 
-0.0609789 -0.00179285 0.0259269 
-0.008733680000000001 0.0354671 0.00651111 
0.0058832 0.0586409 0.111069 
-0.0348186 0.07410310000000001 0.0160761 
-0.00755327 -0.0613453 0.026582 
-0.00897646 0.0921409 0.138143 
-0.016444 -0.0567831 0.07141409999999999 
0.0113887 0.0501409 0.106218 
0.0328637 -0.00826028 0.0207111 
-0.00707124 -0.0341124 0.00596897 
-0.0365846 0.0492231 0.0245138 
0.000845709 0.0704013 0.0375214 
-0.0300896 0.00597789 0.0459992 
-0.0211463 0.0921409 0.0155602 
0.0305378 0.0238342 0.00710676 
-0.0269885 0.0127582 -0.0034889 
-0.0196842 0.0921409 0.130266 
0.00180285 0.06708699999999999 0.0335375 
-0.0251161 0.0586409 0.0979222 
-0.00213099 0.0651014 0.0179771 
-0.0102228 0.0586409 0.103254 
-0.0198571 0.0159139 -0.00148889 
-0.00785054 0.0681409 0.101867 
-0.0103902 0.0681409 0.138063 
0.0010197 0.0666409 0.0414531 
0.0145784 0.0537316 0.162129 
-0.00533588 0.0671409 0.122759 
0.024886 0.07845050000000001 0.136141 
-0.0135131 0.015008 0.0412042 
0.00322463 0.0501409 0.0787621 
0.0360559 0.0641072 0.0821456 
0.00768461 0.0671409 0.131142 
-0.00196572 0.0741203 0.0301802 
-0.0149946 -0.0653035 0.06988800000000001 
-0.00890616 0.0586409 0.0975145 
-0.0102916 0.0921409 0.0936823 
-0.0222854 -0.0551234 0.0581926 
-0.0438611 0.054391 0.119742 
0.00547618 0.0501409 0.109821 
0.0140833 0.0501409 0.121389 
-0.0595457 -0.00179285 0.0319555 
0.0390532 0.00408882 0.0107795 
-0.0424315 0.0551904 0.129475 
0.0120854 -0.0520929 0.0512937 
-0.0194886 0.0327484 0.00663037 
0.0168625 0.0186353 -0.00148889 
-0.00553431 0.0812316 0.0210258 
0.0349682 0.0491479 0.0686765 
-0.0392843 -0.00497214 0.0235514 
-0.0388803 0.0537512 0.141925 
-0.0111412 0.0735017 0.0141037 
0.02512 -0.0555804 0.138104 
-0.00164689 -0.0551299 0.011818 
-0.012254 0.0921409 0.0253187 
0.0160868 -0.0559668 0.0434674 
0.00514501 -0.0499934 0.0226498 
0.00299289 0.0586409 0.161408 
-0.0359262 -0.0199925 0.00969154 
-0.0112172 0.0671409 0.06277050000000001 
-0.0067658 0.0716048 0.0187746 
-0.0107014 0.0586409 0.143241 
-0.0499797 0.0227582 0.0417461 
-0.0581592 0.0132071 0.0303 
-0.00816777 0.018941 0.0450912 
-0.000611652 -0.0349628 0.00636304 
-0.0220432 -0.0444456 0.0588881 
0.0170287 0.00467094 -0.00148889 
-0.00641398 0.0116372 0.0286832 
0.0386724 0.045173 0.0567487 
0.0457409 0.0657129 0.128036 
-0.00390659 0.0586409 0.0870278 
-0.000410267 0.0921409 0.102752 
-0.0232915 -0.0483971 0.07447429999999999 
0.0285122 0.0700585 0.109958 
0.0088821 -0.0562705 0.0504581 
-0.0593798 0.0108744 0.0176335 
-0.0258226 0.0501409 0.110781 
0.0063099 0.0501409 0.131922 
0.0100949 0.0681409 0.09143999999999999 
-0.0374578 0.0843735 0.051688 
-0.008351829999999999 0.0501069 0.0107784 
-0.0185463 -0.06224 0.125656 
-0.0441135 0.0602929 0.0243627 
0.0403538 0.0553535 0.0959366 
-0.0270267 -0.0298236 0.00856259 
-0.0435395 0.058962 0.0733944 
-0.0204801 0.0278728 0.00635312 
0.0233709 0.0542709 0.0342662 
-0.0213729 0.0921409 0.0537268 
-0.00113781 0.0921409 0.134095 
-0.0160905 -0.0643912 0.0713321 
0.00999096 -0.054441 0.0462172 
0.00601581 -0.0647384 0.0433646 
-0.0427772 0.06800109999999999 0.0529025 
-0.009534610000000001 -0.0227137 0.0228721 
-0.0545066 0.0400463 0.0417461 
-0.0397268 0.0714017 0.0291491 
-0.00281275 0.09103169999999999 0.149202 
-0.00271109 0.0905021 0.0291757 
-0.0130143 0.0851403 0.146466 
-0.037338 0.054484 0.09672020000000001 
-0.0429196 0.0612025 0.13697 
-0.0227814 0.0671409 0.0720795 
-0.0223102 0.0859888 0.139356 
0.0261501 0.0686409 0.0855636 
-0.0204519 0.0921409 0.121762 
-0.0430562 0.0586409 0.121497 
-0.00652165 -0.0145648 0.0300418 
0.0175777 0.0586409 0.152073 
0.0319658 0.008879089999999999 -0.0034889 
0.000220795 0.0841861 0.149449 
-0.0253595 0.0876922 0.0109818 
-0.0114395 0.009341189999999999 0.0398186 
-0.00500918 0.0514492 0.0758249 
0.00609079 0.0681409 0.139764 
0.0147525 -0.0461191 0.053635 
0.0334108 0.063665 0.10078 
-0.00118026 0.0220326 -0.00148889 
0.0177448 0.0681409 0.0347258 
0.0141549 0.0921409 0.138181 
-0.00667643 0.0669183 0.0300026 
0.0292175 0.0832532 0.112855 
0.0071718 0.0586409 0.107933 
-0.0398045 0.07241599999999999 0.0279951 
-0.0174905 0.0586409 0.112921 
0.0227034 0.0501409 0.109654 
0.0149592 -0.0595591 0.122416 
0.0182286 0.0501409 0.104242 
5.61548e-05 0.0338256 0.0370702 
-0.0245547 0.00373085 0.0135432 
-0.0113745 0.0681409 0.09778870000000001 
-0.0243354 0.058343 0.0747797 
0.0148714 -0.0691798 0.139776 
0.0179415 0.0686409 0.156881 
0.0298451 0.0876846 0.115682 
0.0016832 -0.0494647 0.0107111 
-0.0193879 0.0671409 0.136698 
-0.0311244 0.0921409 0.0477255 
0.00536848 -0.0607934 0.0246779 
0.00125793 0.0527967 0.16345 
0.00245959 -0.0507026 0.0226414 
0.0239513 0.0921409 0.127948 
-0.0134126 0.00312984 -0.00148889 
-0.00631609 0.0681409 0.100628 
0.0298025 0.0836476 0.115655 
-0.049841 0.0178059 0.0300429 
-0.0390407 0.0573371 0.139487 
-0.0126802 0.0586409 0.112495 
-0.0231173 0.0586409 0.15062 
0.0235205 -0.0695591 0.11431 
0.0193466 0.082692 0.0858309 
0.0323927 0.0501409 0.114978 
-0.0257506 0.0468259 0.0137811 
-0.0254965 -0.0526017 0.123291 
-0.0543843 0.0269486 0.0417461 
-0.00860934 -0.0112277 -0.00148889 
0.0183191 -0.0613225 0.12689 
0.0321358 0.0316287 0.0315088 
0.0210393 0.0586409 0.0576886 
0.0244519 0.0747077 0.137052 
0.013103 0.0596409 0.160198 
-0.0345754 0.000171458 0.0368739 
-0.0135381 -0.0525591 0.135594 
-0.000592423 0.0921409 0.0483941 
-0.0370267 0.00453773 0.0302859 
-0.0356898 0.0677384 0.106197 
0.0217643 0.0872165 0.092144 
0.0292243 0.0681185 0.0447383 
0.0242567 0.0566663 0.082983 
0.0182976 0.0479934 0.011068 
-0.0321519 0.00402608 -0.0034889 
-0.0176722 0.0921409 0.0656316 
-0.0254331 0.0671409 0.0786264 
-0.0339672 0.0864663 0.0836802 
0.0200723 0.0509969 0.0804342 
0.0065951 0.0501409 0.09674430000000001 
-0.0154771 -0.0225188 0.0253551 
-0.00180776 0.0624792 0.0183909 
-0.0304586 -0.0595591 0.121753 
0.00631084 0.0501409 0.114515 
0.00226532 0.0107173 0.0281438 
-0.0372643 0.0254926 0.0290917 
-0.009880460000000001 0.0491848 0.0191061 
-0.0254204 -0.0289723 0.0299811 
-0.00773764 -0.0650801 0.0448202 
0.00306245 0.0921409 0.119019 
0.0239811 0.07468080000000001 0.137564 
-0.04114 0.0111075 0.03467 
-0.0324327 0.069796 0.0977444 
0.0358011 0.0661793 0.14927 
0.030757 0.032489 0.0368022 
-0.00333752 0.0921409 0.0992941 
0.0182828 0.0586409 0.117001 
-0.009458589999999999 -0.0595591 0.136339 
0.0187516 0.08703619999999999 0.14299 
0.0315133 0.000735024 0.0207111 
0.0172044 -0.0511857 0.0551176 
0.0120328 -0.0630289 0.0550745 
-0.0109962 0.081076 0.0141876 
-0.0234904 -0.0353617 0.0240404 
-0.0127243 0.0501409 0.142181 
0.0273536 -0.0546084 0.108322 
-0.0204538 -0.058873 0.06522559999999999 
-0.0235386 -0.0533965 0.105801 
0.0201676 -0.0286746 0.00651111 
0.0426934 0.0596409 0.108765 
-0.010632 0.0671409 0.0154168 
-0.0172373 0.0681409 0.0525681 
-0.0405918 0.0506797 0.135847 
0.0196339 -0.0622349 0.118171 
0.0176037 -0.0531161 0.0300652 
0.0350341 0.0596409 0.10207 
-0.0345856 0.0291007 0.0107111 
-0.00390468 0.0596409 0.0796009 
-0.0653798 0.0418013 0.0276116 
-0.0246096 -0.0158637 -0.00148889 
-0.0252897 0.0671409 0.075767 
0.0148662 0.0921409 0.09680859999999999 
-0.0627447 0.0178059 0.0117001 
0.0109738 0.0501409 0.150958 
-0.0543386 0.0178059 0.0296913 
0.00189758 0.0921409 0.12733 
-0.0454272 0.0178632 0.0417461 
0.00466523 0.0731127 0.149001 
-0.0157898 0.0586409 0.129968 
-0.00427157 -0.0510591 0.11261 
-0.0292337 -0.037014 0.0412443 
0.00656445 0.0229549 0.0243663 
0.00803531 0.0506658 0.0762927 
0.0314608 -0.00447782 0.0207111 
-0.037209 0.0524219 0.0964843 
-0.0267017 0.0921409 0.0974507 
-0.0246668 -0.0347674 0.0263549 
-0.0623798 0.00669876 0.0192189 
-0.00351501 0.07281120000000001 0.0261347 
-0.00535034 0.0458539 0.0107111 
-0.0401816 0.0596409 0.115252 
-0.008463119999999999 0.07287589999999999 0.016713 
0.0245839 0.0650563 0.149225 
0.0267205 0.0501409 0.125808 
-0.00268015 0.0551045 0.0723395 
-0.0533445 0.0602929 0.0228657 
0.0245846 0.0904485 0.136591 
-0.0362741 0.0695996 0.062537 
0.00510311 0.0706633 0.0486383 
-0.0211814 0.0681409 0.116715 
-0.008674329999999999 -0.0510202 0.0108208 
0.0072994 0.0921409 0.102559 
-0.0326962 0.011392 -0.00114946 
-0.0162004 -0.0573179 0.0837512 
0.0144466 0.0586409 0.114906 
-0.0418975 0.0446934 0.0491468 
-0.00298463 0.0448671 0.0107111 
0.0144845 0.0501409 0.137174 
0.00902065 0.0501409 0.159212 
0.0113261 -0.0599789 0.135498 
-0.023846 -0.0532434 0.132319 
0.0105031 0.0671409 0.124448 
-0.0213635 0.0576266 0.0439084 
-0.0183398 0.0681409 0.135423 
-0.009855310000000001 0.0586409 0.114513 
0.00688329 0.0906896 0.148067 
-0.0138903 0.0921409 0.120177 
0.034887 -0.0223816 0.0198136 
-0.0214545 0.0550181 0.0596441 
0.02262 -0.0229661 0.0208119 
0.0432444 0.0577162 0.127563 
-0.0228907 0.0596547 0.00680973 
-0.0191136 0.0921409 0.133856 
-0.026044 0.0921409 0.0203729 
-0.0382125 0.0681409 0.0367453 
-0.000451351 0.0671409 0.11686 
3 370 728 906 
3 584 370 906 
3 375 728 370 
3 454 198 549 
3 698 829 906 
3 454 698 176 
3 198 225 549 
3 225 198 161 
3 338 408 249 
3 105 340 779 
3 518 105 779 
3 797 105 518 
3 105 797 638 
3 769 105 638 
3 105 769 340 
3 123 825 190 
3 825 631 190 
3 991 769 285 
3 769 991 340 
3 584 444 370 
3 444 877 173 
3 732 780 11 
3 331 584 906 
3 829 331 906 
3 831 829 549 
3 728 256 906 
3 256 698 906 
3 587 256 728 
3 829 275 549 
3 698 275 829 
3 275 454 549 
3 275 698 454 
3 225 551 549 
3 780 974 11 
3 974 78 11 
3 78 974 780 
3 78 201 285 
3 201 78 780 
3 698 359 176 
3 256 359 698 
3 359 256 587 
3 961 587 728 
3 961 728 11 
3 78 961 11 
3 587 374 898 
3 826 559 249 
3 538 338 249 
3 538 107 447 
3 769 538 285 
3 538 769 338 
3 538 78 285 
3 320 797 45 
3 797 320 638 
3 320 769 638 
3 320 408 338 
3 769 320 338 
3 797 193 45 
3 193 518 970 
3 193 797 518 
3 917 753 631 
3 917 518 779 
3 518 917 970 
3 479 917 779 
3 917 479 753 
3 479 114 753 
3 114 690 190 
3 825 989 631 
3 989 917 631 
3 596 577 340 
3 991 596 340 
3 596 991 285 
3 201 596 285 
3 36 573 340 
3 577 36 340 
3 183 36 577 
3 36 183 877 
3 700 695 912 
3 732 695 866 
3 444 70 370 
3 70 321 370 
3 4 732 866 
3 732 4 780 
3 183 4 866 
3 4 183 577 
3 596 4 577 
3 4 201 780 
3 4 596 201 
3 276 732 11 
3 728 276 11 
3 375 276 728 
3 276 375 370 
3 321 276 370 
3 317 321 912 
3 317 276 321 
3 276 317 732 
3 14 743 447 
3 690 362 190 
3 362 123 190 
3 362 831 123 
3 362 331 829 
3 831 362 829 
3 325 831 549 
3 551 325 549 
3 831 325 123 
3 294 454 176 
3 294 198 454 
3 564 294 615 
3 294 564 198 
3 564 615 587 
3 743 564 898 
3 564 587 898 
3 564 743 14 
3 961 946 587 
3 946 374 587 
3 374 946 78 
3 946 961 78 
3 292 559 334 
3 588 225 161 
3 571 145 161 
3 198 571 161 
3 564 571 198 
3 307 14 447 
3 559 147 249 
3 145 147 559 
3 147 538 249 
3 35 320 45 
3 35 45 334 
3 35 826 249 
3 559 35 334 
3 826 35 559 
3 631 617 190 
3 753 617 631 
3 114 617 753 
3 617 114 190 
3 860 114 479 
3 860 479 779 
3 36 860 573 
3 340 860 779 
3 573 860 340 
3 860 36 877 
3 860 877 444 
3 917 204 970 
3 989 204 917 
3 204 847 970 
3 847 204 989 
3 544 825 123 
3 544 989 825 
3 544 847 989 
3 847 869 970 
3 869 193 970 
3 193 869 45 
3 695 240 912 
3 240 695 732 
3 240 317 912 
3 317 240 732 
3 387 135 877 
3 183 606 877 
3 606 387 877 
3 606 183 866 
3 387 606 866 
3 377 444 173 
3 377 70 444 
3 70 434 321 
3 377 434 70 
3 182 362 690 
3 182 444 584 
3 182 860 444 
3 114 182 690 
3 860 182 114 
3 331 489 584 
3 362 489 331 
3 489 182 584 
3 182 489 362 
3 292 781 559 
3 145 621 161 
3 621 588 161 
3 392 564 145 
3 571 392 145 
3 392 571 564 
3 107 418 447 
3 418 307 447 
3 538 418 107 
3 147 418 538 
3 307 418 145 
3 418 147 145 
3 839 564 14 
3 307 839 14 
3 564 839 145 
3 839 307 145 
3 320 895 408 
3 35 895 320 
3 408 895 249 
3 895 35 249 
3 135 820 700 
3 820 135 387 
3 820 695 700 
3 695 820 866 
3 820 387 866 
3 266 135 700 
3 266 377 173 
3 377 266 700 
3 877 266 173 
3 135 266 877 
3 255 700 912 
3 255 377 700 
3 255 434 377 
3 321 255 912 
3 434 255 321 
3 741 145 559 
3 781 741 559 
3 588 522 225 
3 621 522 588 
3 743 374 78 
3 538 743 78 
3 374 743 898 
3 743 538 447 
3 294 359 587 
3 359 294 176 
3 615 294 587 
3 45 522 334 
3 522 551 225 
3 522 325 551 
3 522 781 292 
3 544 522 847 
3 522 869 847 
3 325 522 123 
3 522 292 334 
3 522 544 123 
3 869 522 45 
3 522 621 145 
3 522 741 781 
3 741 522 145 
Vertices and facets:
- p728(v19): -0.061 -0.0018 0.026
  neighbors: f68 f151 f295 f297 f322 f324 f439 f440
- p370(v16): -0.026 -0.066  0.12
  neighbors: f68 f123 f151 f251 f424 f425 f441 f442
- p906(v7): -0.03 -0.06  0.12
  neighbors: f68 f123 f173 f284 f285 f295 f296
- p584(v30): -0.023 -0.065  0.13
  neighbors: f123 f251 f284 f558 f562 f564
- p375(v36): -0.025 -0.047 0.024
  neighbors: f151 f440 f441
- p198(v37): -0.061  0.06 0.031
  neighbors: f157 f181 f182 f466 f470 f489 f490
- p454(v21): -0.064 0.045 0.042
  neighbors: f157 f175 f301 f302 f465 f466
- p549(v10): -0.045 0.066  0.13
  neighbors: f157 f181 f291 f299 f301 f304 f459 f460
- p698(v40): -0.063 0.019 0.042
  neighbors: f173 f175 f296 f300 f302 f314 f316
- p829(v39): -0.043 0.061  0.14
  neighbors: f173 f285 f291 f299 f300 f457 f458
- p176(v0): -0.065 0.042 0.034
  neighbors: f175 f314 f465 f618
- p225(v41): -0.033 0.092 0.083
  neighbors: f181 f182 f304 f485 f609 f623
- p161(v20): -0.038  0.09 0.047
  neighbors: f182 f485 f487 f489 f571 f572
- p408(v44):  0.03 0.062 0.033
  neighbors: f197 f365 f586 f588
- p338(v24): 0.034 0.025  0.01
  neighbors: f197 f354 f358 f365 f366
- p249(v13): 0.023 0.067 0.022
  neighbors: f197 f348 f354 f497 f501 f507 f588 f589
- p105(v49): 0.034 -0.057  0.12
  neighbors: f225 f226 f227 f228 f229 f230
- p340(v15): 0.033 -0.06  0.12
  neighbors: f225 f230 f248 f400 f401 f406 f407 f517 f518
- p779(v8): 0.025 -0.056  0.14
  neighbors: f225 f226 f373 f379 f515 f517
- p518(v27): 0.041 0.065  0.14
  neighbors: f226 f227 f369 f370 f373 f374
- p797(v48): 0.046 0.066  0.13
  neighbors: f227 f228 f362 f363 f368 f370
- p638(v1): 0.047 0.061  0.12
  neighbors: f228 f229 f363 f364
- p769(v29): 0.039 0.0041 0.011
  neighbors: f229 f230 f247 f248 f357 f358 f364 f366
- p825(v53): -0.0028 0.091  0.15
  neighbors: f245 f246 f390 f528 f529
- p123(v22): -0.017 0.092  0.14
  neighbors: f245 f455 f456 f462 f528 f628 f630
- p190(v3): -0.01 0.066  0.16
  neighbors: f245 f246 f384 f454 f455 f510 f513
- p631(v28): 0.012 0.065  0.16
  neighbors: f246 f371 f390 f392 f510 f511
- p991(v54): 0.035 -0.022  0.02
  neighbors: f247 f248 f401 f402
- p285(v5): 0.033 -0.01 -0.0029
  neighbors: f247 f310 f357 f360 f402 f403
- p444(v55): -0.017 -0.069  0.13
  neighbors: f251 f261 f424 f520 f547 f548 f558 f559
- p877(v56): 0.024 -0.07  0.11
  neighbors: f261 f414 f519 f520 f539 f543 f544 f598 f599
- p173(v2): 0.0053 -0.07 0.092
  neighbors: f261 f547 f596 f598
- p732(v59): -0.0076 -0.061 0.027
  neighbors: f277 f417 f430 f431 f437 f446 f536 f538
- p780(v33): -0.0016 -0.055 0.012
  neighbors: f277 f307 f309 f311 f431 f435
- p11(v9): -0.021 -0.049 0.015
  neighbors: f277 f307 f308 f324 f325 f437 f439
- p331(v61): -0.039 0.056  0.15
  neighbors: f284 f285 f457 f562 f563
- p831(v62): -0.022 0.086  0.14
  neighbors: f291 f456 f458 f459 f462
- p256(v63): -0.062 0.0083 0.035
  neighbors: f295 f296 f297 f316 f317
- p587(v43): -0.065 0.024 0.011
  neighbors: f297 f317 f322 f327 f472 f474 f477 f478 f617 f619
- p275(v64): -0.045 0.065  0.13
  neighbors: f299 f300 f301 f302
- p551(v65): -0.027 0.092  0.12
  neighbors: f304 f460 f623 f624
- p974(v66): -0.0087 -0.051 0.011
  neighbors: f307 f308 f309
- p78(v42): -0.023 -0.026 -0.0035
  neighbors: f308 f309 f310 f311 f325 f360 f479 f480 f611 f612
- p201(v67):  0.01 -0.033 0.00072
  neighbors: f310 f311 f403 f435 f436
- p359(v68): -0.065 0.029 0.025
  neighbors: f314 f316 f317 f617 f618
- p961(v70): -0.062 0.0067 0.019
  neighbors: f322 f324 f325 f477 f480
- p374(v71): -0.026 -0.021 -0.0035
  neighbors: f327 f478 f479 f611 f613
- p898(v23): -0.032 0.004 -0.0035
  neighbors: f327 f473 f474 f613
- p826(v74): -0.0027 0.091 0.029
  neighbors: f348 f507 f509
- p559(v46): -0.0081 0.092 0.021
  neighbors: f348 f482 f497 f498 f508 f509 f568 f606 f607
- p538(v76): 0.033 0.0096 -0.0035
  neighbors: f354 f356 f357 f358 f360 f501 f578 f579 f612 f614
- p107(v47): 0.017  0.03 -0.0005
  neighbors: f356 f576 f578
- p447(v26): -0.0069 0.033 -0.0035
  neighbors: f356 f448 f491 f576 f577 f614
- p320(v77): 0.043 0.068  0.11
  neighbors: f362 f363 f364 f365 f366 f504 f586 f587
- p45(v45): 0.027 0.092  0.12
  neighbors: f362 f368 f504 f506 f534 f622 f631
- p193(v78): 0.027  0.09  0.13
  neighbors: f368 f369 f370 f533 f534
- p970(v11): 0.025  0.09  0.14
  neighbors: f369 f374 f523 f525 f532 f533
- p917(v79): 0.036 0.066  0.15
  neighbors: f371 f373 f374 f379 f380 f392 f523 f524
- p753(v50): 0.015 0.054  0.16
  neighbors: f371 f380 f383 f511 f512
- p479(v80): 0.022 -0.056  0.14
  neighbors: f379 f380 f383 f514 f515
- p114(v81): 0.0047 -0.065  0.14
  neighbors: f383 f384 f512 f513 f514 f560 f561
- p690(v17): -0.01 -0.066  0.14
  neighbors: f384 f454 f556 f560
- p989(v82): 0.0069 0.091  0.15
  neighbors: f390 f392 f524 f526 f529 f530
- p596(v84): 0.025 -0.039 0.011
  neighbors: f400 f401 f402 f403 f434 f436
- p577(v34): 0.021 -0.048 0.019
  neighbors: f400 f407 f413 f433 f434
- p36(v85): 0.025 -0.069  0.12
  neighbors: f406 f407 f413 f414 f516 f519
- p573(v32): 0.025 -0.066  0.13
  neighbors: f406 f516 f518
- p183(v86): 0.016 -0.055 0.025
  neighbors: f413 f414 f432 f433 f543 f545
- p695(v87): -0.0059 -0.065 0.042
  neighbors: f416 f417 f535 f536 f592 f593
- p700(v57): -0.0013 -0.067 0.059
  neighbors: f416 f590 f592 f595 f597 f600 f601
- p912(v35): -0.0077 -0.065 0.045
  neighbors: f416 f443 f535 f537 f600 f603
- p866(v18): 0.0054 -0.061 0.025
  neighbors: f417 f430 f432 f545 f546 f593 f594
- p70(v89): -0.012 -0.068 0.074
  neighbors: f424 f425 f548 f553 f555
- p321(v58): -0.014 -0.064 0.052
  neighbors: f425 f442 f443 f445 f553 f603 f604
- p4(v90): 0.0001 -0.057 0.014
  neighbors: f430 f431 f432 f433 f434 f435 f436
- p276(v91): -0.02 -0.051 0.019
  neighbors: f437 f439 f440 f441 f442 f445 f446
- p317(v92): -0.01 -0.062 0.032
  neighbors: f443 f445 f446 f537 f538
- p743(v93): -0.027 0.013 -0.0035
  neighbors: f448 f473 f476 f611 f612 f613 f614
- p14(v60): -0.011 0.033 -0.0035
  neighbors: f448 f476 f491 f582 f583
- p362(v94): -0.031 0.056  0.15
  neighbors: f454 f455 f456 f457 f458 f556 f563 f565
- p325(v95): -0.021 0.092  0.13
  neighbors: f459 f460 f462 f624 f628
- p294(v96): -0.065 0.047 0.027
  neighbors: f465 f466 f469 f470 f617 f618 f619
- p564(v97): -0.06 0.055 0.011
  neighbors: f469 f470 f472 f473 f474 f476 f490 f573 f575 f582 f584
- p615(v69): -0.065  0.04 0.016
  neighbors: f469 f472 f619
- p946(v98): -0.063 0.018 0.012
  neighbors: f477 f478 f479 f480
- p292(v99): -0.00084 0.092 0.043
  neighbors: f482 f568 f625 f629
- p334(v25): 0.022 0.092   0.1
  neighbors: f482 f506 f508 f622 f629
- p588(v100): -0.036 0.092 0.054
  neighbors: f485 f572 f609 f610
- p571(v101): -0.037 0.087 0.018
  neighbors: f487 f489 f490 f574 f575
- p145(v73): -0.024 0.092 0.013
  neighbors: f487 f498 f571 f573 f574 f580 f581 f584 f585 f606 f632 f634
- p307(v102): -0.023 0.087 0.011
  neighbors: f491 f577 f580 f583 f585
- p147(v103): -0.0075  0.09 0.018
  neighbors: f497 f498 f501 f579 f581
- p35(v104): 0.026 0.091  0.11
  neighbors: f504 f506 f507 f508 f509 f587 f589
- p617(v105): 0.0065 0.054  0.16
  neighbors: f510 f511 f512 f513
- p860(v106): 0.015 -0.069  0.14
  neighbors: f514 f515 f516 f517 f518 f519 f520 f559 f561
- p204(v107): 0.022  0.09  0.14
  neighbors: f523 f524 f525 f526
- p847(v83): 0.014 0.092  0.14
  neighbors: f525 f526 f530 f532 f626 f627
- p544(v108): 0.0023 0.092  0.14
  neighbors: f528 f529 f530 f626 f630
- p869(v109): 0.024 0.092  0.13
  neighbors: f532 f533 f534 f627 f631
- p240(v110): -0.0075 -0.064 0.038
  neighbors: f535 f536 f537 f538
- p135(v111): 0.0039 -0.067 0.057
  neighbors: f539 f590 f591 f595 f599
- p387(v88): 0.0067 -0.065 0.043
  neighbors: f539 f544 f546 f591 f594
- p606(v112): 0.0084 -0.064 0.042
  neighbors: f543 f544 f545 f546
- p377(v113): -0.0064 -0.069 0.072
  neighbors: f547 f548 f555 f596 f597 f601 f602
- p434(v114): -0.01 -0.067 0.068
  neighbors: f553 f555 f602 f604
- p182(v115): -0.012 -0.066  0.14
  neighbors: f556 f558 f559 f560 f561 f564 f565
- p489(v116): -0.033 0.054  0.15
  neighbors: f562 f563 f564 f565
- p781(v117): -0.012 0.092 0.025
  neighbors: f568 f607 f625 f633
- p621(v118): -0.032 0.092 0.042
  neighbors: f571 f572 f610 f632
- p392(v119): -0.035 0.087 0.016
  neighbors: f573 f574 f575
- p418(v120): -0.017 0.087 0.011
  neighbors: f576 f577 f578 f579 f580 f581
- p839(v121): -0.025 0.088 0.011
  neighbors: f582 f583 f584 f585
- p895(v122): 0.029 0.068 0.045
  neighbors: f586 f587 f588 f589
- p820(v123): 0.006 -0.065 0.043
  neighbors: f590 f591 f592 f593 f594
- p266(v124): 0.0043 -0.069 0.074
  neighbors: f595 f596 f597 f598 f599
- p255(v125): -0.0072 -0.067 0.061
  neighbors: f600 f601 f602 f603 f604
- p741(v126): -0.021 0.092 0.016
  neighbors: f606 f607 f633 f634
- p522(v127): -0.032 0.092 0.056
  neighbors: f609 f610 f622 f623 f624 f625 f626 f627 f628 f629 f630 f631 f632 f633 f634
- f68
    - flags: bottom simplicial
    - normal:   -0.8166   -0.571  -0.0841
    - offset: -0.04864152
    - vertices: p728(v19) p370(v16) p906(v7)
    - neighboring facets: f123 f295 f151
- f123
    - flags: top simplicial
    - normal:   -0.7316  -0.6628   0.1599
    - offset: -0.08121848
    - vertices: p584(v30) p370(v16) p906(v7)
    - neighboring facets: f68 f284 f251
- f151
    - flags: top simplicial
    - normal:    -0.774  -0.6188  -0.1341
    - offset: -0.04483049
    - vertices: p375(v36) p728(v19) p370(v16)
    - neighboring facets: f68 f441 f440
- f157
    - flags: bottom simplicial
    - normal:   -0.9423   0.3075   0.1327
    - offset: -0.07997801
    - center: -0.05677616666666666 0.05706226666666667 0.06732486666666666 
    - vertices: p198(v37) p454(v21) p549(v10)
    - neighboring facets: f301 f181 f466
- f173
    - flags: top simplicial
    - normal:   -0.9554  -0.1319   0.2642
    - offset: -0.06911995
    - vertices: p698(v40) p829(v39) p906(v7)
    - neighboring facets: f285 f296 f300
- f175
    - flags: bottom simplicial
    - normal:   -0.9862 -0.03163   0.1627
    - offset: -0.06872507
    - center: -0.0643455 0.03549556666666667 0.0392856 
    - vertices: p698(v40) p454(v21) p176(v0)
    - neighboring facets: f465 f314 f302
- f181
    - flags: bottom simplicial tested
    - normal:   -0.8267   0.5535   0.1007
    - offset: -0.08678393
    - center: -0.04642266666666666 0.0727102 0.08103263333333334 
    - vertices: p225(v41) p198(v37) p549(v10)
    - neighboring facets: f157 f304 f182
- f182
    - flags: top simplicial tested
    - normal:   -0.8087   0.5838  0.07224
    - offset:  -0.086619
    - center: -0.04390496666666667 0.08090516666666668 0.0537273 
    - vertices: p225(v41) p198(v37) p161(v20)
    - neighboring facets: f489 f485 f181
- f197
    - flags: bottom simplicial
    - normal:    0.8324    0.352  -0.4279
    - offset: -0.03295692
    - center: 0.02905993333333334 0.05109346666666666 0.02154456666666666 
    - vertices: p408(v44) p338(v24) p249(v13)
    - neighboring facets: f354 f588 f365
- f225
    - flags: top simplicial
    - normal:    0.8242   -0.359    0.438
    - offset: -0.1011427
    - vertices: p105(v49) p340(v15) p779(v8)
    - neighboring facets: f517 f226 f230
- f226
    - flags: bottom simplicial
    - normal:    0.8851  -0.1301   0.4467
    - offset: -0.09116386
    - vertices: p105(v49) p518(v27) p779(v8)
    - neighboring facets: f373 f225 f227
- f227
    - flags: bottom simplicial
    - normal:    0.9434  -0.1117   0.3122
    - offset: -0.07578794
    - vertices: p105(v49) p797(v48) p518(v27)
    - neighboring facets: f370 f226 f228
- f228
    - flags: top simplicial
    - normal:     0.977  -0.1077    0.184
    - offset: -0.06117701
    - vertices: p105(v49) p797(v48) p638(v1)
    - neighboring facets: f363 f229 f227
- f229
    - flags: bottom simplicial
    - normal:    0.9939  -0.1096 -0.01108
    - offset: -0.03824801
    - vertices: p105(v49) p769(v29) p638(v1)
    - neighboring facets: f364 f228 f230
- f230
    - flags: top simplicial
    - normal:    0.9884   -0.148 -0.03269
    - offset: -0.03764467
    - vertices: p105(v49) p769(v29) p340(v15)
    - neighboring facets: f248 f225 f229
- f245
    - flags: bottom simplicial tested
    - normal:   -0.4304   0.5601   0.7078
    - offset: -0.1578085
    - center: -0.009939883333333331 0.08293243333333333 0.151277 
    - vertices: p825(v53) p123(v22) p190(v3)
    - neighboring facets: f455 f246 f528
- f246
    - flags: top simplicial tested
    - normal:   0.03953   0.5113   0.8585
    - offset: -0.1745221
    - center: -0.0003051833333333331 0.07375703333333333 0.1593743333333333 
    - vertices: p825(v53) p631(v28) p190(v3)
    - neighboring facets: f510 f245 f390
- f247
    - flags: top simplicial
    - normal:    0.9622  -0.2104  -0.1728
    - offset: -0.0348546
    - center: 0.03580096666666667 -0.00951106 0.009230479999999999 
    - vertices: p991(v54) p769(v29) p285(v5)
    - neighboring facets: f357 f402 f248
- f248
    - flags: bottom simplicial
    - normal:    0.9842  -0.1707 -0.04616
    - offset: -0.03724265
    - vertices: p991(v54) p769(v29) p340(v15)
    - neighboring facets: f230 f401 f247
- f251
    - flags: bottom simplicial
    - normal:   -0.5082  -0.8515   0.1292
    - offset: -0.0843748
    - vertices: p444(v55) p584(v30) p370(v16)
    - neighboring facets: f123 f424 f558
- f261
    - flags: bottom simplicial
    - normal:  -0.002792  -0.9999  0.01314
    - offset: -0.07098883
    - vertices: p877(v56) p444(v55) p173(v2)
    - neighboring facets: f547 f598 f520
- f277
    - flags: top simplicial
    - normal:   -0.3514  -0.8043  -0.4792
    - offset: -0.03925564
    - vertices: p732(v59) p780(v33) p11(v9)
    - neighboring facets: f307 f437 f431
- f284
    - flags: top simplicial
    - normal:   -0.8245  -0.1682   0.5403
    - offset: -0.1009185
    - vertices: p331(v61) p584(v30) p906(v7)
    - neighboring facets: f123 f285 f562
- f285
    - flags: bottom simplicial
    - normal:   -0.9145  -0.1421   0.3788
    - offset: -0.08243798
    - vertices: p331(v61) p829(v39) p906(v7)
    - neighboring facets: f173 f284 f457
- f291
    - flags: top simplicial
    - normal:    -0.692    0.528   0.4923
    - offset: -0.1294411
    - center: -0.03684323333333334 0.0709627 0.135043 
    - vertices: p831(v62) p829(v39) p549(v10)
    - neighboring facets: f299 f459 f458
- f295
    - flags: bottom simplicial
    - normal:   -0.9531  -0.2669   0.1427
    - offset: -0.06229785
    - vertices: p256(v63) p728(v19) p906(v7)
    - neighboring facets: f68 f296 f297
- f296
    - flags: top simplicial
    - normal:   -0.9593  -0.2075   0.1917
    - offset: -0.06491171
    - vertices: p256(v63) p698(v40) p906(v7)
    - neighboring facets: f173 f295 f316
- f297
    - flags: bottom simplicial
    - normal:   -0.9874  -0.1567  0.02091
    - offset: -0.0610348
    - vertices: p256(v63) p587(v43) p728(v19)
    - neighboring facets: f322 f295 f317
- f299
    - flags: bottom simplicial
    - normal:   -0.9153   0.1747   0.3629
    - offset: -0.0996877
    - vertices: p275(v64) p829(v39) p549(v10)
    - neighboring facets: f291 f301 f300
- f300
    - flags: bottom simplicial
    - normal:   -0.9657 -0.08458   0.2454
    - offset: -0.06988116
    - vertices: p275(v64) p698(v40) p829(v39)
    - neighboring facets: f173 f299 f302
- f301
    - flags: top simplicial
    - normal:   -0.9768 -0.006628   0.2142
    - offset: -0.07140007
    - vertices: p275(v64) p454(v21) p549(v10)
    - neighboring facets: f157 f299 f302
- f302
    - flags: top simplicial
    - normal:   -0.9751 -0.03128   0.2194
    - offset: -0.07039768
    - vertices: p275(v64) p698(v40) p454(v21)
    - neighboring facets: f175 f301 f300
- f304
    - flags: bottom simplicial tested seen
    - normal:   -0.7918   0.5958   0.1343
    - offset: -0.09230713
    - center: -0.03501696666666667 0.0833262 0.1112121333333333 
    - vertices: p551(v65) p225(v41) p549(v10)
    - neighboring facets: f181 f460 f623
    - ridges:
- f307
    - flags: bottom simplicial
    - normal:   -0.3422   -0.729  -0.5928
    - offset: -0.03374846
    - vertices: p974(v66) p780(v33) p11(v9)
    - neighboring facets: f277 f308 f309
- f308
    - flags: top simplicial
    - normal:   -0.3552  -0.6023  -0.7148
    - offset: -0.02607765
    - vertices: p974(v66) p78(v42) p11(v9)
    - neighboring facets: f325 f307 f309
- f309
    - flags: bottom simplicial
    - normal:   -0.2209  -0.5698  -0.7915
    - offset: -0.02242435
    - vertices: p974(v66) p78(v42) p780(v33)
    - neighboring facets: f311 f307 f308
- f310
    - flags: bottom simplicial
    - normal:   0.07065  -0.2227  -0.9723
    - offset: -0.007466132
    - center: 0.006852633333333333 -0.02310563333333333 -0.001888601333333332 
    - vertices: p201(v67) p78(v42) p285(v5)
    - neighboring facets: f360 f403 f311
- f311
    - flags: top simplicial
    - normal:  0.003942  -0.4578   -0.889
    - offset: -0.01472651
    - vertices: p201(v67) p78(v42) p780(v33)
    - neighboring facets: f309 f435 f310
- f314
    - flags: bottom simplicial seen
    - normal:   -0.9947 -0.05656  0.08544
    - offset: -0.06557226
    - center: -0.06472186666666667 0.03000446666666666 0.03380163333333333 
    - vertices: p359(v68) p698(v40) p176(v0)
    - neighboring facets: f175 f618 f316
    - ridges:
- f316
    - flags: bottom simplicial
    - normal:   -0.9914  -0.1232  0.04509
    - offset: -0.06241592
    - vertices: p359(v68) p256(v63) p698(v40)
    - neighboring facets: f296 f314 f317
- f317
    - flags: top simplicial seen
    - normal:   -0.9913  -0.1247  0.04203
    - offset: -0.06229129
    - center: -0.0643798 0.02033043666666667 0.02397106666666667 
    - vertices: p359(v68) p256(v63) p587(v43)
    - neighboring facets: f297 f617 f316
    - ridges:
- f322
    - flags: top simplicial
    - normal:   -0.9827  -0.1832 -0.02666
    - offset: -0.0595621
    - center: -0.06291283333333333 0.009623403333333334 0.01877133333333333 
    - vertices: p961(v70) p587(v43) p728(v19)
    - neighboring facets: f297 f324 f477
- f324
    - flags: top simplicial
    - normal:   -0.7157  -0.5018  -0.4858
    - offset: -0.03194503
    - vertices: p961(v70) p728(v19) p11(v9)
    - neighboring facets: f439 f325 f322
- f325
    - flags: bottom simplicial
    - normal:   -0.7003  -0.4872  -0.5217
    - offset: -0.0303949
    - center: -0.03529996666666668 -0.02248404666666667 0.0101218 
    - vertices: p961(v70) p78(v42) p11(v9)
    - neighboring facets: f308 f324 f480
- f327
    - flags: bottom simplicial tested seen
    - normal:   -0.4597  -0.1192    -0.88
    - offset: -0.01737091
    - center: -0.04104673333333333 0.002258826666666667 0.0013968 
    - vertices: p374(v71) p587(v43) p898(v23)
    - neighboring facets: f474 f613 f478
    - ridges:
- f348
    - flags: top simplicial
    - normal:    0.6173   0.7402  -0.2665
    - offset: -0.05753729
    - center: 0.003911059999999991 0.08308566666666665 0.0239181 
    - vertices: p826(v74) p559(v46) p249(v13)
    - neighboring facets: f497 f507 f509
- f354
    - flags: top simplicial tested
    - normal:    0.8072   0.3565  -0.4704
    - offset: -0.03176135
    - center: 0.03002606666666666 0.03367495666666667 0.009525333333333334 
    - vertices: p538(v76) p338(v24) p249(v13)
    - neighboring facets: f197 f501 f358
- f356
    - flags: top simplicial tested seen
    - normal:    0.1452   0.2476  -0.9579
    - offset: -0.01051603
    - center: 0.01454521333333333 0.02430735666666667 -0.002490965333333332 
    - vertices: p538(v76) p107(v47) p447(v26)
    - neighboring facets: f576 f614 f578
    - ridges:
- f357
    - flags: bottom simplicial tested
    - normal:    0.9234 0.006221  -0.3838
    - offset: -0.03194888
    - center: 0.03520033333333333 0.00114113 0.001462980000000001 
    - vertices: p538(v76) p769(v29) p285(v5)
    - neighboring facets: f247 f360 f358
- f358
    - flags: top simplicial tested
    - normal:    0.9289   0.2006  -0.3114
    - offset: -0.03373901
    - center: 0.03552536666666666 0.01278233 0.005857233333333335 
    - vertices: p538(v76) p769(v29) p338(v24)
    - neighboring facets: f366 f354 f357
- f360
    - flags: top simplicial tested seen
    - normal:   0.01835 -0.02927  -0.9994
    - offset: -0.003813711
    - center: 0.01451596666666667 -0.008751643333333333 -0.003293153333333334 
    - vertices: p538(v76) p78(v42) p285(v5)
    - neighboring facets: f310 f357 f612
    - ridges:
- f362
    - flags: top simplicial
    - normal:    0.8183   0.5743 -0.02407
    - offset: -0.07208611
    - center: 0.0387031 0.07528406666666666 0.1171253333333333 
    - vertices: p320(v77) p797(v48) p45(v45)
    - neighboring facets: f368 f504 f363
- f363
    - flags: bottom simplicial
    - normal:    0.9581    0.278 -0.06853
    - offset: -0.05332148
    - vertices: p320(v77) p797(v48) p638(v1)
    - neighboring facets: f228 f364 f362
- f364
    - flags: top simplicial
    - normal:    0.9811    0.136  -0.1373
    - offset: -0.03739272
    - vertices: p320(v77) p769(v29) p638(v1)
    - neighboring facets: f229 f363 f366
- f365
    - flags: top simplicial
    - normal:    0.9552   0.2249  -0.1926
    - offset: -0.03646408
    - center: 0.03603483333333333 0.05150403333333333 0.04951596666666666 
    - vertices: p320(v77) p408(v44) p338(v24)
    - neighboring facets: f197 f366 f586
- f366
    - flags: bottom simplicial
    - normal:    0.9596   0.2105  -0.1865
    - offset: -0.03632675
    - vertices: p320(v77) p769(v29) p338(v24)
    - neighboring facets: f358 f365 f364
- f368
    - flags: bottom simplicial
    - normal:    0.7941   0.6013  0.08848
    - offset: -0.08716406
    - center: 0.03320700000000001 0.08254889999999999 0.1261166666666667 
    - vertices: p193(v78) p797(v48) p45(v45)
    - neighboring facets: f362 f534 f370
- f369
    - flags: top simplicial
    - normal:    0.7487   0.5517   0.3675
    - offset: -0.1185122
    - center: 0.0309659 0.08166923333333333 0.1367716666666667 
    - vertices: p193(v78) p518(v27) p970(v11)
    - neighboring facets: f374 f533 f370
- f370
    - flags: top simplicial
    - normal:    0.7791    0.548   0.3044
    - offset: -0.1106233
    - vertices: p193(v78) p797(v48) p518(v27)
    - neighboring facets: f227 f369 f368
- f371
    - flags: top simplicial
    - normal:    0.5391 -0.05068   0.8407
    - offset: -0.1414394
    - vertices: p917(v79) p753(v50) p631(v28)
    - neighboring facets: f511 f392 f380
- f373
    - flags: top simplicial
    - normal:    0.8138  -0.1235   0.5679
    - offset: -0.1057318
    - vertices: p917(v79) p518(v27) p779(v8)
    - neighboring facets: f226 f379 f374
- f374
    - flags: bottom simplicial
    - normal:    0.7348   0.5482   0.3993
    - offset: -0.1221989
    - vertices: p917(v79) p518(v27) p970(v11)
    - neighboring facets: f369 f523 f373
- f379
    - flags: top simplicial
    - normal:    0.7599  -0.1252   0.6379
    - offset: -0.1141361
    - vertices: p479(v80) p917(v79) p779(v8)
    - neighboring facets: f373 f515 f380
- f380
    - flags: bottom simplicial
    - normal:    0.5634  -0.1153   0.8181
    - offset: -0.1346581
    - vertices: p479(v80) p917(v79) p753(v50)
    - neighboring facets: f371 f383 f379
- f383
    - flags: bottom simplicial
    - normal:    0.2812  -0.1599   0.9462
    - offset: -0.1489166
    - vertices: p114(v81) p479(v80) p753(v50)
    - neighboring facets: f380 f512 f514
- f384
    - flags: top simplicial
    - normal:   -0.1139   -0.161   0.9804
    - offset: -0.1520655
    - vertices: p114(v81) p690(v17) p190(v3)
    - neighboring facets: f454 f513 f560
- f390
    - flags: bottom simplicial
    - normal:    0.1166   0.5409    0.833
    - offset: -0.1731916
    - center: 0.005461046666666667 0.08211199999999999 0.1538356666666667 
    - vertices: p989(v82) p825(v53) p631(v28)
    - neighboring facets: f246 f392 f529
- f392
    - flags: top simplicial
    - normal:    0.4268   0.5392   0.7261
    - offset: -0.1593403
    - vertices: p989(v82) p917(v79) p631(v28)
    - neighboring facets: f371 f390 f524
- f400
    - flags: top simplicial
    - normal:    0.8574  -0.4889  -0.1611
    - offset: -0.03822028
    - vertices: p596(v84) p577(v34) p340(v15)
    - neighboring facets: f407 f401 f434
- f401
    - flags: bottom simplicial
    - normal:    0.8711  -0.4651  -0.1577
    - offset: -0.03767598
    - vertices: p596(v84) p991(v54) p340(v15)
    - neighboring facets: f248 f400 f402
- f402
    - flags: top simplicial
    - normal:    0.8737  -0.4042  -0.2708
    - offset: -0.03416032
    - vertices: p596(v84) p991(v54) p285(v5)
    - neighboring facets: f247 f403 f401
- f403
    - flags: bottom simplicial
    - normal:    0.3691  -0.4939  -0.7873
    - offset: -0.01969454
    - vertices: p596(v84) p201(v67) p285(v5)
    - neighboring facets: f310 f402 f436
- f406
    - flags: top simplicial
    - normal:    0.6946  -0.6791   0.2374
    - offset: -0.09189549
    - vertices: p36(v85) p573(v32) p340(v15)
    - neighboring facets: f518 f407 f516
- f407
    - flags: bottom simplicial
    - normal:    0.7629  -0.6252   -0.165
    - offset: -0.04274116
    - vertices: p36(v85) p577(v34) p340(v15)
    - neighboring facets: f400 f406 f413
- f413
    - flags: top simplicial
    - normal:    0.7297   -0.662  -0.1714
    - offset: -0.04370086
    - vertices: p183(v86) p36(v85) p577(v34)
    - neighboring facets: f407 f433 f414
- f414
    - flags: bottom simplicial
    - normal:    0.6911  -0.7017  -0.1734
    - offset: -0.04524052
    - vertices: p183(v86) p36(v85) p877(v56)
    - neighboring facets: f519 f543 f413
- f416
    - flags: bottom simplicial
    - normal:  -0.04942  -0.9883  -0.1444
    - offset: -0.05823037
    - vertices: p695(v87) p700(v57) p912(v35)
    - neighboring facets: f600 f535 f592
- f417
    - flags: bottom simplicial
    - normal:  0.009375  -0.9756  -0.2192
    - offset: -0.05395435
    - vertices: p695(v87) p732(v59) p866(v18)
    - neighboring facets: f430 f593 f536
- f424
    - flags: bottom simplicial
    - normal:   -0.3024  -0.9512 -0.06165
    - offset: -0.06325512
    - vertices: p70(v89) p444(v55) p370(v16)
    - neighboring facets: f251 f425 f548
- f425
    - flags: top simplicial
    - normal:   -0.4032  -0.9102 -0.09512
    - offset: -0.05918323
    - vertices: p70(v89) p321(v58) p370(v16)
    - neighboring facets: f442 f424 f553
- f430
    - flags: top simplicial
    - normal:  -0.006524  -0.9477   -0.319
    - offset: -0.04970975
    - vertices: p4(v90) p732(v59) p866(v18)
    - neighboring facets: f417 f432 f431
- f431
    - flags: bottom simplicial
    - normal:    -0.347  -0.8067  -0.4784
    - offset: -0.03938944
    - vertices: p4(v90) p732(v59) p780(v33)
    - neighboring facets: f277 f435 f430
- f432
    - flags: bottom simplicial
    - normal:     0.436   -0.765  -0.4741
    - offset: -0.03714632
    - vertices: p4(v90) p183(v86) p866(v18)
    - neighboring facets: f545 f430 f433
- f433
    - flags: top simplicial
    - normal:      0.45  -0.7419  -0.4971
    - offset: -0.03550669
    - vertices: p4(v90) p183(v86) p577(v34)
    - neighboring facets: f413 f434 f432
- f434
    - flags: bottom simplicial
    - normal:    0.4456   -0.689  -0.5716
    - offset: -0.03144594
    - vertices: p4(v90) p596(v84) p577(v34)
    - neighboring facets: f400 f433 f436
- f435
    - flags: top simplicial
    - normal:    0.2987  -0.5586  -0.7738
    - offset: -0.02116169
    - vertices: p4(v90) p201(v67) p780(v33)
    - neighboring facets: f311 f431 f436
- f436
    - flags: top simplicial
    - normal:    0.3255  -0.5623  -0.7602
    - offset: -0.02156607
    - vertices: p4(v90) p596(v84) p201(v67)
    - neighboring facets: f403 f435 f434
- f437
    - flags: top simplicial
    - normal:   -0.3783  -0.8072  -0.4532
    - offset: -0.04032779
    - vertices: p276(v91) p732(v59) p11(v9)
    - neighboring facets: f277 f439 f446
- f439
    - flags: bottom simplicial
    - normal:   -0.7579  -0.5867  -0.2853
    - offset: -0.03986917
    - vertices: p276(v91) p728(v19) p11(v9)
    - neighboring facets: f324 f437 f440
- f440
    - flags: bottom simplicial
    - normal:   -0.7702  -0.6136  -0.1744
    - offset: -0.04354283
    - vertices: p276(v91) p375(v36) p728(v19)
    - neighboring facets: f151 f439 f441
- f441
    - flags: top simplicial
    - normal:   -0.7562  -0.6395  -0.1383
    - offset: -0.04525595
    - vertices: p276(v91) p375(v36) p370(v16)
    - neighboring facets: f151 f442 f440
- f442
    - flags: bottom simplicial
    - normal:   -0.7049  -0.6946  -0.1439
    - offset: -0.04692106
    - vertices: p276(v91) p321(v58) p370(v16)
    - neighboring facets: f425 f441 f445
- f443
    - flags: top simplicial
    - normal:   -0.3027  -0.9391  -0.1624
    - offset: -0.05618194
    - vertices: p317(v92) p321(v58) p912(v35)
    - neighboring facets: f603 f537 f445
- f445
    - flags: top simplicial
    - normal:   -0.6076  -0.7704  -0.1933
    - offset: -0.04790134
    - vertices: p317(v92) p276(v91) p321(v58)
    - neighboring facets: f442 f443 f446
- f446
    - flags: bottom simplicial
    - normal:   -0.4602  -0.8198  -0.3407
    - offset: -0.04471283
    - vertices: p317(v92) p276(v91) p732(v59)
    - neighboring facets: f437 f538 f445
- f448
    - flags: bottom simplicial tested seen
    - normal:  -0.002828 0.002799       -1
    - offset: -0.003600902
    - center: -0.01489408666666667 0.02626043333333333 -0.003485313333333333 
    - vertices: p743(v93) p14(v60) p447(v26)
    - neighboring facets: f491 f614 f476
    - ridges:
- f454
    - flags: bottom simplicial
    - normal:   -0.3962  -0.1494   0.9059
    - offset: -0.1435091
    - vertices: p362(v94) p690(v17) p190(v3)
    - neighboring facets: f384 f455 f556
- f455
    - flags: top simplicial
    - normal:   -0.5643    0.489   0.6651
    - offset: -0.1475034
    - vertices: p362(v94) p123(v22) p190(v3)
    - neighboring facets: f245 f454 f456
- f456
    - flags: top simplicial
    - normal:   -0.5929   0.4898   0.6392
    - offset: -0.1444253
    - center: -0.02316016666666666 0.0781823 0.144549 
    - vertices: p362(v94) p831(v62) p123(v22)
    - neighboring facets: f462 f455 f458
- f457
    - flags: top simplicial
    - normal:   -0.7176   0.3453   0.6048
    - offset: -0.1347717
    - vertices: p362(v94) p331(v61) p829(v39)
    - neighboring facets: f285 f458 f563
- f458
    - flags: bottom simplicial
    - normal:   -0.6469   0.4809   0.5919
    - offset: -0.1382642
    - vertices: p362(v94) p831(v62) p829(v39)
    - neighboring facets: f291 f457 f456
- f459
    - flags: top simplicial tested
    - normal:   -0.7004   0.5703   0.4292
    - offset: -0.1244771
    - center: -0.02945573333333334 0.08127550000000001 0.1339583333333333 
    - vertices: p325(v95) p831(v62) p549(v10)
    - neighboring facets: f291 f460 f462
- f460
    - flags: bottom simplicial tested seen
    - normal:   -0.7173   0.5999   0.3543
    - offset: -0.1175387
    - center: -0.0308726 0.0833262 0.128161 
    - vertices: p325(v95) p551(v65) p549(v10)
    - neighboring facets: f304 f459 f624
    - ridges:
- f462
    - flags: bottom simplicial tested seen
    - normal:   -0.6748    0.584   0.4512
    - offset: -0.1281498
    - center: -0.01988626666666667 0.09009020000000001 0.1376726666666667 
    - vertices: p325(v95) p831(v62) p123(v22)
    - neighboring facets: f456 f628 f459
    - ridges:
- f465
    - flags: top simplicial tested seen
    - normal:   -0.9849   0.1439  0.09663
    - offset: -0.07381575
    - center: -0.06500343333333333 0.04500976666666667 0.03435316666666666 
    - vertices: p294(v96) p454(v21) p176(v0)
    - neighboring facets: f175 f618 f466
    - ridges:
- f466
    - flags: top simplicial tested
    - normal:   -0.9475   0.2978   0.1168
    - offset: -0.07920829
    - center: -0.06346946666666665 0.05096536666666667 0.03337346666666666 
    - vertices: p294(v96) p198(v37) p454(v21)
    - neighboring facets: f157 f465 f470
- f469
    - flags: top simplicial tested seen
    - normal:    -0.955    0.245   -0.167
    - offset: -0.06955608
    - center: -0.0637446 0.04769883333333334 0.01802496666666667 
    - vertices: p564(v97) p294(v96) p615(v69)
    - neighboring facets: f619 f472 f470
    - ridges:
- f470
    - flags: bottom simplicial tested
    - normal:   -0.9259   0.3648 -0.09829
    - offset: -0.07517869
    - center: -0.06221063333333334 0.05439823333333334 0.0230449 
    - vertices: p564(v97) p294(v96) p198(v37)
    - neighboring facets: f466 f490 f469
- f472
    - flags: top simplicial tested seen
    - normal:   -0.8979   0.1343  -0.4193
    - offset: -0.0572378
    - center: -0.0637446 0.0398849 0.01276476666666667 
    - vertices: p564(v97) p615(v69) p587(v43)
    - neighboring facets: f619 f474 f469
    - ridges:
- f473
    - flags: bottom simplicial tested seen
    - normal:   -0.2334    0.138  -0.9625
    - offset: -0.01141895
    - center: -0.03987153333333333 0.02409332666666667 0.001260866666666662 
    - vertices: p564(v97) p743(v93) p898(v23)
    - neighboring facets: f613 f474 f476
    - ridges:
- f474
    - flags: top simplicial tested
    - normal:   -0.3794  0.04707  -0.9241
    - offset: -0.01561064
    - center: -0.05266863333333333 0.02782869333333333 0.006146566666666662 
    - vertices: p564(v97) p587(v43) p898(v23)
    - neighboring facets: f327 f473 f472
- f476
    - flags: top simplicial tested
    - normal:   -0.2028   0.1631  -0.9656
    - offset: -0.01092151
    - center: -0.0327448 0.0337476 0.001264453333333331 
    - vertices: p564(v97) p743(v93) p14(v60)
    - neighboring facets: f448 f582 f473
- f477
    - flags: bottom simplicial tested
    - normal:   -0.7708  -0.3743  -0.5156
    - offset: -0.03566358
    - center: -0.06350143333333334 0.01615632 0.01402906666666667 
    - vertices: p946(v98) p961(v70) p587(v43)
    - neighboring facets: f322 f478 f480
- f478
    - flags: top simplicial tested
    - normal:   -0.6342  -0.3317  -0.6984
    - offset: -0.02571305
    - center: -0.05124433333333334 0.006852099999999998 0.006459799999999996 
    - vertices: p946(v98) p374(v71) p587(v43)
    - neighboring facets: f327 f477 f479
- f479
    - flags: bottom simplicial tested seen
    - normal:   -0.6758  -0.4029  -0.6173
    - offset: -0.02800586
    - center: -0.0371177 -0.009665833333333334 0.001574099999999999 
    - vertices: p946(v98) p374(v71) p78(v42)
    - neighboring facets: f611 f480 f478
    - ridges:
- f480
    - flags: top simplicial tested
    - normal:   -0.6872  -0.4226  -0.5909
    - offset: -0.02868101
    - center: -0.0493748 -0.0003616133333333353 0.009143366666666666 
    - vertices: p946(v98) p961(v70) p78(v42)
    - neighboring facets: f325 f479 f477
- f482
    - flags: top simplicial tested seen
    - normal:    0.1004   0.9942 -0.03951
    - offset: -0.08981568
    - center: 0.004299395 0.09209000000000001 0.05488833333333334 
    - vertices: p292(v99) p559(v46) p334(v25)
    - neighboring facets: f508 f629 f568
    - ridges:
- f485
    - flags: top simplicial tested
    - normal:   -0.6585   0.7512  0.04458
    - offset: -0.09477015
    - center: -0.03547916666666667 0.09142106666666666 0.06118543333333334 
    - vertices: p588(v100) p225(v41) p161(v20)
    - neighboring facets: f182 f572 f609
- f487
    - flags: top simplicial
    - normal:   -0.4071   0.9069  -0.1086
    - offset: -0.09214959
    - center: -0.03291739999999999 0.08994293333333334 0.02596306666666666 
    - vertices: p571(v101) p145(v73) p161(v20)
    - neighboring facets: f571 f489 f574
- f489
    - flags: bottom simplicial
    - normal:   -0.7646   0.6372 -0.09689
    - offset: -0.08184328
    - vertices: p571(v101) p198(v37) p161(v20)
    - neighboring facets: f182 f487 f490
- f490
    - flags: bottom simplicial
    - normal:   -0.7723   0.6162  -0.1544
    - offset: -0.07923977
    - vertices: p571(v101) p564(v97) p198(v37)
    - neighboring facets: f470 f489 f575
- f491
    - flags: top simplicial
    - normal:  -0.005657   0.2508   -0.968
    - offset: -0.01170279
    - vertices: p307(v102) p14(v60) p447(v26)
    - neighboring facets: f448 f577 f583
- f497
    - flags: bottom simplicial
    - normal:    0.6046    0.722  -0.3365
    - offset: -0.0545107
    - vertices: p147(v103) p559(v46) p249(v13)
    - neighboring facets: f348 f501 f498
- f498
    - flags: bottom simplicial
    - normal:    0.2488   0.8359  -0.4893
    - offset: -0.06469563
    - center: -0.0133504 0.09139226666666665 0.01711216666666667 
    - vertices: p147(v103) p145(v73) p559(v46)
    - neighboring facets: f606 f497 f581
- f501
    - flags: top simplicial
    - normal:    0.4378   0.4296  -0.7898
    - offset: -0.02135269
    - vertices: p147(v103) p538(v76) p249(v13)
    - neighboring facets: f354 f497 f579
- f504
    - flags: top simplicial tested
    - normal:    0.7931   0.5992  -0.1094
    - offset: -0.06366349
    - center: 0.03204353333333333 0.08386869999999999 0.1097086666666667 
    - vertices: p35(v104) p320(v77) p45(v45)
    - neighboring facets: f362 f506 f587
- f506
    - flags: top simplicial tested seen
    - normal:    0.2682     0.96 -0.08006
    - offset: -0.0862513
    - center: 0.02483183333333333 0.0919162 0.1080586666666667 
    - vertices: p35(v104) p45(v45) p334(v25)
    - neighboring facets: f622 f508 f504
    - ridges:
- f507
    - flags: top simplicial tested
    - normal:    0.6258   0.7415  -0.2419
    - offset: -0.05835348
    - center: 0.01520213666666667 0.08291186666666667 0.0522485 
    - vertices: p35(v104) p826(v74) p249(v13)
    - neighboring facets: f348 f589 f509
- f508
    - flags: bottom simplicial tested
    - normal:    0.3169   0.9408  -0.1205
    - offset: -0.08146279
    - center: 0.01316535666666667 0.09186530000000001 0.07577626666666666 
    - vertices: p35(v104) p559(v46) p334(v25)
    - neighboring facets: f482 f506 f509
- f509
    - flags: bottom simplicial tested
    - normal:    0.5579   0.8009  -0.2174
    - offset: -0.06462995
    - center: 0.004980026666666669 0.09131903333333334 0.05191883333333334 
    - vertices: p35(v104) p826(v74) p559(v46)
    - neighboring facets: f348 f508 f507
- f510
    - flags: bottom simplicial
    - normal:    0.0192 -0.008363   0.9998
    - offset:  -0.163898
    - vertices: p617(v105) p631(v28) p190(v3)
    - neighboring facets: f246 f513 f511
- f511
    - flags: bottom simplicial
    - normal:    0.2518  -0.1333   0.9585
    - offset: -0.1519154
    - vertices: p617(v105) p753(v50) p631(v28)
    - neighboring facets: f371 f510 f512
- f512
    - flags: bottom simplicial
    - normal:    0.2506  -0.1587    0.955
    - offset: -0.1499604
    - vertices: p617(v105) p114(v81) p753(v50)
    - neighboring facets: f383 f511 f513
- f513
    - flags: top simplicial
    - normal:  -0.08567  -0.1583   0.9837
    - offset: -0.1524994
    - vertices: p617(v105) p114(v81) p190(v3)
    - neighboring facets: f384 f510 f512
- f514
    - flags: top simplicial
    - normal:    0.3444   -0.293   0.8919
    - offset: -0.1500627
    - vertices: p860(v106) p114(v81) p479(v80)
    - neighboring facets: f383 f515 f561
- f515
    - flags: top simplicial
    - normal:    0.6872  -0.4475   0.5723
    - offset: -0.1211759
    - vertices: p860(v106) p479(v80) p779(v8)
    - neighboring facets: f379 f517 f514
- f516
    - flags: bottom simplicial
    - normal:    0.6184    -0.74   0.2645
    - offset: -0.09736652
    - vertices: p860(v106) p36(v85) p573(v32)
    - neighboring facets: f406 f518 f519
- f517
    - flags: bottom simplicial
    - normal:     0.744  -0.5072   0.4351
    - offset: -0.1069624
    - vertices: p860(v106) p340(v15) p779(v8)
    - neighboring facets: f225 f515 f518
- f518
    - flags: bottom simplicial
    - normal:    0.7149  -0.5958    0.366
    - offset: -0.1029995
    - vertices: p860(v106) p573(v32) p340(v15)
    - neighboring facets: f406 f517 f516
- f519
    - flags: top simplicial
    - normal:    0.2604    -0.96   0.1027
    - offset: -0.08464632
    - vertices: p860(v106) p36(v85) p877(v56)
    - neighboring facets: f414 f520 f516
- f520
    - flags: top simplicial
    - normal:  -0.002487  -0.9999  0.01405
    - offset: -0.0710994
    - vertices: p860(v106) p877(v56) p444(v55)
    - neighboring facets: f261 f559 f519
- f523
    - flags: bottom simplicial
    - normal:    0.5909   0.5709   0.5701
    - offset:  -0.144027
    - vertices: p204(v107) p917(v79) p970(v11)
    - neighboring facets: f374 f525 f524
- f524
    - flags: bottom simplicial
    - normal:    0.4337   0.5469   0.7161
    - offset: -0.1586147
    - vertices: p204(v107) p989(v82) p917(v79)
    - neighboring facets: f392 f523 f526
- f525
    - flags: top simplicial
    - normal:    0.1877   0.9595     0.21
    - offset: -0.1200896
    - center: 0.02039683333333333 0.09098416666666666 0.1378866666666667 
    - vertices: p204(v107) p847(v83) p970(v11)
    - neighboring facets: f532 f523 f526
- f526
    - flags: bottom simplicial
    - normal:    0.1796   0.9457   0.2709
    - offset: -0.1271154
    - center: 0.01449639666666667 0.09106453333333332 0.141712 
    - vertices: p204(v107) p847(v83) p989(v82)
    - neighboring facets: f530 f524 f525
- f528
    - flags: top simplicial tested seen
    - normal:   -0.0331   0.9853   0.1674
    - offset: -0.1147601
    - center: -0.005695669999999999 0.09177116666666665 0.144278 
    - vertices: p544(v108) p825(v53) p123(v22)
    - neighboring facets: f245 f630 f529
    - ridges:
- f529
    - flags: top simplicial tested
    - normal:   0.06372   0.9653   0.2534
    - offset:  -0.125493
    - center: 0.002129259999999999 0.09128739999999999 0.146985 
    - vertices: p544(v108) p989(v82) p825(v53)
    - neighboring facets: f390 f528 f530
- f530
    - flags: top simplicial tested seen
    - normal:    0.1008    0.971   0.2167
    - offset: -0.1208367
    - center: 0.007785143333333334 0.09165713333333333 0.1433113333333333 
    - vertices: p544(v108) p847(v83) p989(v82)
    - neighboring facets: f526 f529 f626
    - ridges:
- f532
    - flags: bottom simplicial tested seen
    - normal:    0.1837   0.9671   0.1759
    - offset: -0.1160179
    - center: 0.02089693333333334 0.09157676666666666 0.13424 
    - vertices: p869(v109) p847(v83) p970(v11)
    - neighboring facets: f525 f533 f627
    - ridges:
- f533
    - flags: top simplicial tested
    - normal:    0.4626   0.8758   0.1376
    - offset: -0.1093858
    - center: 0.02517586666666667 0.09079409999999999 0.1324036666666667 
    - vertices: p869(v109) p193(v78) p970(v11)
    - neighboring facets: f369 f532 f534
- f534
    - flags: bottom simplicial tested seen
    - normal:    0.4677   0.8738   0.1333
    - offset:  -0.108767
    - center: 0.0259438 0.09135823333333333 0.1260873333333333 
    - vertices: p869(v109) p193(v78) p45(v45)
    - neighboring facets: f368 f631 f533
    - ridges:
- f535
    - flags: bottom simplicial
    - normal:   -0.1111  -0.9776  -0.1785
    - offset: -0.05648254
    - vertices: p240(v110) p695(v87) p912(v35)
    - neighboring facets: f416 f537 f536
- f536
    - flags: top simplicial
    - normal:   -0.0214  -0.9762  -0.2159
    - offset: -0.05430802
    - vertices: p240(v110) p695(v87) p732(v59)
    - neighboring facets: f417 f538 f535
- f537
    - flags: top simplicial
    - normal:   -0.2396  -0.9542  -0.1792
    - offset: -0.05591963
    - vertices: p240(v110) p317(v92) p912(v35)
    - neighboring facets: f443 f535 f538
- f538
    - flags: bottom simplicial
    - normal:   -0.1806  -0.9606  -0.2113
    - offset: -0.05467628
    - vertices: p240(v110) p317(v92) p732(v59)
    - neighboring facets: f446 f536 f537
- f539
    - flags: bottom simplicial
    - normal:    0.2221  -0.9676    -0.12
    - offset: -0.05881301
    - vertices: p135(v111) p387(v88) p877(v56)
    - neighboring facets: f544 f599 f591
- f543
    - flags: bottom simplicial
    - normal:    0.5389   -0.823  -0.1795
    - offset: -0.04940768
    - vertices: p606(v112) p183(v86) p877(v56)
    - neighboring facets: f414 f544 f545
- f544
    - flags: top simplicial
    - normal:    0.3897  -0.9078  -0.1553
    - offset: -0.05455469
    - vertices: p606(v112) p387(v88) p877(v56)
    - neighboring facets: f539 f543 f546
- f545
    - flags: top simplicial
    - normal:    0.4696  -0.8534   -0.226
    - offset: -0.04882621
    - vertices: p606(v112) p183(v86) p866(v18)
    - neighboring facets: f432 f546 f543
- f546
    - flags: bottom simplicial
    - normal:    0.3381  -0.9166  -0.2133
    - offset: -0.05227764
    - vertices: p606(v112) p387(v88) p866(v18)
    - neighboring facets: f594 f545 f544
- f547
    - flags: top simplicial
    - normal:  -0.06463  -0.9976 -0.02604
    - offset: -0.06688754
    - vertices: p377(v113) p444(v55) p173(v2)
    - neighboring facets: f261 f596 f548
- f548
    - flags: top simplicial
    - normal:   -0.1908  -0.9803 -0.05073
    - offset: -0.06472868
    - vertices: p377(v113) p70(v89) p444(v55)
    - neighboring facets: f424 f547 f555
- f553
    - flags: bottom simplicial
    - normal:   -0.3452  -0.9328  -0.1037
    - offset: -0.05939961
    - vertices: p434(v114) p70(v89) p321(v58)
    - neighboring facets: f425 f604 f555
- f555
    - flags: bottom simplicial
    - normal:   -0.2004  -0.9765 -0.07866
    - offset: -0.06251806
    - vertices: p434(v114) p377(v113) p70(v89)
    - neighboring facets: f548 f553 f602
- f556
    - flags: top simplicial
    - normal:   -0.4282  -0.1534   0.8906
    - offset: -0.1418951
    - vertices: p182(v115) p362(v94) p690(v17)
    - neighboring facets: f454 f560 f565
- f558
    - flags: top simplicial
    - normal:   -0.3998  -0.8536   0.3339
    - offset: -0.1088435
    - vertices: p182(v115) p444(v55) p584(v30)
    - neighboring facets: f251 f564 f559
- f559
    - flags: top simplicial
    - normal:    -0.083  -0.9684   0.2353
    - offset: -0.09864999
    - vertices: p182(v115) p860(v106) p444(v55)
    - neighboring facets: f520 f558 f561
- f560
    - flags: bottom simplicial
    - normal:  -0.07119  -0.7499   0.6577
    - offset: -0.1440758
    - vertices: p182(v115) p114(v81) p690(v17)
    - neighboring facets: f384 f556 f561
- f561
    - flags: bottom simplicial
    - normal:  -0.04446  -0.8502   0.5245
    - offset: -0.1314757
    - vertices: p182(v115) p860(v106) p114(v81)
    - neighboring facets: f514 f560 f559
- f562
    - flags: bottom simplicial
    - normal:   -0.7492    -0.17   0.6402
    - offset:  -0.112385
    - vertices: p489(v116) p331(v61) p584(v30)
    - neighboring facets: f284 f564 f563
- f563
    - flags: bottom simplicial
    - normal:   -0.7479 -0.07477   0.6596
    - offset: -0.1204624
    - vertices: p489(v116) p362(v94) p331(v61)
    - neighboring facets: f457 f562 f565
- f564
    - flags: top simplicial
    - normal:   -0.6992   -0.175   0.6932
    - offset:  -0.118501
    - vertices: p489(v116) p182(v115) p584(v30)
    - neighboring facets: f558 f562 f565
- f565
    - flags: bottom simplicial
    - normal:   -0.6973  -0.1749   0.6951
    - offset: -0.1187469
    - vertices: p489(v116) p182(v115) p362(v94)
    - neighboring facets: f556 f563 f564
- f568
    - flags: bottom simplicial tested seen
    - normal:   0.02167   0.9997  -0.0139
    - offset: -0.09149295
    - center: -0.007066904999999999 0.09209000000000001 0.02974523333333333 
    - vertices: p781(v117) p292(v99) p559(v46)
    - neighboring facets: f482 f607 f625
    - ridges:
- f571
    - flags: bottom simplicial tested seen
    - normal:   -0.3644   0.9268 -0.09098
    - offset: -0.0931608
    - center: -0.03135783333333333 0.09152116666666668 0.03392613333333333 
    - vertices: p621(v118) p145(v73) p161(v20)
    - neighboring facets: f487 f572 f632
    - ridges:
- f572
    - flags: top simplicial tested
    - normal:   -0.3642   0.9269 -0.09069
    - offset: -0.09317688
    - center: -0.03502866666666666 0.09142106666666666 0.0476172 
    - vertices: p621(v118) p588(v100) p161(v20)
    - neighboring facets: f485 f571 f610
- f573
    - flags: top simplicial
    - normal:    -0.456   0.4877  -0.7444
    - offset: -0.0466335
    - vertices: p392(v119) p564(v97) p145(v73)
    - neighboring facets: f584 f574 f575
- f574
    - flags: bottom simplicial
    - normal:   -0.4868   0.7829  -0.3874
    - offset: -0.07912518
    - vertices: p392(v119) p571(v101) p145(v73)
    - neighboring facets: f487 f573 f575
- f575
    - flags: top simplicial
    - normal:   -0.6334   0.5927  -0.4975
    - offset: -0.06584211
    - vertices: p392(v119) p571(v101) p564(v97)
    - neighboring facets: f490 f573 f574
- f576
    - flags: bottom simplicial
    - normal:    0.1482   0.2876  -0.9462
    - offset: -0.01177607
    - vertices: p418(v120) p107(v47) p447(v26)
    - neighboring facets: f356 f577 f578
- f577
    - flags: top simplicial
    - normal:    0.1169   0.2833  -0.9519
    - offset: -0.01186913
    - vertices: p418(v120) p307(v102) p447(v26)
    - neighboring facets: f491 f576 f580
- f578
    - flags: bottom simplicial
    - normal:    0.3784    0.405  -0.8323
    - offset: -0.01930143
    - vertices: p418(v120) p538(v76) p107(v47)
    - neighboring facets: f356 f576 f579
- f579
    - flags: bottom simplicial
    - normal:    0.4078   0.4201  -0.8107
    - offset: -0.02034386
    - vertices: p418(v120) p147(v103) p538(v76)
    - neighboring facets: f501 f578 f581
- f580
    - flags: bottom simplicial
    - normal:    0.1172   0.4054  -0.9066
    - offset: -0.02294709
    - vertices: p418(v120) p307(v102) p145(v73)
    - neighboring facets: f585 f581 f577
- f581
    - flags: top simplicial
    - normal:    0.2957   0.6003  -0.7431
    - offset: -0.03861776
    - vertices: p418(v120) p147(v103) p145(v73)
    - neighboring facets: f498 f580 f579
- f582
    - flags: top simplicial
    - normal:   -0.1824   0.2055  -0.9615
    - offset: -0.0120888
    - vertices: p839(v121) p564(v97) p14(v60)
    - neighboring facets: f476 f583 f584
- f583
    - flags: bottom simplicial
    - normal:  -0.09485   0.2307  -0.9684
    - offset: -0.01199998
    - vertices: p839(v121) p307(v102) p14(v60)
    - neighboring facets: f491 f582 f585
- f584
    - flags: bottom simplicial
    - normal:   -0.3624    0.401  -0.8414
    - offset: -0.03511366
    - vertices: p839(v121) p564(v97) p145(v73)
    - neighboring facets: f573 f585 f582
- f585
    - flags: top simplicial
    - normal:  -0.03641   0.3711  -0.9279
    - offset: -0.02327395
    - vertices: p839(v121) p307(v102) p145(v73)
    - neighboring facets: f580 f584 f583
- f586
    - flags: bottom simplicial
    - normal:    0.8397   0.5066  -0.1954
    - offset: -0.05031146
    - vertices: p895(v122) p320(v77) p408(v44)
    - neighboring facets: f365 f588 f587
- f587
    - flags: bottom simplicial
    - normal:    0.7844   0.5929  -0.1823
    - offset: -0.05515489
    - vertices: p895(v122) p35(v104) p320(v77)
    - neighboring facets: f504 f586 f589
- f588
    - flags: bottom simplicial
    - normal:    0.7525   0.6075  -0.2544
    - offset: -0.05199202
    - vertices: p895(v122) p408(v44) p249(v13)
    - neighboring facets: f197 f589 f586
- f589
    - flags: top simplicial
    - normal:    0.6627   0.7112  -0.2344
    - offset: -0.05732705
    - vertices: p895(v122) p35(v104) p249(v13)
    - neighboring facets: f507 f588 f587
- f590
    - flags: bottom simplicial
    - normal:   0.03745  -0.9872  -0.1551
    - offset: -0.05741086
    - vertices: p820(v123) p135(v111) p700(v57)
    - neighboring facets: f595 f592 f591
- f591
    - flags: top simplicial
    - normal:    0.1668   -0.977  -0.1331
    - offset: -0.05848006
    - vertices: p820(v123) p135(v111) p387(v88)
    - neighboring facets: f539 f594 f590
- f592
    - flags: top simplicial
    - normal:   0.02114  -0.9865  -0.1626
    - offset: -0.05693735
    - vertices: p820(v123) p695(v87) p700(v57)
    - neighboring facets: f416 f590 f593
- f593
    - flags: bottom simplicial
    - normal:   0.02783  -0.9779  -0.2074
    - offset: -0.05447856
    - vertices: p820(v123) p695(v87) p866(v18)
    - neighboring facets: f417 f594 f592
- f594
    - flags: top simplicial
    - normal:    0.1446  -0.9671  -0.2092
    - offset: -0.05440914
    - vertices: p820(v123) p387(v88) p866(v18)
    - neighboring facets: f546 f593 f591
- f595
    - flags: top simplicial
    - normal:   0.05772  -0.9935 -0.09854
    - offset: -0.0611367
    - vertices: p266(v124) p135(v111) p700(v57)
    - neighboring facets: f590 f597 f599
- f596
    - flags: top simplicial
    - normal:  0.0003683  -0.9979 -0.06411
    - offset: -0.06375447
    - vertices: p266(v124) p377(v113) p173(v2)
    - neighboring facets: f547 f598 f597
- f597
    - flags: bottom simplicial
    - normal:  0.003291  -0.9969 -0.07885
    - offset: -0.06260038
    - vertices: p266(v124) p377(v113) p700(v57)
    - neighboring facets: f601 f595 f596
- f598
    - flags: bottom simplicial
    - normal:    0.0982  -0.9927  -0.0696
    - offset: -0.06340732
    - vertices: p266(v124) p877(v56) p173(v2)
    - neighboring facets: f261 f596 f599
- f599
    - flags: bottom simplicial
    - normal:     0.162  -0.9817 -0.09994
    - offset: -0.06067279
    - vertices: p266(v124) p135(v111) p877(v56)
    - neighboring facets: f539 f598 f595
- f600
    - flags: top simplicial
    - normal:  -0.06721  -0.9884  -0.1363
    - offset: -0.05873577
    - vertices: p255(v125) p700(v57) p912(v35)
    - neighboring facets: f416 f603 f601
- f601
    - flags: top simplicial
    - normal:  -0.05326  -0.9935  -0.1002
    - offset: -0.06118907
    - vertices: p255(v125) p377(v113) p700(v57)
    - neighboring facets: f597 f600 f602
- f602
    - flags: top simplicial
    - normal:   -0.1905  -0.9777   -0.088
    - offset: -0.06186348
    - vertices: p255(v125) p434(v114) p377(v113)
    - neighboring facets: f555 f601 f604
- f603
    - flags: bottom simplicial
    - normal:   -0.2617  -0.9569  -0.1256
    - offset: -0.05867373
    - vertices: p255(v125) p321(v58) p912(v35)
    - neighboring facets: f443 f600 f604
- f604
    - flags: bottom simplicial
    - normal:   -0.2621  -0.9569  -0.1253
    - offset: -0.05869177
    - vertices: p255(v125) p434(v114) p321(v58)
    - neighboring facets: f553 f603 f602
- f606
    - flags: top simplicial tested seen
    - normal:   0.02224   0.9994 -0.02623
    - offset: -0.09120796
    - center: -0.01791511 0.09208999999999999 0.01636056666666667 
    - vertices: p741(v126) p145(v73) p559(v46)
    - neighboring facets: f498 f607 f634
    - ridges:
- f607
    - flags: bottom simplicial tested seen
    - normal:   0.01847   0.9997 -0.01683
    - offset: -0.09145971
    - center: -0.01383711 0.09209000000000001 0.0205579 
    - vertices: p741(v126) p781(v117) p559(v46)
    - neighboring facets: f568 f606 f633
    - ridges:
- f609
    - flags: bottom simplicial tested seen
    - normal:  -0.09319   0.9956 -0.002879
    - offset: -0.09459407
    - center: -0.03368426666666666 0.09204079999999999 0.06424386666666666 
    - vertices: p522(v127) p588(v100) p225(v41)
    - neighboring facets: f485 f623 f610
    - ridges:
- f610
    - flags: bottom simplicial tested seen
    - normal:  -0.09275   0.9957 -0.003493
    - offset: -0.09454901
    - center: -0.03323376666666666 0.09204080000000001 0.05067563333333334 
    - vertices: p522(v127) p621(v118) p588(v100)
    - neighboring facets: f572 f609 f632
    - ridges:
- f611
    - flags: top simplicial tricoplanar keepcentrum
    - owner of normal & centrum is facet f611
    - normal:         0        0       -1
    - offset: -0.0034889
    - center: -0.01359762666666667 0.002098341666666666 -0.0034889 
    - vertices: p743(v93) p374(v71) p78(v42)
    - neighboring facets: f479 f612 f613
- f612
    - flags: bottom simplicial tricoplanar
    - owner of normal & centrum is facet f611
    - normal:         0        0       -1
    - offset: -0.0034889
    - center: -0.01359762666666667 0.002098341666666666 -0.0034889 
    - vertices: p743(v93) p538(v76) p78(v42)
    - neighboring facets: f360 f611 f614
- f613
    - flags: bottom simplicial tricoplanar
    - owner of normal & centrum is facet f611
    - normal:         0        0       -1
    - offset: -0.0034889
    - center: -0.01359762666666667 0.002098341666666666 -0.0034889 
    - vertices: p743(v93) p374(v71) p898(v23)
    - neighboring facets: f327 f473 f611
- f614
    - flags: top simplicial tricoplanar
    - owner of normal & centrum is facet f611
    - normal:         0        0       -1
    - offset: -0.0034889
    - center: -0.01359762666666667 0.002098341666666666 -0.0034889 
    - vertices: p743(v93) p538(v76) p447(v26)
    - neighboring facets: f356 f448 f612
- f617
    - flags: top simplicial tricoplanar keepcentrum
    - owner of normal & centrum is facet f617
    - normal:        -1        0       -0
    - offset: -0.0653798
    - center: -0.0653798 0.036543 0.0228283 
    - vertices: p294(v96) p359(v68) p587(v43)
    - neighboring facets: f317 f619 f618
- f618
    - flags: bottom simplicial tricoplanar
    - owner of normal & centrum is facet f617
    - normal:        -1        0       -0
    - offset: -0.0653798
    - center: -0.0653798 0.036543 0.0228283 
    - vertices: p294(v96) p359(v68) p176(v0)
    - neighboring facets: f314 f465 f617
- f619
    - flags: bottom simplicial tricoplanar
    - owner of normal & centrum is facet f617
    - normal:        -1        0       -0
    - offset: -0.0653798
    - center: -0.0653798 0.036543 0.0228283 
    - vertices: p294(v96) p615(v69) p587(v43)
    - neighboring facets: f472 f617 f469
- f622
    - flags: bottom simplicial tricoplanar keepcentrum
    - owner of normal & centrum is facet f622
    - normal:         0        1        0
    - offset: -0.0921409
    - center: -0.006615009444444445 0.0921409 0.09899058888888888 
    - vertices: p522(v127) p45(v45) p334(v25)
    - neighboring facets: f506 f629 f631
- f623
    - flags: top simplicial tricoplanar
    - owner of normal & centrum is facet f622
    - normal:         0        1        0
    - offset: -0.0921409
    - center: -0.006615009444444445 0.0921409 0.09899058888888888 
    - vertices: p522(v127) p551(v65) p225(v41)
    - neighboring facets: f304 f609 f624
- f624
    - flags: top simplicial tricoplanar
    - owner of normal & centrum is facet f622
    - normal:         0        1        0
    - offset: -0.0921409
    - center: -0.006615009444444445 0.0921409 0.09899058888888888 
    - vertices: p522(v127) p325(v95) p551(v65)
    - neighboring facets: f460 f623 f628
- f625
    - flags: top simplicial tricoplanar
    - owner of normal & centrum is facet f622
    - normal:         0        1        0
    - offset: -0.0921409
    - center: -0.006615009444444445 0.0921409 0.09899058888888888 
    - vertices: p522(v127) p781(v117) p292(v99)
    - neighboring facets: f568 f629 f633
- f626
    - flags: bottom simplicial tricoplanar
    - owner of normal & centrum is facet f622
    - normal:         0        1        0
    - offset: -0.0921409
    - center: -0.006615009444444445 0.0921409 0.09899058888888888 
    - vertices: p522(v127) p544(v108) p847(v83)
    - neighboring facets: f530 f627 f630
- f627
    - flags: top simplicial tricoplanar
    - owner of normal & centrum is facet f622
    - normal:         0        1        0
    - offset: -0.0921409
    - center: -0.006615009444444445 0.0921409 0.09899058888888888 
    - vertices: p522(v127) p869(v109) p847(v83)
    - neighboring facets: f532 f626 f631
- f628
    - flags: bottom simplicial tricoplanar
    - owner of normal & centrum is facet f622
    - normal:         0        1        0
    - offset: -0.0921409
    - center: -0.006615009444444445 0.0921409 0.09899058888888888 
    - vertices: p522(v127) p325(v95) p123(v22)
    - neighboring facets: f462 f630 f624
- f629
    - flags: top simplicial tricoplanar
    - owner of normal & centrum is facet f622
    - normal:         0        1        0
    - offset: -0.0921409
    - center: -0.006615009444444445 0.0921409 0.09899058888888888 
    - vertices: p522(v127) p292(v99) p334(v25)
    - neighboring facets: f482 f622 f625
- f630
    - flags: top simplicial tricoplanar
    - owner of normal & centrum is facet f622
    - normal:         0        1        0
    - offset: -0.0921409
    - center: -0.006615009444444445 0.0921409 0.09899058888888888 
    - vertices: p522(v127) p544(v108) p123(v22)
    - neighboring facets: f528 f628 f626
- f631
    - flags: bottom simplicial tricoplanar
    - owner of normal & centrum is facet f622
    - normal:         0        1        0
    - offset: -0.0921409
    - center: -0.006615009444444445 0.0921409 0.09899058888888888 
    - vertices: p522(v127) p869(v109) p45(v45)
    - neighboring facets: f534 f622 f627
- f632
    - flags: top simplicial tricoplanar
    - owner of normal & centrum is facet f622
    - normal:         0        1        0
    - offset: -0.0921409
    - center: -0.006615009444444445 0.0921409 0.09899058888888888 
    - vertices: p522(v127) p621(v118) p145(v73)
    - neighboring facets: f571 f634 f610
- f633
    - flags: top simplicial tricoplanar
    - owner of normal & centrum is facet f622
    - normal:         0        1        0
    - offset: -0.0921409
    - center: -0.006615009444444445 0.0921409 0.09899058888888888 
    - vertices: p522(v127) p741(v126) p781(v117)
    - neighboring facets: f607 f625 f634
- f634
    - flags: bottom simplicial tricoplanar
    - owner of normal & centrum is facet f622
    - normal:         0        1        0
    - offset: -0.0921409
    - center: -0.006615009444444445 0.0921409 0.09899058888888888 
    - vertices: p522(v127) p741(v126) p145(v73)
    - neighboring facets: f606 f632 f633
