3
1000 190 285
-0.008980800000000001 -0.0123589 -0.0895938 
0.0199854 -0.0325683 -0.09279999999999999 
0.0351712 0.0884014 -0.0640761 
-0.0297043 0.09205000000000001 -0.0686171 
-0.00798278  -0.03 -0.0787056 
-0.000349394 -0.0180597 -0.09565 
0.0199238 0.0298678 -0.02017 
0.0235138 0.00626034 -0.09577570000000001 
0.0316167   0.12 -0.0361299 
-0.030957 -0.0182176 -0.0492128 
-0.00199527 0.0918032 -0.0884252 
0.0132747 -0.00670525 -0.06065 
-0.00775844 -0.008724330000000001 -0.09565 
-0.0195512 0.100219 -0.08130270000000001 
0.0319329 0.079844 -0.0586932 
0.019222 0.0227282 -0.07369390000000001 
0.0349953 0.008365040000000001 -0.0270055 
-0.035918 0.0190584 -0.0579609 
-0.0265524 0.0181578 -0.0634975 
0.0210254 0.112796 -0.0884645 
-0.0317986  0.125 -0.0495057 
-0.024931 0.0194403 -0.0461905 
-0.0340931 -0.0109639 -0.0328404 
-0.008604590000000001 -0.0121816 -0.025 
-0.0060355 -0.009547150000000001 -0.022 
-0.024241 -0.0293095 -0.0958099 
0.0074354 0.084033 -0.0213048 
0.00859408 0.0634532 -0.09141580000000001 
0.0151835 -0.0307445 -0.025 
-0.0288332 -0.0214761 -0.0663836 
0.0216345 0.0115777 -0.09565 
-0.0336339 0.0266923 -0.0437643 
0.0325395 -0.00727332 -0.0982167 
0.0345916 -0.00963963 -0.0555487 
-0.0340994 -0.0110058 -0.0464164 
0.0377364 0.11719 -0.0475815 
 0.028 -0.00508147 -0.0310722 
0.0294032 -0.0241457 -0.09501130000000001 
0.0282485 -0.0222839 -0.0224103 
-0.02811 -0.0126377 -0.0669746 
-0.00842005 -0.000438493 -0.0890893 
-0.000923202 0.0874262 -0.08855540000000001 
0.0302919 0.120251 -0.0476963 
-0.0066687 0.07404040000000001 -0.0874403 
0.009355530000000001 -0.0153428 -0.025 
-0.0260378 0.105109 -0.0318697 
-0.00668064 0.0200381 -0.09715 
0.0172691 0.0479396 -0.0589435 
0.011869 0.0466288 -0.0705011 
-0.00667398 -0.03005 -0.0194658 
0.0329575 0.0187103 -0.0960862 
-0.00733112 0.103233 -0.0916998 
0.0294822 0.0643349 -0.0619059 
-0.000585058 0.0359341 -0.0176923 
-0.0341197 -0.00117925 -0.0988023 
-0.00140644 0.0154247 -0.0281302 
0.00134401 -0.0241486 -0.025 
0.00344744 0.0462009 -0.0745002 
0.03334 0.0548458 -0.0699328 
-0.000724916 -0.0164612 -0.09479700000000001 
0.00494313 0.0449024 -0.0208814 
-0.0217723 -0.0218251 -0.0185629 
0.0153638 0.0753384 -0.0283034 
0.033959 0.0718768 -0.0446015 
-0.0319462 0.07529039999999999 -0.039996 
-0.0130927 0.116821 -0.0852436 
-0.0255935 0.0917694 -0.07576629999999999 
0.021026 0.114914 -0.089236 
-0.0116024 0.0528547 -0.0905487 
-0.008230400000000001 0.0483359 -0.0412528 
0.0186723 -0.003 -0.0618974 
-0.0131584 0.0720035 -0.0899282 
0.00675716 0.0300295 -0.0185596 
0.00174956 0.0548308 -0.0862634 
-0.0227545 -0.0226603 -0.0969661 
-0.00184232 -0.003 -0.0666566 
0.0299505 0.0315431 -0.0764026 
0.0304223 0.0993692 -0.0482255 
-0.01279 0.102885 -0.0853584 
0.00339809 0.0269007 -0.0318858 
-0.0355292 -0.0130949 -0.09435209999999999 
0.0304017 0.104081 -0.0757039 
-0.0145357 0.0052 -0.0299094 
-0.0349744 0.00999122 -0.0649377 
-0.0113359 0.0288054 -0.0143243 
-0.00177503 -0.011691 -0.025 
-0.0227913 0.0330398 -0.0843545 
0.0199007 0.11305 -0.0892237 
-0.00432695 0.00897707 -0.0260208 
-0.0381752 0.0108755 -0.09279999999999999 
0.0275563 -0.00132096 -0.022 
0.0207184  -0.03 -0.08484990000000001 
0.0359518 0.0756009 -0.0573584 
-0.028 -0.00281713 -0.041912 
-0.0160001 -0.0315152 -0.0858435 
-0.00509576 -0.0245707 -0.09565 
-0.0243438 0.0276828 -0.0619047 
0.00183784 -0.0378929 -0.0989251 
0.0315185 0.120363 -0.0597559 
-0.0037669 0.0390337 -0.0799844 
0.0319329 0.07545640000000001 -0.0546093 
-0.00488382 -0.003 -0.08323419999999999 
-0.00946207 0.0719342 -0.021792 
0.0217838 -0.00569961 -0.09715 
-0.0235307 -0.0200833 -0.0193337 
-0.027143 -0.00286868 -0.0833371 
0.0288717 0.0716653 -0.0693116 
-0.000132871 0.0688518 -0.0247661 
0.0273073 0.0822968 -0.0398159 
0.00664434 -0.0242225 -0.0857169 
-0.0102438 0.0109882 -0.09565 
-0.0358892 0.00197229 -0.0591571 
-0.0292451 -0.0163287 -0.0981699 
-0.0219135 0.0909633 -0.0799202 
 0.028 -0.0112889 -0.0374163 
0.0119148 -0.0322107 -0.025 
-0.0311389 0.035101 -0.07446469999999999 
0.011317 0.120016 -0.0225595 
0.0148483 -0.017074 -0.022 
0.0191042 -0.0115511 -0.09715 
-0.0141466 0.0179038 -0.022 
0.023204 0.028257 -0.0473376 
0.0337121 0.0397727 -0.0690293 
-0.0175969 0.0809566 -0.0878777 
0.000835563 0.105647 -0.0248515 
0.0343802   0.12 -0.0723702 
0.0134337 0.069124 -0.0851143 
0.0211182 -0.0224045 -0.0163454 
-0.0261694 0.0822879 -0.0751163 
0.00178237 0.0401667 -0.037172 
-0.0129932 0.0395 -0.0403429 
0.0333582 0.0134627 -0.07725899999999999 
0.031358 0.110195 -0.0520216 
0.0341505 0.0371176 -0.0678067 
0.00445576 0.118117 -0.0950867 
0.0211077 -0.0269956 -0.07661 
0.0136511 0.0770899 -0.0232398 
-0.00360734 0.0601018 -0.0207064 
0.0289172 -0.0131683 -0.0642604 
-0.00230702 0.0496926 -0.0206188 
0.0201468 -0.000955807 -0.08565 
-0.0266712  0.125 -0.0346059 
0.0118929 0.0358206 -0.0354536 
-0.0227077 -0.0275749 -0.014 
-0.00516103 0.0880098 -0.0920238 
-0.0202118 0.0436339 -0.0862329 
0.0251334 0.0446793 -0.0307765 
0.018006 -0.035638 -0.0924296 
0.0311457 0.12116 -0.0618397 
-0.0236017 0.00996272 -0.0747892 
-0.02221 0.0236324 -0.044137 
0.0300831 0.100698 -0.06615070000000001 
-0.0305992 0.122933 -0.06405669999999999 
-0.0325689 0.0935791 -0.041164 
-0.031396 0.0244971 -0.08562400000000001 
-0.0150639 -0.010029 -0.09565 
0.0166801  0.052 -0.07782600000000001 
0.0316816 0.08200929999999999 -0.0516032 
-0.0238322 0.0982176 -0.08337020000000001 
0.0165144 -0.0303944 -0.0859777 
-0.0295522 0.0542661 -0.0525794 
-0.0312488 0.09277009999999999 -0.0388818 
-0.00562092 -0.0228612 -0.09640219999999999 
0.0177551  0.052 -0.075901 
-0.0106172 -0.00340977 -0.022 
0.0274017 0.109216 -0.0327805 
0.0101917 0.008668560000000001 -0.022 
0.0206274 0.116976 -0.08944729999999999 
-0.0354533 -0.0048519 -0.0565365 
0.0277903 0.0451842 -0.0336564 
-0.0319329 0.07835640000000001 -0.0598148 
0.0222974 0.0691751 -0.0788619 
0.0211077 -0.0107833 -0.06935330000000001 
0.00657461  -0.03 -0.0629287 
-0.0209831 -0.0316881 -0.09643649999999999 
-0.0299633 0.104575 -0.0666368 
-0.0269771 0.115511 -0.0400785 
-0.0134854 0.06315080000000001 -0.0898123 
-0.0354663 0.0969531 -0.0613738 
0.010806 0.00511799 -0.09565 
-0.00657685 -0.0209368 -0.08576010000000001 
0.0185698 0.120271 -0.08198 
0.0180702 -0.0118024 -0.08565 
-0.0188923 -0.0103073 -0.0766163 
-0.0172952 0.0428682 -0.0629632 
-0.0289387 0.0272002 -0.09279999999999999 
-0.0335286 0.0124941 -0.0296927 
0.0236056 0.09218659999999999 -0.0349898 
-0.00863791 -0.0219003 -0.022 
-0.0202589 0.0211057 -0.0396947 
0.0241639 0.07609109999999999 -0.07738 
-0.02865 0.0113869 -0.0480024 
-0.0379353   0.12 -0.0604731 
-0.0352191 -0.00693075 -0.0732728 
0.0279333 -0.009201930000000001 -0.0297511 
0.008654220000000001 0.0153464 -0.0293647 
-0.00149913   0.12 -0.0201179 
-0.0123989 0.00301573 -0.09565 
0.0199685 0.00137505 -0.0969216 
0.0359695 0.0340245 -0.0570427 
0.0271657 0.113589 -0.0404379 
0.0206383 0.0867605 -0.0319442 
0.00346563 0.105604 -0.0207822 
0.00551372 0.112398 -0.0188618 
-0.0283275 0.0676103 -0.0342875 
0.00736995 -0.0390881 -0.08904090000000001 
-0.0298111 -0.00819493 -0.0535238 
0.00750235 -0.0351547 -0.0224298 
-0.0272435 0.101259 -0.07985879999999999 
-0.0169818 0.0956076 -0.0247693 
-0.0250285 -0.0285345 -0.096091 
0.0173136 -0.00160628 -0.09565 
-0.0128748 0.0547528 -0.0900595 
0.004239 0.0422722 -0.0745789 
0.0123234 0.06549140000000001 -0.0293678 
-0.0359919 0.08088239999999999 -0.056356 
0.035435 0.120819 -0.0514856 
0.0164471   0.12 -0.0906875 
-0.029438 0.0204699 -0.0307072 
0.00603702 -0.032733 -0.0980111 
0.0126814  0.066 -0.0280225 
0.0124964 -0.00901763 -0.09364649999999999 
0.0139129 -0.00116683 -0.0888066 
0.0146982 0.0537914 -0.089338 
-0.00522434 0.101496 -0.0253843 
-0.0326686 -0.022856 -0.08444169999999999 
0.009175040000000001 -0.003 -0.07614460000000001 
-0.0168384 0.0442333 -0.0489578 
0.024843 0.0877453 -0.0305556 
0.008801679999999999 0.0277576 -0.0201608 
0.0141145 -0.0237676 -0.025 
0.0114496 0.0154864 -0.08250150000000001 
0.0095564 -0.00264916 -0.022 
-0.0104308 0.0937296 -0.0263036 
0.0328383 0.0479162 -0.0711458 
-0.0130784 0.032926 -0.0964537 
-0.00150869 0.0838308 -0.0924542 
-0.0238617 0.008468969999999999 -0.022 
-0.00143008 0.0964638 -0.0884938 
0.000107446 0.0419704 -0.0377424 
0.00168699 -0.0124349 -0.08565 
-0.0359393 0.00108077 -0.0370521 
0.0191374 0.0112164 -0.0334061 
0.0288524 0.0823955 -0.0350707 
0.020955 0.0159353 -0.0375567 
-0.009168559999999999 0.0202491 -0.0315253 
-0.0219531 0.082383 -0.0798754 
0.0233885 0.0273033 -0.0198191 
0.0352245 0.09669469999999999 -0.0637596 
-0.0111518 0.120631 -0.08597970000000001 
0.0146729 0.109635 -0.0230889 
0.0356568 0.0990818 -0.0518206 
0.0112284 0.0882926 -0.0905958 
-0.0249324 0.0745053 -0.0821793 
0.00715235 0.0971938 -0.08769 
0.0211077 -0.009294210000000001 -0.0838144 
0.0178092 0.0990452 -0.030495 
0.000549066 -0.0262617 -0.08645849999999999 
-0.0300538 0.0665478 -0.0662697 
0.0168885 -0.0316377 -0.0205395 
-0.00849131 -0.0168164 -0.09565 
-0.0359855 0.000258564 -0.0729696 
0.0350184  0.125 -0.0606937 
-0.035918 0.0446378 -0.05796 
-0.00719274 0.022121 -0.0813918 
0.00283931 0.0671572 -0.092336 
-5.50989e-05  -0.03 -0.0648239 
0.026268 0.0917029 -0.0319118 
0.000381884 0.008313950000000001 -0.09012299999999999 
-0.0230912 0.0793895 -0.0840899 
0.0274567 -0.0288618 -0.0894543 
0.0374612 0.11157 -0.0536517 
-0.0344503 0.0135771 -0.046243 
0.0192037 0.0592541 -0.0336627 
-0.0210879 0.0182764 -0.0738632 
0.0310239 0.0775001 -0.06406530000000001 
-0.00685752  -0.03 -0.07289130000000001 
-0.0252071 0.11076 -0.0835989 
-0.0386177 -0.0023282 -0.09279999999999999 
0.0333516 0.0535462 -0.0431211 
-0.0300528 -0.00437152  -0.02 
-0.0102013 0.0876427 -0.0219926 
0.0359125 0.0479096 -0.0580586 
-0.00445137 -0.0124252 -0.09565 
0.0234371 0.0052 -0.0814362 
0.00823662 0.0763033 -0.0254715 
0.0260048 0.117584 -0.0277185 
-0.0268316 -0.0271535 -0.09279999999999999 
0.009907259999999999 0.0512605 -0.0384071 
-0.0250955   0.12 -0.0843492 
-0.00979473 0.0938778 -0.0260624 
0.0158368 0.10506 -0.08881 
0.00769744 0.0146007 -0.0932968 
0.0211077 -0.017492 -0.0638922 
-0.0245902 0.110473 -0.0367262 
-0.0339337 0.06514 -0.06787070000000001 
-0.027178 0.0132111 -0.09565 
-0.0119636 0.0410101 -0.0712902 
-0.0359503 0.0603277 -0.0573859 
0.0315185 0.117838 -0.0539157 
0.0310189 0.0181819 -0.0319102 
0.0258219 0.0194107 -0.0487877 
-0.0113099 -0.0161524 -0.09565 
0.0356473 0.0435911 -0.0612652 
0.0350598 -0.008165789999999999 -0.056553 
0.0267741 0.0826817 -0.0388 
0.021342 0.092247 -0.0275601 
-0.0309039 0.119193 -0.0327464 
0.035235 0.0711083 -0.0493088 
0.020392 0.0320137 -0.0953864 
0.0324633  0.125 -0.0640439 
0.00649728 0.0353546 -0.0207097 
-0.0169424 0.0316039 -0.0164421 
0.0230914  0.052 -0.0429939 
-0.0359979 0.00734723 -0.0565366 
-0.0164796 0.000635816 -0.0916643 
0.0242987 0.0195336 -0.014 
-0.0188923 -0.00767275 -0.0744505 
 0.028 -0.0169292 -0.0710137 
-0.0133167 0.106317 -0.0898057 
0.0225407 0.120681 -0.0785872 
-0.0179924  -0.03 -0.0827051 
-0.0182938 0.0330743 -0.07333720000000001 
0.0295868 0.0621782 -0.0527607 
0.0211077 -0.0266972 -0.0623742 
-0.0204684 0.0809873 -0.0860095 
-0.0352047 0.0803972 -0.06373139999999999 
0.0311355 -0.0179038 -0.0489135 
-0.03288 0.0143478 -0.0309307 
-0.0153048   0.05 -0.0607953 
-0.0315106 0.0778113 -0.0509093 
0.0300271 0.0960159 -0.0680019 
0.0253358 0.0417204 -0.08200010000000001 
-0.0354214 0.0545296 -0.0616653 
-0.0350027 0.009959020000000001 -0.0648396 
0.0357308 0.0444225 -0.0607679 
-0.009876070000000001  0.052 -0.0797084 
-0.03389 0.0117606 -0.0346279 
0.0203729 0.0215855 -0.0729846 
-0.0353168 -0.00606313 -0.0516499 
-0.00161859 -0.00393734 -0.06065 
-0.0134206 -0.00552144 -0.022 
-0.0023096 0.0395 -0.0758701 
-0.0307111 0.111752 -0.0493972 
0.000212462 -0.0191766 -0.09565 
-0.0228614 0.057884 -0.0842762 
0.0268153 0.061054 -0.043582 
-0.009172339999999999 0.00152627 -0.0921867 
-0.0185869 0.09282899999999999 -0.0305282 
0.0362728 0.000726912 -0.0975833 
-0.0169461 0.0771265 -0.0293957 
0.0294924 0.0561711 -0.0617431 
0.000190888 0.013546 -0.022 
0.00282733 -0.0244546 -0.09565 
-0.0206796 0.0292556 -0.015583 
-0.0157795 0.00238814 -0.09565 
0.0158249 0.0323215 -0.0182489 
-0.008031079999999999 0.039173 -0.0916766 
-0.007983550000000001 0.0527843 -0.0276495 
-0.0127942 0.104339 -0.0276431 
-0.0296407 -0.00726735 -0.0609124 
-0.00634628 -0.0345265 -0.09915 
0.0291459 0.095553 -0.0696809 
0.035718 -0.0116692 -0.09915 
0.0163864 0.09118809999999999 -0.0290093 
0.00673578 0.08946 -0.0211802 
0.00313441 0.0763547 -0.0207552 
-0.00114929 0.0234353 -0.0966287 
0.0347938 0.0617055 -0.0474354 
-0.030784 0.116885 -0.063307 
0.008106169999999999 -0.0204186 -0.06065 
-0.00651506 0.0378688 -0.0336773 
0.0357595 0.0740227 -0.052418 
0.0156703 0.0052 -0.0286704 
-0.008015609999999999 0.116201 -0.0871691 
0.008614480000000001  -0.03 -0.08177810000000001 
0.0192009 -0.0144372 -0.0859077 
0.0104432 -0.003 -0.0853859 
0.00316894 -0.00767167 -0.0900101 
0.0319329 0.0805531 -0.0546096 
-0.0174007 0.0359582 -0.08819970000000001 
0.0368559 0.00710399 -0.0820544 
-0.0352801 0.0614981 -0.0629837 
-0.0265092 0.0117648 -0.06999519999999999 
-0.035933 0.0385936 -0.0553065 
0.0286272 0.0656659 -0.0477302 
0.029529 0.108279 -0.07695630000000001 
-0.00295344 -0.013874 -0.08565 
0.0257797 -0.0216138 -0.0985205 
0.0161465 0.02579 -0.0375796 
-0.0244655 0.0721574 -0.0826553 
-0.00991126 0.105678 -0.091088 
0.00353675 0.114506 -0.0178634 
0.00052578 0.0291434 -0.0207775 
-0.00798777 0.09826260000000001 -0.0871797 
-0.0229079 -0.0277697 -0.0235422 
0.0125976 -0.0182908 -0.025 
-0.0248954 0.0052 -0.0255639 
0.00448356 0.0688588 -0.0921835 
-0.0201678 0.0295772 -0.0147793 
-0.000440306 -0.0131004 -0.09565 
0.00544902 0.101341 -0.0209382 
-0.0160723  0.052 -0.07241839999999999 
0.00721375 0.0270088 -0.08036649999999999 
0.000845583  -0.03 -0.0787197 
0.000464698 0.0635738 -0.0265587 
-0.0198389 0.00386131 -0.025 
0.0111831 0.0397461 -0.090699 
-0.0262507 0.0722322 -0.0386944 
-0.0338347 -0.0117532 -0.0443582 
0.027341 -0.00600476 -0.0831239 
0.0342402 -0.0106366 -0.0539327 
0.008249960000000001 -0.0296615 -0.0144876 
-0.0319329 0.0825486 -0.0541981 
-0.00432259 0.0345222 -0.0810317 
0.0191785 0.0192023 -0.0374241 
0.0151852 -0.015862 -0.025 
-0.0303872 0.0193585 -0.09915 
-0.037464 0.119267 -0.0462637 
-0.00396407 0.07584920000000001 -0.0881861 
-0.0354486 -0.00489349 -0.0405534 
-0.0246595 -0.0288976 -0.09627570000000001 
0.0344996 0.0788822 -0.0463946 
-0.00212417 -0.02445 -0.08565 
-0.0243555 0.0869414 -0.0771637 
-0.0246138 0.109177 -0.0829381 
-0.0197627 0.00709225 -0.07887570000000001 
-0.034723 -0.009107209999999999 -0.0199699 
0.0194866 0.0324018 -0.09915 
0.0253455 -0.00259267 -0.09565 
-0.008121730000000001  -0.03 -0.0847152 
-0.00869464 0.0661587 -0.0914229 
-0.0359233 0.0013654 -0.042399 
0.0172529 0.0256999 -0.0175603 
-0.0188923 -0.0185973 -0.0706526 
0.0321551 0.0234308 -0.0726261 
0.0261331 0.0920156 -0.08120819999999999 
0.0228343 0.0646351 -0.0374086 
-0.00591213  0.052 -0.0838816 
0.0380714 0.113653 -0.0499522 
-0.0315575 0.10188 -0.0544716 
-0.0124081 0.0830437 -0.0901902 
-0.0189226 0.121877 -0.0868596 
0.0330328 0.000602508 -0.014 
0.0223124 0.0358206 -0.0470251 
-0.0257173 0.110019 -0.0305025 
-0.0253972 -0.0233309 -0.09915 
0.00739546 0.118811 -0.087352 
-0.0238536 0.0266329 -0.0491044 
-0.031082 0.0928548 -0.0742964 
-0.0354906 0.0163306 -0.0508034 
-0.008025880000000001 0.101624 -0.0915936 
-0.0165438 0.09119439999999999 -0.029118 
-0.0309585 0.0908426 -0.0384002 
-0.0297838 0.11548 -0.0456352 
0.010261 -0.0163133 -0.06065 
0.0168559 0.0106929 -0.0967736 
0.0174721 0.0546352 -0.0251198 
0.00549431 0.040672 -0.0748424 
0.031092 0.12148 -0.0620575 
0.0370016 -0.0109657 -0.09279999999999999 
-0.0209017 0.0949637 -0.08569160000000001 
-0.0147427 0.09216249999999999 -0.0279389 
-0.024179 0.008743020000000001 -0.0739408 
-0.0104641 0.051106 -0.0220965 
-0.0334403 0.0203835 -0.043302 
-0.0267441 0.0670799 -0.0396345 
0.0354673 0.0435372 -0.0506834 
-0.0229426 0.112006 -0.0265299 
-0.0346789 -0.00939682 -0.0570602 
0.0100928 0.06144 -0.0846375 
0.0111507 -0.0276963  -0.02 
-0.0133966 0.09421599999999999 -0.0232012 
-0.0298395 0.0743244 -0.07628740000000001 
0.025606  0.052 -0.0658547 
0.0117021 -0.0360166 -0.09323330000000001 
0.0211077 -0.0183306 -0.06899370000000001 
0.0305368 -0.0186426 -0.0244587 
0.0120426  0.052 -0.0339703 
-0.016573 0.0052 -0.0836655 
0.0232131 -0.0324956 -0.0874094 
0.00919239 0.0399157 -0.07352889999999999 
-0.0269464 0.111649 -0.07298 
0.00431077 -0.0179204 -0.0860535 
0.0242936 0.0406038 -0.08304930000000001 
-0.010799 -0.00909719 -0.09565 
-0.0298633 0.0668931 -0.0459577 
0.0163352 0.040131 -0.0460471 
-0.0285753 0.115281 -0.06987640000000001 
0.00917376 0.0984376 -0.0867299 
0.00792995 0.00484797 -0.09064999999999999 
-0.0328829 0.0977942 -0.0419315 
-0.00266647 0.0136773 -0.022 
0.00571836 0.07488880000000001 -0.0210015 
-0.0326318 0.0228128 -0.0913769 
0.00490558 0.0404498 -0.0379894 
-0.0353687 0.025903 -0.0500862 
0.0146388 -0.00750603 -0.0871971 
-0.00593826 -0.0211885 -0.06065 
0.0333298 0.0764051 -0.0430768 
0.00570533  0.052 -0.0305453 
0.0316011 0.0833909 -0.0393597 
0.0261958 0.0658077 -0.0810544 
-0.00594664 0.0410176 -0.0384584 
0.0217519 0.112651 -0.0335224 
-0.0277235 0.0802457 -0.0406089 
-0.028 -0.00452079 -0.07304389999999999 
-0.0395402 0.00568135 -0.0892608 
-0.0319329 0.082624 -0.059986 
0.0252356 0.0107902 -0.022 
-0.0224017 0.0281771 -0.0265862 
0.0155903   0.05 -0.0512666 
-0.0305305 0.107183 -0.06433560000000001 
-0.0259149 -0.0247162 -0.0156336 
0.00184568 0.0746011 -0.0206503 
-0.00500481 0.0990692 -0.0920314 
0.012517 -0.0213261 -0.025 
-0.00085895  0.052 -0.0302726 
0.007855350000000001 0.0779054 -0.0876731 
0.0232688 0.0547635 -0.075381 
-0.0189396 -0.013285 -0.022 
0.0292428 0.0679129 -0.0773988 
0.00816996 0.0899573 -0.0214522 
0.0323425 0.100658 -0.0407131 
-0.0298809 -0.0236068 -0.093137 
-0.0149024 -0.003 -0.08309709999999999 
0.0354633 0.0480746 -0.062357 
0.0279569 0.00651934 -0.0456193 
-0.00590154 -0.003 -0.0700802 
0.029182 0.0530309 -0.0506384 
-0.0312348 0.0209018 -0.0821359 
0.008422529999999999 -0.0269552 -0.09565 
0.0263994 0.00671152 -0.09565 
0.0296025 0.026682 -0.0900822 
-0.0215052 0.0963627 -0.0326189 
0.0307389 0.117693 -0.0801302 
-0.00498015 0.0395 -0.077061 
-0.00710187 -0.00464373 -0.0861662 
-0.00590006 0.100653 -0.0875336 
-0.00712527 0.0485 -0.0698539 
0.0314349 -0.0246441 -0.0920559 
-0.034993 0.113057 -0.0723975 
-0.02967 0.07057919999999999 -0.0452093 
-0.0269762  0.052 -0.0642654 
-0.0215926 0.0810857 -0.08525190000000001 
0.0074352 0.106214 -0.0917091 
-0.026734 0.08277900000000001 -0.0387234 
-0.00882144 -0.0312957 -0.025 
-0.035693 0.03894 -0.0601292 
0.0312352 0.07593859999999999 -0.063208 
0.0189073 0.009027459999999999 -0.07977190000000001 
-2.62974e-05 0.0362869 -0.0205013 
0.00471312 0.08369219999999999 -0.0921522 
-0.0343698 -0.0101193 -0.0206025 
-0.0128243 0.0139344 -0.0305068 
0.0109625 0.0516543 -0.09076090000000001 
-0.029906 -0.0198209 -0.0579755 
-0.0161782 -0.00721979 -0.022 
0.0165614 -0.00331538 -0.06065 
0.0185492 0.095252 -0.0257514 
0.00767517 0.00608953 -0.0854549 
0.0346074 0.07732700000000001 -0.06622160000000001 
-0.000626025 0.115655 -0.0176377 
0.0142525 -0.00719045 -0.06065 
0.0050461 0.100333 -0.0253627 
-0.028904 0.0615068 -0.0777887 
0.0324211 0.0579386 -0.07214470000000001 
0.0245595 0.0066022 -0.0736781 
0.00269254 -0.0241549 -0.0862068 
-0.0399152 -0.00156482 -0.09124210000000001 
-0.0187854 0.118127 -0.08183120000000001 
0.0253911 0.114496 -0.0271971 
-0.0359961 0.0399884 -0.0564299 
 0.028 0.00231123 -0.0359584 
-0.0385458 0.118165 -0.0606765 
0.00347619 0.0395 -0.07844710000000001 
-0.0254833 0.0299893 -0.08398460000000001 
0.0172142  -0.03 -0.073653 
-0.0342527 0.0862549 -0.06693929999999999 
0.0295576 0.0585015 -0.0607077 
0.0125313 0.0475 -0.0688667 
-0.0246182 0.0321858 -0.0598453 
-0.00995527 -0.008965900000000001 -0.022 
-0.0328765 0.0169998 -0.0710245 
0.00333876 -0.0187231 -0.06065 
0.0170382 0.0196456 -0.0357416 
-0.029816 0.00716836 -0.0535754 
-0.008729799999999999 0.101224 -0.0261017 
-0.0301648 0.0859048 -0.0370849 
-0.0313862 -0.0230836 -0.083512 
0.00725267 0.0113961 -0.09338109999999999 
-0.0318953 -0.017352 -0.08091180000000001 
-0.0149498 0.0192075 -0.0340153 
0.0143256 -0.0365031 -0.09279999999999999 
0.0346011 0.0564128 -0.0467666 
-0.0157102 0.076304 -0.0844574 
0.00700689   0.05 -0.0411137 
0.0380017 0.0119312 -0.09049260000000001 
0.0211077 -0.0153733 -0.0629827 
-0.0312502 -0.0176486 -0.0725561 
-0.0349587 0.0478528 -0.0649921 
0.0358616 0.105783 -0.0539515 
-0.031522 0.0976115 -0.0554514 
0.0169938 -0.0315715 -0.0182863 
0.00480923 0.0284474 -0.080841 
-0.0194314 0.0301406 -0.0211439 
-0.000478076 -0.0195502 -0.08565 
-0.0276124 0.0949827 -0.0403972 
0.0347728 0.103978 -0.0473418 
0.0276594  0.052 -0.06639 
0.0358875 0.0864529 -0.0544554 
0.0123083 0.0168577 -0.022 
-0.014411  -0.03 -0.0837247 
-0.0118661 0.0186337 -0.09715 
0.0171667 -0.0218146 -0.08621520000000001 
-0.0192139 0.111846 -0.0314645 
0.0226461 0.103008 -0.0345317 
0.00879516 0.121474 -0.08687350000000001 
-0.0329794 0.0142172 -0.0397138 
0.0349279 0.06469270000000001 -0.06509909999999999 
-0.0238953 0.0554715 -0.07439369999999999 
0.0399139 0.000982028 -0.0918691 
-0.0319023 0.0485375 -0.07308340000000001 
-0.00733908 0.0139473 -0.08959110000000001 
-0.0133678 -0.0315638 -0.025 
-0.00435599 0.111639 -0.0937197 
-0.0178336 0.0847899 -0.0252759 
 0.028 -0.01583 -0.0314177 
-0.0188923 -0.0088188 -0.082136 
-0.0113222 0.0507632 -0.0394097 
0.0165798 0.0209121 -0.022 
0.0174383 0.0782259 -0.08326459999999999 
0.0300932 0.0232689 -0.09291779999999999 
0.0289779 -0.0170716 -0.014 
0.0370851 0.00864848 -0.0985592 
-0.00399248 -0.0195676 -0.0968499 
0.0208844 0.0052 -0.0308827 
0.009738800000000001 -0.00122884 -0.0248949 
0.000973179 0.08562790000000001 -0.0885493 
0.00149169 0.030774 -0.0175232 
-0.0139983 0.0331065 -0.0207047 
0.0227417 0.0759948 -0.0843938 
0.00621404 0.0698782 -0.0210973 
0.00716062 0.02993 -0.0191892 
-0.0285714 0.0748735 -0.0698839 
0.0315185 0.118146 -0.0588349 
0.0384174   0.12 -0.0593252 
-0.0351736 0.0498111 -0.0639301 
0.0258653 0.0178656 -0.096148 
-0.0326153 0.08723160000000001 -0.0412624 
-0.0309829 0.0206315 -0.07474690000000001 
0.0290511 0.116614 -0.0823504 
-0.00170089 -0.0358084 -0.0161915 
0.027866 0.0167057 -0.0585743 
-0.0106358 -0.003 -0.0829105 
0.0350028 0.120788 -0.06478100000000001 
-0.0341897 0.0851976 -0.0671218 
0.0313446 0.0426703 -0.0740924 
-0.00839438 0.0125962 -0.08868040000000001 
0.0302016 0.0467004 -0.07603559999999999 
-0.0188138 0.0126207 -0.09715 
-0.0236306 0.115537 -0.035643 
-0.02496 0.0353844 -0.0561411 
-0.0100114 0.0784242 -0.0910601 
-0.00160814 -0.0115322 -0.09565 
0.0297348 0.0614626 -0.0578908 
-0.0277813 0.0914973 -0.072281 
0.000692823 0.0475 -0.0382016 
-0.0359647 0.0367035 -0.0558718 
-0.0048978 0.0163711 -0.0841623 
0.0346482 0.00301299 -0.014 
-0.0270824 0.0559732 -0.0441496 
-0.00617491 0.112574 -0.0254998 
-0.0070905 0.112715 -0.0256109 
0.0347778 0.008970469999999999 -0.016065 
-0.0353012 0.0378681 -0.0627224 
0.000132473 0.105715 -0.0924941 
-0.0142276 0.0254868 -0.020093 
0.0302296 0.06627710000000001 -0.0655562 
0.0155882 0.109625 -0.0894798 
0.0353514 -0.00575667 -0.068088 
0.0236314 -0.0199374 -0.0184388 
-0.0338917 0.0566266 -0.0446309 
-0.00526249 0.0610558 -0.0858777 
-0.00492277 0.00790953 -0.0906599 
-0.0307857 -0.0184115 -0.070759 
0.0385607 -0.0102869 -0.0888067 
0.0249381 -0.0260492 -0.0987112 
-0.0357681 -0.00528897 -0.080788 
-0.0270279 -0.0237225 -0.0205305 
0.0197993 -0.0136735 -0.08565 
0.019035 -0.0161804 -0.08595129999999999 
0.0249465 -0.0248577 -0.09541760000000001 
-0.0019521 0.0479202 -0.0736665 
-0.00193269 0.07531400000000001 -0.0245672 
-0.000776645 -0.009093530000000001 -0.08565 
-0.0234054 0.0477679 -0.0836911 
-0.00128575 0.0773306 -0.02054 
-0.031417 0.0996885 -0.0607388 
-0.0301547 -0.0195219 -0.043825 
0.0211077 -0.0290141 -0.0721604 
-0.0018089 0.067193 -0.0205772 
-0.0165397 -0.00638722 -0.022 
0.0314353 0.0581044 -0.07392840000000001 
-0.0207645 0.0129443 -0.07720490000000001 
-0.030295 0.0838758 -0.0459775 
-0.0190512 0.0906909 -0.0821513 
0.007945209999999999 0.0438478 -0.0916096 
0.0186163 -0.0161506 -0.06065 
-0.0339027   0.12 -0.07197050000000001 
-0.00326705 0.104814 -0.0922675 
-0.0194661 0.0769219 -0.0311351 
-0.016109 -0.0116219 -0.09595090000000001 
0.0372779 0.0072961 -0.0940405 
0.0336296 -0.0123497 -0.0562439 
0.011038 -0.0182894 -0.022 
-0.0142275 0.102055 -0.08481329999999999 
-0.0123662 -0.00624909 -0.025 
0.0292706 0.0782743 -0.0773508 
0.00307056 -0.0122678 -0.086255 
-0.0268374 -0.0293909 -0.09181159999999999 
-0.0228093 0.058199 -0.07591009999999999 
0.0322104 0.0582793 -0.0404739 
-0.0324222 0.0156427 -0.0282833 
-0.0147627 -0.0311083 -0.025 
-0.00076559 0.0358716 -0.0969013 
0.0342951 0.000262414 -0.09915 
0.00174639  -0.03 -0.0675906 
0.0327978 -0.0143963 -0.0991142 
-0.0248948 0.0176985 -0.0446275 
0.000903802 0.100206 -0.0924402 
-0.00249728 0.118296 -0.0176205 
-0.0188923 -0.00435711 -0.08512840000000001 
-0.020867 0.0607187 -0.027234 
0.0041882 -0.0192181 -0.025 
0.0290942 0.0566667 -0.0354186 
0.008445980000000001 0.046482 -0.0402619 
0.0216098 0.0926192 -0.032737 
0.0180393 -0.00462922 -0.09565 
0.0347391 -0.009048809999999999 -0.0171748 
0.0248634 0.008081629999999999 -0.0399448 
-0.0261677 0.0968345 -0.0319803 
-0.0246626 0.0215884 -0.0652763 
0.00765301 0.098631 -0.0873066 
-0.0192766 0.0661202 -0.0868269 
-0.0385051 0.00288306 -0.09279999999999999 
-0.0247386 0.0546386 -0.0824399 
0.00552937 0.0303321 -0.0162621 
0.0109924 0.10161 -0.09066929999999999 
0.014586  0.125 -0.0243657 
-0.0354171 0.0316488 -0.0503709 
-0.0301531 0.039155 -0.07595159999999999 
-0.0332729 0.10516 -0.0431205 
0.0210012 0.117375 -0.08030180000000001 
0.0314117 0.0173816 -0.0213206 
-0.0355917 -0.00362396 -0.0650968 
0.0180049 -0.0264071 -0.09673320000000001 
0.02796 0.0405159 -0.0338463 
-0.026932 0.106309 -0.0730074 
0.017099   0.12 -0.090638 
0.0330255 0.0218632 -0.08412600000000001 
-0.0116003 -0.003 -0.0758795 
0.00897064 0.0836068 -0.09129859999999999 
-0.0367687 0.0153569 -0.0896424 
-0.00312626 -0.003 -0.0730165 
0.0354582 0.0563804 -0.062386 
0.0256861 0.0464398 -0.0312879 
0.0327963 0.0455208 -0.0417673 
0.0246946 -0.0256827 -0.0951733 
0.0129146   0.05 -0.0657789 
-0.0296993 0.0556156 -0.0584555 
0.0250618 0.00360788 -0.0255525 
-0.0161987 0.0136593 -0.080636 
0.0272624 0.121872 -0.0798291 
-0.0369906 0.112017 -0.0645869 
0.0138962 0.0153528 -0.0316935 
0.0294728 0.0124438 -0.0553368 
0.017141 0.104732 -0.08296630000000001 
-0.00683289 -0.0393727 -0.0909808 
0.027206 0.0052 -0.07024809999999999 
-0.00326656 -0.00948618 -0.06065 
-0.014934 0.0963985 -0.0237837 
0.00487687 -0.0231757 -0.08565 
-0.0145947 0.0395 -0.0708061 
0.0150014 0.0937627 -0.089196 
0.0250739 0.0242948 -0.0588589 
-0.0205159 0.0295152 -0.0220485 
-0.0364047 0.109603 -0.0573288 
0.0234046 0.035783 -0.0838241 
0.000739726  0.052 -0.0308706 
0.025347 -0.0262286 -0.09693590000000001 
-0.0299069 -0.00384376 -0.0579806 
0.0214071 0.07679320000000001 -0.0325083 
-0.0113239 -0.010375 -0.025 
-0.0258158 0.123654 -0.0812758 
0.0251066 -0.00746429 -0.09565 
-0.00397547 0.0235669 -0.0313783 
0.00376143 0.0759045 -0.0882107 
0.00307678 0.058348 -0.09233089999999999 
-0.00160514 0.0747097 -0.02056 
-0.028 -0.0217333 -0.0388839 
-0.00166678 -0.0311688 -0.014 
0.0238823 -0.00655549 -0.0252258 
0.0328782 0.0144579 -0.0947587 
0.0197639 0.0784677 -0.02642 
0.0349636 0.0282601 -0.0480247 
-0.0352874 0.0930409 -0.0496558 
0.0143332 0.00121118 -0.022 
-0.0195054 0.094815 -0.0311622 
0.0187163 0.0358206 -0.0725126 
-0.0127724 -0.00944158 -0.0906662 
0.00967514 0.0128409 -0.0287649 
-0.0234217 0.0125281 -0.0743795 
0.0283834 0.0119429 -0.0160549 
0.0319329 0.0877015 -0.0527452 
-0.0297656 0.101006 -0.067439 
0.00626387 0.105237 -0.0210653 
-0.0222949 0.0819381 -0.0282471 
0.01028 -0.003 -0.0715985 
0.0235962 0.00335854 -0.0251597 
-0.00513572 -0.0162423 -0.08565 
-0.007963400000000001 0.0297322 -0.0155395 
0.0187586 0.0513369 -0.0651055 
-0.0312662 0.111386 -0.0516491 
0.0392169 -0.00744945 -0.0906903 
-0.0348445 -0.008903599999999999 -0.0525677 
0.0330065 0.118196 -0.0358528 
-0.0195977 0.118937 -0.09005539999999999 
-0.027498 0.0539673 -0.0681865 
0.0305271 0.0908202 -0.0660809 
0.0226825 -0.00943393 -0.08565 
0.0228511 0.115294 -0.08796039999999999 
0.0072974 0.0645394 -0.08535520000000001 
0.0154933 0.09718540000000001 -0.0240127 
-0.0240638 0.0555263 -0.0830303 
0.0246784 0.0330724 -0.0603561 
0.0254007 0.041377 -0.0819362 
-0.00377695 0.102003 -0.08779140000000001 
-0.0342266 -0.010529 -0.0207461 
-0.0235193 0.1181 -0.0256036 
0.0311498 0.00269755 -0.09601179999999999 
0.0359707 0.00319818 -0.0570212 
-0.0329332 0.0532414 -0.0707376 
-0.00348682 -0.0350053 -0.025 
-0.0186759 0.0219909 -0.022 
-0.0322677  0.125 -0.0542468 
0.0204772 0.0535019 -0.0345879 
-0.0274286 0.0355438 -0.07977289999999999 
0.0295315 -0.008829770000000001 -0.09565 
0.0352488 0.0072307 -0.0802119 
0.000832911 0.0905992 -0.0924615 
-0.0323497 0.112928 -0.0362178 
0.0113057 0.07888580000000001 -0.0905825 
0.0315764 0.0665008 -0.0393269 
0.0247201 0.00862066 -0.07342509999999999 
0.0293807 0.0689751 -0.0358308 
-0.00238702 0.0598939 -0.0268016 
-0.00054846 -0.0218267 -0.09715 
-0.0335773 0.0716774 -0.0688884 
-0.0301791 0.00676033 -0.0163044 
 0.028 -0.0215719 -0.0451789 
0.0223887 0.0584689 -0.0763051 
0.0159158 -0.0318556 -0.014 
0.0225623 0.0257251 -0.04579 
0.0358565 -0.00127339 -0.0141861 
0.00161972 -0.0148674 -0.0948198 
-0.0188923 -0.0099994 -0.08204500000000001 
0.0348484 0.017901 -0.06537519999999999 
-0.0108517 0.0395 -0.07343189999999999 
-0.0262475 0.0906377 -0.032045 
0.00110629  0.125 -0.0235161 
-0.035395 0.0353245 -0.0502408 
0.0347177 0.009328670000000001 -0.0676549 
-0.0227901 0.0849583 -0.0789306 
0.03205 0.10225 -0.0728265 
0.0147595 0.106111 -0.0893046 
0.0311093 0.0287689 -0.07451820000000001 
-0.028 -0.0174848 -0.0684693 
0.0334149 -0.0128524 -0.021532 
0.0311854 0.085703 -0.0385879 
-0.0157227 0.0123033 -0.09611020000000001 
 0.028 -0.00554675 -0.0804605 
0.00288175  0.052 -0.0296057 
0.0310697  0.125 -0.0484561 
0.0235022 0.0388512 -0.0525861 
-0.00980952 0.0775966 -0.086932 
0.0291377 0.113129 -0.0441951 
-0.0341571 -0.00230044 -0.014 
0.0221322 0.0204807  -0.02 
-0.0243931 -0.0291598 -0.09658750000000001 
-0.010401 0.0329447 -0.0791197 
-0.0153378 0.0543031 -0.0239483 
-0.03517 0.0141214 -0.0957847 
-0.017936 -0.000795764 -0.022 
0.0283499 -0.025207 -0.0937958 
-0.0269068 0.114908 -0.0730555 
-0.0159594 0.06261609999999999 -0.0816909 
-0.0194639 0.0889204 -0.0311335 
-0.0125727 0.112162 -0.0854409 
0.00080421 0.066799 -0.0205655 
-0.0315765   0.12 -0.0349726 
-0.0273866 -0.0233399 -0.0214104 
0.0344162 0.0989809 -0.0669193 
0.0274637 0.047894 -0.0332909 
-0.0253698  0.066 -0.0379363 
-0.0275699 0.0260088 -0.09872259999999999 
0.0181373 -0.0158166 -0.06065 
0.0284958 0.0380884 -0.0345577 
-0.015466 0.0828676 -0.08462600000000001 
-0.0314871 0.0212481 -0.0956471 
-0.0121475 -0.0233588 -0.09565 
-0.0192687 0.0403504 -0.0548752 
-0.00072296 -0.0103395 -0.08565 
-0.0125604 0.102447 -0.09009739999999999 
-0.0342712 -0.00141395 -0.014 
-0.0287183 0.00291224 -0.06502230000000001 
0.0237276 0.015043 -0.022 
0.0266211 0.0984274 -0.07359980000000001 
-0.00165831 0.019727 -0.08323560000000001 
0.0105877 0.0844019 -0.0222048 
-0.00759432 0.0797448 -0.0916829 
0.0297676 -0.0196621 -0.0528056 
-0.0351348 -0.00767865 -0.0669217 
0.0152461 0.0435039 -0.0669727 
0.0211077 -0.0112806 -0.07188940000000001 
0.0211077 -0.0169978 -0.062656 
-0.0380183 0.116304 -0.0479088 
-0.01284 0.0395 -0.0409748 
0.0358517 0.06623320000000001 -0.0538238 
-0.0168256 -0.0101342 -0.08611820000000001 
0.00744551 -0.003 -0.0852639 
 0.028 0.000956967 -0.0800799 
-0.0145664 0.0151502 -0.0319642 
0.0228246 -0.0208928 -0.019614 
0.0271296 0.0192308 -0.014 
-0.0277628 0.113544 -0.0831938 
0.0292901 0.103055 -0.07730389999999999 
0.0210247 0.0392457 -0.0675142 
-0.0188923 -0.0278957 -0.0735743 
0.009821959999999999 -0.0292741 -0.0147036 
-0.0110435 0.0680588 -0.08602079999999999 
-0.0120203 -0.0284462 -0.0180787 
-0.0305223 0.12198 -0.0486313 
0.0324659 0.122427 -0.0409688 
-0.0381049   0.12 -0.0587457 
0.00164099 -0.0150685 -0.0937974 
-0.0302835 0.0822792 -0.0670695 
0.0349386 0.0705533 -0.047938 
-0.0234335 0.0918901 -0.0782045 
-0.009526069999999999 0.0702084 -0.09119140000000001 
-0.0315401 0.0998333 -0.0599709 
-0.0346204 -0.00944409 -0.0298851 
0.0301819 0.058035 -0.07605530000000001 
0.0282748 0.0747394 -0.0425511 
-0.00304305 -0.003 -0.07422910000000001 
0.00170009 0.0228835 -0.08218549999999999 
0.0359715 0.00722355 -0.0570081 
0.00123153 0.0466988 -0.0381666 
0.0354822 0.0221207 -0.0622458 
0.0109407 0.0381155 -0.022253 
-0.00629176 0.0404028 -0.0383919 
0.0183249 0.120825 -0.0308509 
0.038111 0.00663998 -0.09279999999999999 
-0.00458673 0.0700057 -0.0876931 
-0.0307916 -0.00171669 -0.0175991 
-0.00838318 -0.0389422 -0.08948680000000001 
-0.0115081 -0.0183161 -0.022 
0.032495 0.0735084 -0.0410277 
0.0315185 0.0985171 -0.058591 
0.0133215 -0.0334762 -0.0937759 
-0.0354668 -0.00473238 -0.067801 
0.0311816 -0.0177736 -0.0718119 
0.00423951 0.0376223 -0.0983873 
-0.035689 0.0225756 -0.052036 
0.00114366   0.05 -0.0372651 
0.00474954 0.08522059999999999 -0.0208664 
0.0306031 0.0960958 -0.0472272 
-0.028 0.0009956159999999999 -0.0685144 
0.021933 0.0830926 -0.0850007 
-0.0166338 0.0162406 -0.096709 
-0.00501541 0.0744187 -0.087641 
0.0345582 0.0105096 -0.0466175 
0.0342139 0.101562 -0.0453606 
0.0192616 0.0385681 -0.0425866 
 0.028 -0.0182303 -0.07909629999999999 
0.026992 0.0237369 -0.0263494 
-0.0339804 -0.00194213 -0.0987089 
-0.030227 0.034203 -0.07588839999999999 
0.0125786 0.09092980000000001 -0.0902008 
-0.0284118 0.107796 -0.0343958 
-0.0124534 0.0436782 -0.0902345 
-0.0241184 -0.0200162 -0.0251596 
0.023083  0.052 -0.0452404 
-0.0192589 0.0395 -0.0515297 
0.0338451 0.0462258 -0.0686987 
-0.0275642  0.052 -0.0540856 
-0.0201448 0.0786009 -0.0862275 
-0.026317 0.08918769999999999 -0.0321126 
0.0342466 0.112985 -0.0394596 
0.0167588 0.0318054 -0.0196692 
3 646 125 621 
3 965 720 143 
3 720 513 143 
3 839 731 914 
3 147 687 97 
3 827 417 134 
3 827 794 289 
3 827 892 417 
3 417 428 134 
3 826 864 286 
3 634 428 726 
3 428 634 134 
3 125 634 621 
3 427 513 838 
3 225 513 720 
3 524 225 720 
3 427 225 569 
3 225 427 838 
3 892 54 417 
3 870 731 839 
3 363 361 97 
3 363 634 726 
3 634 363 621 
3 864 670 286 
3 731 84 914 
3 593 147 97 
3 89 574 569 
3 89 541 574 
3 54 89 569 
3 89 54 892 
3 141 418 20 
3 141 870 839 
3 442 827 134 
3 827 442 794 
3 442 617 794 
3 617 310 794 
3 418 944 20 
3 944 418 574 
3 192 944 574 
3 192 709 794 
3 794 709 289 
3 541 709 574 
3 709 192 574 
3 826 35 864 
3 8 826 286 
3 652 965 143 
3 652 778 965 
3 634 759 134 
3 759 634 167 
3 535 634 125 
3 887 427 914 
3 427 887 513 
3 513 887 143 
3 418 926 574 
3 574 926 569 
3 926 427 569 
3 926 418 914 
3 427 926 914 
3 513 901 838 
3 901 225 838 
3 225 901 513 
3 225 80 569 
3 80 225 524 
3 54 446 417 
3 633 38 862 
3 633 670 864 
3 739 633 864 
3 633 739 38 
3 687 728 97 
3 728 363 97 
3 363 728 687 
3 363 824 621 
3 824 363 686 
3 824 864 621 
3 824 739 864 
3 739 824 686 
3 670 392 286 
3 392 670 934 
3 392 934 731 
3 84 316 914 
3 934 316 731 
3 316 84 731 
3 935 89 892 
3 935 827 289 
3 827 935 892 
3 89 935 541 
3 709 935 289 
3 935 709 541 
3 307 141 839 
3 307 839 914 
3 418 307 914 
3 310 845 794 
3 845 192 794 
3 944 845 20 
3 845 944 192 
3 646 262 125 
3 35 439 864 
3 439 35 646 
3 864 439 621 
3 439 646 621 
3 262 943 883 
3 943 35 826 
3 8 943 826 
3 35 943 646 
3 943 262 646 
3 801 652 143 
3 652 801 862 
3 652 205 778 
3 205 593 97 
3 778 205 97 
3 147 205 862 
3 593 205 147 
3 217 442 134 
3 759 217 134 
3 442 217 617 
3 217 759 617 
3 773 262 310 
3 262 773 125 
3 773 535 125 
3 535 773 759 
3 773 310 617 
3 759 773 617 
3 535 651 634 
3 651 759 167 
3 651 535 759 
3 278 54 569 
3 80 278 569 
3 278 80 54 
3 80 986 54 
3 986 446 54 
3 446 986 80 
3 889 80 524 
3 889 446 80 
3 889 524 720 
3 38 603 862 
3 480 603 38 
3 603 147 862 
3 603 480 147 
3 480 270 147 
3 270 480 38 
3 739 878 38 
3 878 739 686 
3 392 749 286 
3 749 392 731 
3 870 749 731 
3 749 8 286 
3 749 943 8 
3 943 749 883 
3 141 900 418 
3 900 307 418 
3 307 900 141 
3 207 652 862 
3 205 207 862 
3 207 205 652 
3 634 831 167 
3 831 651 167 
3 651 831 634 
3 446 174 361 
3 889 174 446 
3 361 174 97 
3 174 778 97 
3 174 889 720 
3 965 174 720 
3 778 174 965 
3 540 270 38 
3 540 878 686 
3 363 540 686 
3 270 540 147 
3 540 363 687 
3 147 540 687 
3 878 477 38 
3 477 540 38 
3 540 477 878 
3 446 428 417 
3 428 446 726 
3 363 446 361 
3 446 363 726 
3 801 316 934 
3 670 801 934 
3 633 801 670 
3 801 887 914 
3 887 801 143 
3 801 633 862 
3 316 801 914 
3 262 749 310 
3 141 749 870 
3 749 141 20 
3 749 845 310 
3 845 749 20 
3 749 262 883 
Vertices and facets:
- p646(v23): 0.038  0.12 -0.059
  neighbors: f81 f386 f393 f395 f402 f403
- p125(v11): 0.034  0.12 -0.072
  neighbors: f81 f198 f313 f386 f418 f419
- p621(v1):  0.04 0.00098 -0.092
  neighbors: f81 f198 f236 f358 f360 f394 f395
- p965(v24): -0.0084 -0.039 -0.089
  neighbors: f85 f302 f303 f473 f474
- p720(v12): -0.027 -0.029 -0.092
  neighbors: f85 f98 f205 f207 f435 f472 f473
- p143(v3): -0.023 -0.028 -0.014
  neighbors: f85 f98 f302 f320 f405 f495
- p513(v27): -0.026 -0.025 -0.016
  neighbors: f98 f200 f205 f318 f320 f326 f328
- p731(v31): -0.0025  0.12 -0.018
  neighbors: f113 f220 f245 f366 f369 f370 f453 f454
- p839(v17): -0.024  0.12 -0.026
  neighbors: f113 f220 f264 f377 f379
- p914(v8): -0.034 -0.0014 -0.014
  neighbors: f113 f245 f317 f324 f325 f368 f379 f380 f494 f497
- p147(v36): 0.018 -0.036 -0.092
  neighbors: f137 f248 f411 f412 f442 f443 f445 f479 f481
- p687(v34): 0.025 -0.026 -0.099
  neighbors: f137 f355 f357 f480 f481
- p97(v7): 0.0018 -0.038 -0.099
  neighbors: f137 f233 f248 f355 f356 f408 f409 f470 f471
- p827(v40): -0.02  0.12 -0.09
  neighbors: f153 f155 f157 f265 f266 f372 f373
- p417(v21): -0.03 0.019 -0.099
  neighbors: f153 f157 f159 f213 f335 f485
- p134(v6): 0.0045  0.12 -0.095
  neighbors: f153 f159 f194 f265 f306 f413 f414
- p794(v22): -0.026  0.12 -0.081
  neighbors: f155 f266 f268 f278 f287 f288 f382 f383
- p289(v10): -0.025  0.12 -0.084
  neighbors: f155 f288 f372 f375
- p892(v39): -0.035 0.014 -0.096
  neighbors: f157 f213 f255 f371 f373
- p428(v41): 0.019 0.032 -0.099
  neighbors: f159 f193 f194 f485 f486
- p826(v46): 0.033  0.12 -0.036
  neighbors: f184 f293 f296 f400 f401
- p864(v9): 0.036 -0.0013 -0.014
  neighbors: f184 f241 f293 f350 f353 f360 f361 f392 f394
- p286(v5): 0.026  0.12 -0.028
  neighbors: f184 f241 f296 f364 f452 f455
- p634(v48): 0.037 0.0086 -0.099
  neighbors: f193 f194 f198 f234 f236 f306 f307 f313 f424 f465 f467
- p726(v14): 0.034 0.00026 -0.099
  neighbors: f193 f234 f486 f488
- p427(v49): -0.035 -0.0091 -0.02
  neighbors: f200 f209 f210 f317 f318 f323 f325
- p838(v16): -0.034 -0.011 -0.021
  neighbors: f200 f210 f326 f327
- p225(v50): -0.033 -0.023 -0.084
  neighbors: f205 f207 f209 f210 f327 f328 f330 f331
- p524(v28): -0.03 -0.024 -0.093
  neighbors: f207 f331 f433 f435
- p569(v0): -0.04 -0.0016 -0.091
  neighbors: f209 f252 f254 f322 f323 f330 f427 f428
- p54(v51): -0.034 -0.0012 -0.099
  neighbors: f213 f254 f255 f335 f427 f429 f430 f431
- p870(v52): 0.0011  0.12 -0.024
  neighbors: f220 f264 f454 f501
- p363(v55): 0.036 -0.012 -0.099
  neighbors: f233 f234 f236 f356 f357 f358 f359 f478 f480 f487 f488
- p361(v42): -0.0063 -0.035 -0.099
  neighbors: f233 f468 f470 f487
- p670(v56): 0.035 0.003 -0.014
  neighbors: f241 f350 f364 f365 f492 f493
- p84(v57): -0.011 0.029 -0.014
  neighbors: f245 f368 f370
- p593(v58): 0.014 -0.037 -0.093
  neighbors: f248 f408 f412
- p89(v59): -0.038 0.011 -0.093
  neighbors: f252 f253 f254 f255 f371 f374
- p574(v20): -0.039  0.12 -0.061
  neighbors: f252 f253 f285 f286 f290 f291 f321 f322
- p541(v37): -0.035  0.11 -0.072
  neighbors: f253 f290 f374 f376
- p141(v61): -0.027  0.12 -0.035
  neighbors: f261 f264 f377 f459 f461 f501 f502
- p418(v38): -0.037  0.12 -0.046
  neighbors: f261 f283 f285 f321 f324 f380 f459 f460
- p20(v2): -0.032  0.12 -0.05
  neighbors: f261 f283 f384 f502 f504
- p442(v62): -0.019  0.12 -0.087
  neighbors: f265 f266 f268 f413 f415
- p617(v44): 0.0088  0.12 -0.087
  neighbors: f268 f278 f415 f416 f421 f422
- p310(v64): 0.032  0.12 -0.064
  neighbors: f278 f382 f417 f421 f500 f503
- p944(v65): -0.038  0.12 -0.059
  neighbors: f283 f285 f286 f384 f385
- p192(v45): -0.038  0.12 -0.06
  neighbors: f286 f287 f291 f383 f385
- p709(v66): -0.034  0.12 -0.072
  neighbors: f287 f288 f290 f291 f375 f376
- p35(v67): 0.038  0.12 -0.048
  neighbors: f293 f392 f393 f400 f402
- p8(v68): 0.032  0.12 -0.036
  neighbors: f296 f401 f455 f456
- p652(v69): -0.0017 -0.036 -0.016
  neighbors: f302 f303 f405 f406 f407 f462 f464
- p778(v63): -0.0068 -0.039 -0.091
  neighbors: f303 f407 f409 f471 f474
- p759(v70): 0.017  0.12 -0.091
  neighbors: f306 f307 f414 f416 f420 f422 f425 f426
- p167(v26): 0.021  0.12 -0.089
  neighbors: f307 f425 f465 f466
- p535(v71): 0.031  0.12 -0.08
  neighbors: f313 f419 f420 f424 f426
- p887(v72): -0.034 -0.0023 -0.014
  neighbors: f317 f318 f320 f494 f495
- p926(v73): -0.038  0.12 -0.048
  neighbors: f321 f322 f323 f324 f325
- p901(v74): -0.027 -0.023 -0.021
  neighbors: f326 f327 f328
- p80(v75): -0.036 -0.013 -0.094
  neighbors: f330 f331 f428 f429 f430 f432 f433 f434
- p446(v76): -0.025 -0.023 -0.099
  neighbors: f335 f431 f432 f434 f468 f469 f485 f486 f487 f488
- p633(v79): 0.029 -0.017 -0.014
  neighbors: f348 f350 f353 f354 f493 f496
- p38(v53): 0.028 -0.022 -0.022
  neighbors: f348 f354 f440 f441 f446 f450 f475 f482 f483
- p862(v19): 0.016 -0.032 -0.014
  neighbors: f348 f406 f411 f440 f442 f462 f463 f496
- p739(v80): 0.035 -0.009 -0.017
  neighbors: f353 f354 f361 f362 f450 f451
- p728(v81): 0.033 -0.014 -0.099
  neighbors: f355 f356 f357
- p824(v82): 0.039 -0.0074 -0.091
  neighbors: f358 f359 f360 f361 f362
- p686(v54): 0.039 -0.01 -0.089
  neighbors: f359 f362 f451 f477 f478
- p392(v83): 0.0035  0.11 -0.018
  neighbors: f364 f365 f366 f452 f453
- p934(v35): 0.027 0.019 -0.014
  neighbors: f365 f366 f369 f491 f492
- p316(v84): 0.024  0.02 -0.014
  neighbors: f368 f369 f370 f491 f497
- p935(v85): -0.028  0.11 -0.083
  neighbors: f371 f372 f373 f374 f375 f376
- p307(v86): -0.031  0.12 -0.033
  neighbors: f377 f379 f380 f460 f461
- p845(v87): -0.032  0.12 -0.054
  neighbors: f382 f383 f384 f385 f503 f504
- p262(v88): 0.035  0.12 -0.061
  neighbors: f386 f397 f403 f417 f418 f500 f505
- p439(v89): 0.038  0.11 -0.05
  neighbors: f392 f393 f394 f395
- p943(v90): 0.032  0.12 -0.041
  neighbors: f397 f400 f401 f402 f403 f456 f458
- p883(v43): 0.031  0.12 -0.048
  neighbors: f397 f458 f505
- p801(v91): -0.0017 -0.031 -0.014
  neighbors: f405 f406 f491 f492 f493 f494 f495 f496 f497
- p205(v92): 0.0074 -0.039 -0.089
  neighbors: f407 f408 f409 f411 f412 f463 f464
- p217(v93): 0.016  0.12 -0.091
  neighbors: f413 f414 f415 f416
- p773(v94): 0.027  0.12 -0.08
  neighbors: f417 f418 f419 f420 f421 f422
- p651(v95): 0.029  0.12 -0.082
  neighbors: f424 f425 f426 f466 f467
- p278(v96): -0.039 -0.0023 -0.093
  neighbors: f427 f428 f429
- p986(v97): -0.034 -0.0019 -0.099
  neighbors: f430 f431 f432
- p889(v98): -0.024 -0.029 -0.097
  neighbors: f433 f434 f435 f469 f472
- p603(v99): 0.017 -0.032 -0.018
  neighbors: f440 f441 f442 f443
- p480(v78): 0.023 -0.032 -0.087
  neighbors: f441 f443 f445 f446
- p270(v100): 0.027 -0.029 -0.089
  neighbors: f445 f446 f475 f479
- p878(v101): 0.033 -0.013 -0.022
  neighbors: f450 f451 f477 f482 f484
- p749(v102): 0.015  0.12 -0.024
  neighbors: f452 f453 f454 f455 f456 f458 f500 f501 f502 f503 f504 f505
- p900(v103): -0.032  0.12 -0.035
  neighbors: f459 f460 f461
- p207(v104): 0.0075 -0.035 -0.022
  neighbors: f462 f463 f464
- p831(v105): 0.023  0.12 -0.088
  neighbors: f465 f466 f467
- p174(v106): -0.021 -0.032 -0.096
  neighbors: f468 f469 f470 f471 f472 f473 f474
- p540(v107): 0.031 -0.025 -0.092
  neighbors: f475 f477 f478 f479 f480 f481 f483 f484
- p477(v108): 0.031 -0.019 -0.024
  neighbors: f482 f483 f484
- f81
    - flags: top simplicial
    - normal:    0.9512  0.09245  -0.2944
    - offset: -0.06510167
    - center: 0.0375705 0.08032734266666666 -0.0745215 
    - vertices: p646(v23) p125(v11) p621(v1)
    - neighboring facets: f198 f395 f386
- f85
    - flags: top simplicial
    - normal:   -0.4637  -0.8849  0.04526
    - offset: -0.03429494
    - center: -0.01930942666666667 -0.03196933333333334 -0.06509946666666667 
    - vertices: p965(v24) p720(v12) p143(v3)
    - neighboring facets: f98 f302 f473
- f98
    - flags: bottom simplicial
    - normal:   -0.6794  -0.7318  0.05314
    - offset: -0.03486417
    - center: -0.02515333333333334 -0.02722733333333334 -0.04048173333333333 
    - vertices: p513(v27) p720(v12) p143(v3)
    - neighboring facets: f85 f320 f205
- f113
    - flags: bottom simplicial
    - normal:   -0.3534   0.1218   0.9275
    - offset: 0.001047445
    - center: -0.02009592666666667 0.07832735 -0.0190747 
    - vertices: p731(v31) p839(v17) p914(v8)
    - neighboring facets: f379 f245 f220
- f137
    - flags: top simplicial
    - normal:    0.3535  -0.6779  -0.6446
    - offset: -0.09010502
    - center: 0.01492731333333333 -0.03319336666666667 -0.09668863333333333 
    - vertices: p147(v36) p687(v34) p97(v7)
    - neighboring facets: f355 f248 f481
- f153
    - flags: top simplicial
    - normal:   -0.1999   0.1106  -0.9736
    - offset: -0.1047428
    - vertices: p827(v40) p417(v21) p134(v6)
    - neighboring facets: f159 f265 f157
- f155
    - flags: top simplicial
    - normal:   -0.6045   0.4396  -0.6643
    - offset: -0.1239574
    - vertices: p827(v40) p794(v22) p289(v10)
    - neighboring facets: f288 f372 f266
- f157
    - flags: top simplicial
    - normal:   -0.6672   0.1391  -0.7318
    - offset: -0.09552143
    - center: -0.02838496666666666 0.05080563333333333 -0.09499669999999999 
    - vertices: p827(v40) p892(v39) p417(v21)
    - neighboring facets: f213 f153 f373
- f159
    - flags: bottom simplicial seen
    - normal:  -0.01184  0.04528  -0.9989
    - offset: -0.1002777
    - center: -0.00214828 0.05662576666666667 -0.09779556666666667 
    - vertices: p428(v41) p417(v21) p134(v6)
    - neighboring facets: f153 f194 f485
    - ridges:
- f184
    - flags: top simplicial
    - normal:    0.7458   0.1361   0.6522
    - offset: -0.01731563
    - center: 0.0316226 0.07816887 -0.02591913333333333 
    - vertices: p826(v46) p864(v9) p286(v5)
    - neighboring facets: f241 f296 f293
- f193
    - flags: top simplicial tested seen
    - normal:   0.08837  0.04072  -0.9953
    - offset: -0.1017208
    - center: 0.03028893333333333 0.013770898 -0.09895306666666667 
    - vertices: p634(v48) p428(v41) p726(v14)
    - neighboring facets: f486 f234 f194
    - ridges:
- f194
    - flags: bottom simplicial tested
    - normal:    0.1265  0.06909  -0.9896
    - offset: -0.1028181
    - center: 0.02034248666666667 0.05305576 -0.09759863333333332 
    - vertices: p634(v48) p428(v41) p134(v6)
    - neighboring facets: f159 f306 f193
- f198
    - flags: bottom simplicial tested
    - normal:    0.9507  0.09267  -0.2958
    - offset: -0.06521485
    - center: 0.03712640000000001 0.04321016933333333 -0.0875995 
    - vertices: p634(v48) p125(v11) p621(v1)
    - neighboring facets: f81 f236 f313
- f200
    - flags: top simplicial
    - normal:   -0.8737  -0.4296   0.2282
    - offset: -0.02969272
    - center: -0.0316215 -0.01478413666666667 -0.0187832 
    - vertices: p427(v49) p513(v27) p838(v16)
    - neighboring facets: f326 f210 f318
- f205
    - flags: top simplicial
    - normal:   -0.7156  -0.6966  0.05141
    - offset: -0.03495868
    - vertices: p225(v50) p513(v27) p720(v12)
    - neighboring facets: f98 f207 f328
- f207
    - flags: bottom simplicial
    - normal:   -0.8396  -0.4937  -0.2265
    - offset: -0.05784278
    - center: -0.02979563333333334 -0.02528456666666666 -0.08979676666666665 
    - vertices: p225(v50) p524(v28) p720(v12)
    - neighboring facets: f435 f205 f331
- f209
    - flags: bottom simplicial
    - normal:   -0.9495  -0.3116   0.0362
    - offset: -0.03508525
    - vertices: p225(v50) p427(v49) p569(v0)
    - neighboring facets: f323 f330 f210
- f210
    - flags: top simplicial
    - normal:   -0.9352  -0.3511  0.04508
    - offset: -0.03477193
    - vertices: p225(v50) p427(v49) p838(v16)
    - neighboring facets: f200 f327 f209
- f213
    - flags: bottom simplicial tested
    - normal:   -0.6464   0.1047  -0.7558
    - offset: -0.09660423
    - center: -0.03322563333333334 0.01076688333333333 -0.09791233333333334 
    - vertices: p54(v51) p892(v39) p417(v21)
    - neighboring facets: f157 f335 f255
- f220
    - flags: top simplicial
    - normal:    -0.255   0.7122    0.654
    - offset: -0.07336488
    - center: -0.008303430000000002 0.1204653333333333 -0.02224673333333333 
    - vertices: p870(v52) p731(v31) p839(v17)
    - neighboring facets: f113 f264 f454
- f233
    - flags: top simplicial tested seen
    - normal:   0.01563 -0.02877  -0.9995
    - offset: -0.09999089
    - center: 0.01040318666666667 -0.02802953333333333 -0.09907503333333334 
    - vertices: p363(v55) p361(v42) p97(v7)
    - neighboring facets: f470 f356 f487
    - ridges:
- f234
    - flags: top simplicial tested seen
    - normal:     0.154  0.01836  -0.9879
    - offset: -0.1032365
    - center: 0.0356994 -0.0009194353333333332 -0.09895306666666666 
    - vertices: p363(v55) p634(v48) p726(v14)
    - neighboring facets: f193 f488 f236
    - ridges:
- f236
    - flags: bottom simplicial tested
    - normal:    0.8991 -0.04785   -0.435
    - offset: -0.07580667
    - center: 0.03757233333333335 -0.000679564 -0.0965261 
    - vertices: p363(v55) p634(v48) p621(v1)
    - neighboring facets: f198 f358 f234
- f241
    - flags: bottom simplicial tested
    - normal:     0.614   0.1393   0.7769
    - offset: -0.01081644
    - center: 0.03216983333333334 0.03977453333333333 -0.01863486666666667 
    - vertices: p670(v56) p864(v9) p286(v5)
    - neighboring facets: f184 f364 f350
- f245
    - flags: bottom simplicial tested
    - normal:  -0.03947  0.04067   0.9984
    - offset: 0.01268224
    - center: -0.01603479333333334 0.04856248333333333 -0.01531493333333333 
    - vertices: p84(v57) p731(v31) p914(v8)
    - neighboring facets: f113 f368 f370
- f248
    - flags: top simplicial
    - normal:    0.2466  -0.9237  -0.2932
    - offset: -0.0644627
    - vertices: p593(v58) p147(v36) p97(v7)
    - neighboring facets: f137 f408 f412
- f252
    - flags: top simplicial
    - normal:   -0.9435  0.09208  -0.3184
    - offset: -0.06656884
    - vertices: p89(v59) p574(v20) p569(v0)
    - neighboring facets: f322 f254 f253
- f253
    - flags: top simplicial
    - normal:   -0.9406  0.09443  -0.3262
    - offset: -0.06720883
    - vertices: p89(v59) p541(v37) p574(v20)
    - neighboring facets: f290 f252 f374
- f254
    - flags: bottom simplicial
    - normal:    -0.794  0.03506  -0.6069
    - offset: -0.08701208
    - vertices: p89(v59) p54(v51) p569(v0)
    - neighboring facets: f427 f252 f255
- f255
    - flags: top simplicial
    - normal:   -0.7444  0.07964  -0.6629
    - offset: -0.09080506
    - vertices: p89(v59) p54(v51) p892(v39)
    - neighboring facets: f213 f371 f254
- f261
    - flags: top simplicial tested seen
    - normal:   -0.6303   0.7455   0.2169
    - offset: -0.1024886
    - center: -0.03197793333333334 0.123089 -0.04345843333333333 
    - vertices: p141(v61) p418(v38) p20(v2)
    - neighboring facets: f283 f502 f459
    - ridges:
- f264
    - flags: top simplicial tested seen
    - normal:   -0.2567   0.7216    0.643
    - offset: -0.07479635
    - center: -0.01636140333333334 0.1227 -0.02790853333333332 
    - vertices: p141(v61) p870(v52) p839(v17)
    - neighboring facets: f220 f377 f501
    - ridges:
- f265
    - flags: top simplicial
    - normal:   -0.1127    0.743  -0.6597
    - offset: -0.1499915
    - vertices: p442(v62) p827(v40) p134(v6)
    - neighboring facets: f153 f413 f266
- f266
    - flags: bottom simplicial
    - normal:   -0.3047   0.7322  -0.6092
    - offset: -0.1479117
    - vertices: p442(v62) p827(v40) p794(v22)
    - neighboring facets: f155 f268 f265
- f268
    - flags: top simplicial
    - normal:   0.01378   0.9576  -0.2877
    - offset: -0.1414429
    - center: -0.01198108 0.122335 -0.08500296666666667 
    - vertices: p442(v62) p617(v44) p794(v22)
    - neighboring facets: f278 f266 f415
- f278
    - flags: bottom simplicial tested
    - normal:   0.03197   0.9822  -0.1849
    - offset: -0.1356573
    - center: 0.005147553333333331 0.123376 -0.07739773333333333 
    - vertices: p310(v64) p617(v44) p794(v22)
    - neighboring facets: f268 f382 f421
- f283
    - flags: bottom simplicial
    - normal:   -0.6868   0.7227   0.0777
    - offset: -0.1083259
    - center: -0.03578916666666666 0.1214223333333333 -0.05150503333333334 
    - vertices: p944(v65) p418(v38) p20(v2)
    - neighboring facets: f261 f384 f285
- f285
    - flags: top simplicial
    - normal:   -0.9832   0.1725  0.06061
    - offset: -0.05459668
    - vertices: p944(v65) p418(v38) p574(v20)
    - neighboring facets: f321 f286 f283
- f286
    - flags: bottom simplicial
    - normal:   -0.9417   0.3235 -0.09246
    - offset: -0.0801396
    - center: -0.03819533333333333 0.1193883333333333 -0.0599651 
    - vertices: p944(v65) p192(v45) p574(v20)
    - neighboring facets: f291 f285 f385
- f287
    - flags: bottom simplicial
    - normal:   -0.5908   0.7798  -0.2072
    - offset: -0.1285154
    - center: -0.03255126666666668 0.121218 -0.07123980000000001 
    - vertices: p709(v66) p192(v45) p794(v22)
    - neighboring facets: f383 f288 f291
- f288
    - flags: bottom simplicial
    - normal:   -0.7745   0.3108   -0.551
    - offset: -0.1032084
    - vertices: p709(v66) p794(v22) p289(v10)
    - neighboring facets: f155 f375 f287
- f290
    - flags: bottom simplicial
    - normal:   -0.9212   0.1663  -0.3517
    - offset: -0.07649977
    - vertices: p709(v66) p541(v37) p574(v20)
    - neighboring facets: f253 f291 f376
- f291
    - flags: top simplicial
    - normal:   -0.8905   0.3309  -0.3123
    - offset: -0.09237436
    - vertices: p709(v66) p192(v45) p574(v20)
    - neighboring facets: f286 f290 f287
- f293
    - flags: bottom simplicial
    - normal:    0.9264  0.08848    0.366
    - offset: -0.02791253
    - center: 0.03553313333333334 0.07803753666666666 -0.03254013333333333 
    - vertices: p35(v67) p826(v46) p864(v9)
    - neighboring facets: f184 f392 f400
- f296
    - flags: top simplicial tested
    - normal:    0.6088    0.556   0.5659
    - offset: -0.0655195
    - center: 0.03020933333333332 0.1185933333333333 -0.03323373333333333 
    - vertices: p8(v68) p826(v46) p286(v5)
    - neighboring facets: f184 f455 f401
- f302
    - flags: top simplicial tested
    - normal:   -0.3574  -0.9311   0.0724
    - offset: -0.03277835
    - center: -0.01093059 -0.0341085 -0.03989276666666667 
    - vertices: p652(v69) p965(v24) p143(v3)
    - neighboring facets: f85 f405 f303
- f303
    - flags: top simplicial tested
    - normal:    -0.212  -0.9754  0.06103
    - offset: -0.03429835
    - center: -0.005638986666666668 -0.0380411 -0.06555303333333333 
    - vertices: p652(v69) p778(v63) p965(v24)
    - neighboring facets: f474 f302 f407
- f306
    - flags: bottom simplicial
    - normal:     0.313   0.1232  -0.9417
    - offset: -0.1054893
    - vertices: p759(v70) p634(v48) p134(v6)
    - neighboring facets: f194 f414 f307
- f307
    - flags: top simplicial
    - normal:    0.4218   0.1394  -0.8959
    - offset: -0.1051475
    - vertices: p759(v70) p634(v48) p167(v26)
    - neighboring facets: f465 f425 f306
- f313
    - flags: top simplicial
    - normal:    0.8827   0.1278  -0.4522
    - offset: -0.07840905
    - center: 0.03406806666666667 0.08211382666666667 -0.08368653333333333 
    - vertices: p535(v71) p634(v48) p125(v11)
    - neighboring facets: f198 f419 f424
- f317
    - flags: top simplicial tested seen
    - normal:   -0.9645  -0.1241    0.233
    - offset: -0.02996933
    - center: -0.03438376666666667 -0.004273866666666667 -0.01598996666666666 
    - vertices: p887(v72) p427(v49) p914(v8)
    - neighboring facets: f325 f494 f318
    - ridges:
- f318
    - flags: bottom simplicial tested
    - normal:   -0.8217  -0.3357   0.4606
    - offset: -0.02238886
    - center: -0.03159833333333333 -0.01204128333333333 -0.0165345 
    - vertices: p887(v72) p427(v49) p513(v27)
    - neighboring facets: f200 f320 f317
- f320
    - flags: bottom simplicial tested seen
    - normal:   -0.6231  -0.2823   0.7294
    - offset: -0.01172207
    - center: -0.02759323333333333 -0.01819718 -0.01454453333333333 
    - vertices: p887(v72) p513(v27) p143(v3)
    - neighboring facets: f98 f495 f318
    - ridges:
- f321
    - flags: bottom simplicial
    - normal:   -0.9867   0.1498  0.06261
    - offset: -0.05194029
    - vertices: p926(v73) p418(v38) p574(v20)
    - neighboring facets: f285 f322 f324
- f322
    - flags: bottom simplicial
    - normal:   -0.9991 0.0008575   0.0414
    - offset: -0.03610176
    - vertices: p926(v73) p574(v20) p569(v0)
    - neighboring facets: f252 f323 f321
- f323
    - flags: top simplicial
    - normal:   -0.9974 -0.01026  0.07157
    - offset: -0.03329626
    - vertices: p926(v73) p427(v49) p569(v0)
    - neighboring facets: f209 f322 f325
- f324
    - flags: top simplicial
    - normal:   -0.9671  0.04153    0.251
    - offset: -0.02956973
    - vertices: p926(v73) p418(v38) p914(v8)
    - neighboring facets: f380 f325 f321
- f325
    - flags: bottom simplicial
    - normal:   -0.9964 -0.007289   0.0848
    - offset: -0.03296997
    - vertices: p926(v73) p427(v49) p914(v8)
    - neighboring facets: f317 f324 f323
- f326
    - flags: bottom simplicial
    - normal:   -0.8744  -0.4726   0.1102
    - offset: -0.03261715
    - vertices: p901(v74) p513(v27) p838(v16)
    - neighboring facets: f200 f327 f328
- f327
    - flags: top simplicial
    - normal:   -0.8785  -0.4727  0.06999
    - offset: -0.03359146
    - vertices: p901(v74) p225(v50) p838(v16)
    - neighboring facets: f210 f326 f328
- f328
    - flags: bottom simplicial
    - normal:   -0.8017  -0.5944  0.06262
    - offset: -0.03448927
    - vertices: p901(v74) p225(v50) p513(v27)
    - neighboring facets: f205 f326 f327
- f330
    - flags: bottom simplicial
    - normal:   -0.9384  -0.3397 -0.06377
    - offset: -0.04380507
    - vertices: p80(v75) p225(v50) p569(v0)
    - neighboring facets: f209 f428 f331
- f331
    - flags: top simplicial
    - normal:    -0.846  -0.4811  -0.2297
    - offset: -0.05803047
    - center: -0.0326929 -0.01985256666666666 -0.0906436 
    - vertices: p80(v75) p225(v50) p524(v28)
    - neighboring facets: f207 f433 f330
- f335
    - flags: bottom simplicial tested seen
    - normal:   -0.0566 -0.006616  -0.9984
    - offset: -0.1005807
    - center: -0.02996803333333333 -0.001717216666666667 -0.09903410000000001 
    - vertices: p446(v76) p54(v51) p417(v21)
    - neighboring facets: f213 f485 f431
    - ridges:
- f348
    - flags: top simplicial tested seen
    - normal:    0.7083  -0.6258   0.3264
    - offset: -0.0266405
    - center: 0.02438073333333333 -0.02373703333333333 -0.01680343333333333 
    - vertices: p633(v79) p38(v53) p862(v19)
    - neighboring facets: f440 f496 f354
    - ridges:
- f350
    - flags: top simplicial tested seen
    - normal:   0.07671 -0.02166   0.9968
    - offset: 0.01136299
    - center: 0.03316086666666666 -0.005110666666666666 -0.01406203333333333 
    - vertices: p633(v79) p670(v56) p864(v9)
    - neighboring facets: f241 f353 f493
    - ridges:
- f353
    - flags: top simplicial
    - normal:    0.7616   -0.325   0.5607
    - offset: -0.01976575
    - vertices: p739(v80) p633(v79) p864(v9)
    - neighboring facets: f350 f361 f354
- f354
    - flags: bottom simplicial
    - normal:    0.8311  -0.5022   0.2391
    - offset: -0.02930695
    - vertices: p739(v80) p633(v79) p38(v53)
    - neighboring facets: f348 f450 f353
- f355
    - flags: bottom simplicial
    - normal:   0.04114 -0.06224  -0.9972
    - offset: -0.1010834
    - vertices: p728(v81) p687(v34) p97(v7)
    - neighboring facets: f137 f356 f357
- f356
    - flags: top simplicial
    - normal:   0.02056 -0.03513  -0.9992
    - offset: -0.1002122
    - vertices: p728(v81) p363(v55) p97(v7)
    - neighboring facets: f233 f355 f357
- f357
    - flags: bottom simplicial
    - normal:   0.05392 -0.07082   -0.996
    - offset: -0.1015089
    - vertices: p728(v81) p363(v55) p687(v34)
    - neighboring facets: f480 f355 f356
- f358
    - flags: bottom simplicial
    - normal:    0.9372  -0.1231  -0.3262
    - offset: -0.06725939
    - vertices: p824(v82) p363(v55) p621(v1)
    - neighboring facets: f236 f360 f359
- f359
    - flags: top simplicial
    - normal:    0.9149  -0.3477   -0.205
    - offset: -0.05706158
    - vertices: p824(v82) p363(v55) p686(v54)
    - neighboring facets: f478 f362 f358
- f360
    - flags: top simplicial
    - normal:    0.9959 -0.07536  0.04983
    - offset: -0.03509896
    - vertices: p824(v82) p864(v9) p621(v1)
    - neighboring facets: f394 f358 f361
- f361
    - flags: top simplicial
    - normal:     0.985  -0.1632  0.05644
    - offset: -0.03472474
    - vertices: p824(v82) p739(v80) p864(v9)
    - neighboring facets: f353 f360 f362
- f362
    - flags: bottom simplicial
    - normal:    0.9802  -0.1898  0.05558
    - offset: -0.03481589
    - vertices: p824(v82) p739(v80) p686(v54)
    - neighboring facets: f451 f359 f361
- f364
    - flags: bottom simplicial tested
    - normal:    0.3819   0.1382   0.9138
    - offset: -0.0008547895
    - center: 0.02139658333333333 0.07836766333333332 -0.01986063333333334 
    - vertices: p392(v83) p670(v56) p286(v5)
    - neighboring facets: f241 f452 f365
- f365
    - flags: top simplicial tested seen
    - normal:    0.1839  0.08524   0.9793
    - offset: 0.007082312
    - center: 0.02177151666666667 0.04558326333333333 -0.0152878 
    - vertices: p392(v83) p670(v56) p934(v35)
    - neighboring facets: f492 f366 f364
    - ridges:
- f366
    - flags: top simplicial tested
    - normal:   0.07746  0.05954   0.9952
    - offset:  0.0106867
    - center: 0.009389690000000001 0.08401093333333333 -0.01649463333333333 
    - vertices: p392(v83) p934(v35) p731(v31)
    - neighboring facets: f369 f453 f365
- f368
    - flags: bottom simplicial tested seen
    - normal:  -0.005267  0.01473   0.9999
    - offset: 0.01383859
    - center: -0.0071028 0.01564168333333333 -0.0141081 
    - vertices: p316(v84) p84(v57) p914(v8)
    - neighboring facets: f245 f497 f370
    - ridges:
- f369
    - flags: bottom simplicial tested seen
    - normal:  0.004035  0.03773   0.9993
    - offset: 0.01315492
    - center: 0.01631034 0.05235346666666666 -0.01520683333333333 
    - vertices: p316(v84) p934(v35) p731(v31)
    - neighboring facets: f366 f370 f491
    - ridges:
- f370
    - flags: top simplicial tested
    - normal:  0.0004705  0.03676   0.9993
    - offset: 0.01326102
    - center: 0.003488506666666666 0.055545 -0.01531493333333333 
    - vertices: p316(v84) p84(v57) p731(v31)
    - neighboring facets: f245 f369 f368
- f371
    - flags: top simplicial
    - normal:   -0.7684   0.1364  -0.6253
    - offset: -0.08884317
    - vertices: p935(v85) p89(v59) p892(v39)
    - neighboring facets: f255 f373 f374
- f372
    - flags: top simplicial
    - normal:   -0.6954    0.162  -0.7002
    - offset: -0.09594701
    - vertices: p935(v85) p827(v40) p289(v10)
    - neighboring facets: f155 f375 f373
- f373
    - flags: bottom simplicial
    - normal:   -0.6899   0.1413  -0.7099
    - offset: -0.09426215
    - vertices: p935(v85) p827(v40) p892(v39)
    - neighboring facets: f157 f371 f372
- f374
    - flags: bottom simplicial
    - normal:   -0.8261    0.135  -0.5471
    - offset: -0.08377835
    - vertices: p935(v85) p89(v59) p541(v37)
    - neighboring facets: f253 f376 f371
- f375
    - flags: bottom simplicial
    - normal:   -0.7936   0.2268  -0.5646
    - offset: -0.09475837
    - vertices: p935(v85) p709(v66) p289(v10)
    - neighboring facets: f288 f372 f376
- f376
    - flags: top simplicial
    - normal:   -0.8232   0.1627  -0.5439
    - offset: -0.08658327
    - vertices: p935(v85) p709(v66) p541(v37)
    - neighboring facets: f290 f374 f375
- f377
    - flags: top simplicial
    - normal:   -0.5204     0.58   0.6267
    - offset: -0.06468956
    - vertices: p307(v86) p141(v61) p839(v17)
    - neighboring facets: f264 f379 f461
- f379
    - flags: top simplicial
    - normal:   -0.6791   0.1312   0.7222
    - offset: -0.01297825
    - vertices: p307(v86) p839(v17) p914(v8)
    - neighboring facets: f113 f380 f377
- f380
    - flags: bottom simplicial
    - normal:   -0.8956  0.09264   0.4351
    - offset: -0.02446969
    - vertices: p307(v86) p418(v38) p914(v8)
    - neighboring facets: f324 f379 f460
- f382
    - flags: bottom simplicial tested seen
    - normal:  -0.007809   0.9986 -0.05159
    - offset: -0.1278805
    - center: -0.008540066666666667 0.1245513333333333 -0.06652216666666666 
    - vertices: p845(v87) p310(v64) p794(v22)
    - neighboring facets: f278 f383 f503
    - ridges:
- f383
    - flags: top simplicial tested
    - normal:   -0.5403   0.8241    -0.17
    - offset: -0.1296723
    - center: -0.03200626666666666 0.1228846666666667 -0.0653319 
    - vertices: p845(v87) p192(v45) p794(v22)
    - neighboring facets: f287 f382 f385
- f384
    - flags: bottom simplicial tested seen
    - normal:   -0.6784   0.7316  0.06712
    - offset: -0.1097006
    - center: -0.03405706666666667 0.1233333333333333 -0.05416606666666666 
    - vertices: p845(v87) p944(v65) p20(v2)
    - neighboring facets: f283 f504 f385
    - ridges:
- f385
    - flags: top simplicial tested
    - normal:   -0.6218   0.7808 -0.06105
    - offset: -0.1209765
    - center: -0.03610263333333334 0.1216666666666667 -0.05782186666666667 
    - vertices: p845(v87) p944(v65) p192(v45)
    - neighboring facets: f286 f383 f384
- f386
    - flags: bottom simplicial tested
    - normal:    0.8305   0.4942   -0.257
    - offset: -0.1064581
    - center: 0.03593866666666667 0.1216666666666667 -0.0641297 
    - vertices: p262(v88) p646(v23) p125(v11)
    - neighboring facets: f81 f418 f403
- f392
    - flags: bottom simplicial
    - normal:    0.9932  0.01676   0.1153
    - offset: -0.03395445
    - vertices: p439(v89) p35(v67) p864(v9)
    - neighboring facets: f293 f394 f393
- f393
    - flags: top simplicial
    - normal:    0.9964  0.04796  0.06926
    - offset: -0.03992689
    - center: 0.03807506666666667 0.1169476666666667 -0.0522863 
    - vertices: p439(v89) p35(v67) p646(v23)
    - neighboring facets: f402 f395 f392
- f394
    - flags: bottom simplicial
    - normal:    0.9986 -0.003041  0.05207
    - offset: -0.03507288
    - vertices: p439(v89) p864(v9) p621(v1)
    - neighboring facets: f360 f395 f392
- f395
    - flags: top simplicial
    - normal:    0.9993 0.002091   0.0383
    - offset: -0.03636769
    - vertices: p439(v89) p646(v23) p621(v1)
    - neighboring facets: f81 f394 f393
- f397
    - flags: bottom simplicial tested seen
    - normal:    0.5505   0.8157   0.1776
    - offset: -0.1104578
    - center: 0.03285133333333334 0.1241423333333333 -0.05003953333333333 
    - vertices: p943(v90) p262(v88) p883(v43)
    - neighboring facets: f505 f458 f403
    - ridges:
- f400
    - flags: top simplicial tested
    - normal:    0.8341   0.4651   0.2965
    - offset: -0.0718736
    - center: 0.03440293333333334 0.119271 -0.04146769999999999 
    - vertices: p943(v90) p35(v67) p826(v46)
    - neighboring facets: f293 f401 f402
- f401
    - flags: bottom simplicial tested
    - normal:    0.6873   0.5938   0.4184
    - offset: -0.07786361
    - center: 0.03236303333333333 0.1202076666666667 -0.0376505 
    - vertices: p943(v90) p8(v68) p826(v46)
    - neighboring facets: f296 f400 f456
- f402
    - flags: bottom simplicial tested
    - normal:     0.799   0.5726   0.1834
    - offset: -0.08853591
    - center: 0.03620656666666667 0.1198723333333333 -0.04929183333333333 
    - vertices: p943(v90) p35(v67) p646(v23)
    - neighboring facets: f393 f403 f400
- f403
    - flags: top simplicial tested
    - normal:    0.7903   0.5861   0.1787
    - offset: -0.09009294
    - center: 0.03530056666666668 0.1224756666666667 -0.05366256666666667 
    - vertices: p943(v90) p262(v88) p646(v23)
    - neighboring facets: f386 f402 f397
- f405
    - flags: top simplicial tested seen
    - normal:  -0.07268  -0.4255    0.902
    - offset: -0.000756184
    - center: -0.00869179 -0.03151736666666666 -0.0147305 
    - vertices: p801(v91) p652(v69) p143(v3)
    - neighboring facets: f302 f495 f406
    - ridges:
- f406
    - flags: bottom simplicial tested seen
    - normal:  -0.01668  -0.4269   0.9041
    - offset: -0.0006771899
    - center: 0.00418271 -0.03294426666666667 -0.0147305 
    - vertices: p801(v91) p652(v69) p862(v19)
    - neighboring facets: f462 f496 f405
    - ridges:
- f407
    - flags: bottom simplicial
    - normal:   0.01364  -0.9988  0.04667
    - offset: -0.03498727
    - vertices: p205(v92) p652(v69) p778(v63)
    - neighboring facets: f303 f409 f464
- f408
    - flags: top simplicial
    - normal:    0.2223  -0.9453  -0.2387
    - offset: -0.05984454
    - vertices: p205(v92) p593(v58) p97(v7)
    - neighboring facets: f248 f409 f412
- f409
    - flags: bottom simplicial
    - normal:   0.03915  -0.9892  -0.1415
    - offset: -0.0515542
    - center: 0.0007916333333333336 -0.03878456666666667 -0.09298226666666666 
    - vertices: p205(v92) p778(v63) p97(v7)
    - neighboring facets: f471 f408 f407
- f411
    - flags: bottom simplicial
    - normal:    0.3237  -0.9446  0.05418
    - offset: -0.0344843
    - vertices: p205(v92) p147(v36) p862(v19)
    - neighboring facets: f442 f463 f412
- f412
    - flags: bottom simplicial
    - normal:    0.2433  -0.9487  -0.2021
    - offset: -0.05687074
    - vertices: p205(v92) p593(v58) p147(v36)
    - neighboring facets: f248 f411 f408
- f413
    - flags: top simplicial
    - normal:  0.004763   0.9146  -0.4044
    - offset: -0.1465023
    - vertices: p217(v93) p442(v62) p134(v6)
    - neighboring facets: f265 f414 f415
- f414
    - flags: bottom simplicial
    - normal:   0.03604   0.8794  -0.4747
    - offset: -0.1491704
    - vertices: p217(v93) p759(v70) p134(v6)
    - neighboring facets: f306 f413 f416
- f415
    - flags: bottom simplicial
    - normal:   0.01352   0.9415  -0.3367
    - offset: -0.1437404
    - vertices: p217(v93) p442(v62) p617(v44)
    - neighboring facets: f268 f416 f413
- f416
    - flags: top simplicial
    - normal:   0.02414   0.9478  -0.3179
    - offset: -0.1429636
    - center: 0.01411375333333333 0.1204913333333333 -0.08939966666666667 
    - vertices: p217(v93) p759(v70) p617(v44)
    - neighboring facets: f422 f415 f414
- f417
    - flags: top simplicial tested seen
    - normal:    0.3965   0.8668  -0.3024
    - offset: -0.1405885
    - center: 0.03158136666666667 0.1239573333333333 -0.0681889 
    - vertices: p773(v94) p262(v88) p310(v64)
    - neighboring facets: f500 f421 f418
    - ridges:
- f418
    - flags: bottom simplicial tested
    - normal:    0.5642   0.7474  -0.3509
    - offset: -0.1344728
    - center: 0.03222033333333334 0.1222906666666667 -0.07096433333333335 
    - vertices: p773(v94) p262(v88) p125(v11)
    - neighboring facets: f386 f419 f417
- f419
    - flags: top simplicial tested
    - normal:    0.6567    0.581  -0.4809
    - offset: -0.1270926
    - center: 0.03079383333333334 0.119855 -0.07744316666666666 
    - vertices: p773(v94) p535(v71) p125(v11)
    - neighboring facets: f313 f418 f420
- f420
    - flags: bottom simplicial tested
    - normal:    0.5739   0.5229  -0.6302
    - offset: -0.1296814
    - center: 0.02503343333333331 0.119855 -0.08353243333333332 
    - vertices: p773(v94) p535(v71) p759(v70)
    - neighboring facets: f426 f422 f419
- f421
    - flags: top simplicial tested
    - normal:   0.06027   0.9752  -0.2131
    - offset: -0.1375005
    - center: 0.02284028666666667 0.122782 -0.07691550000000001 
    - vertices: p773(v94) p310(v64) p617(v44)
    - neighboring facets: f278 f422 f417
- f422
    - flags: bottom simplicial tested
    - normal:   0.06736   0.9705  -0.2314
    - offset: -0.1385897
    - center: 0.01771885333333333 0.1211153333333333 -0.08578019999999999 
    - vertices: p773(v94) p759(v70) p617(v44)
    - neighboring facets: f416 f421 f420
- f424
    - flags: bottom simplicial
    - normal:    0.7497   0.1525   -0.644
    - offset: -0.09259285
    - vertices: p651(v95) p535(v71) p634(v48)
    - neighboring facets: f313 f467 f426
- f425
    - flags: top simplicial
    - normal:    0.5941   0.4241  -0.6835
    - offset: -0.1229993
    - vertices: p651(v95) p759(v70) p167(v26)
    - neighboring facets: f307 f466 f426
- f426
    - flags: top simplicial
    - normal:    0.5913   0.4508  -0.6686
    - offset:  -0.124813
    - vertices: p651(v95) p535(v71) p759(v70)
    - neighboring facets: f420 f425 f424
- f427
    - flags: top simplicial
    - normal:   -0.7876 -0.09647  -0.6086
    - offset: -0.08712045
    - vertices: p278(v96) p54(v51) p569(v0)
    - neighboring facets: f254 f428 f429
- f428
    - flags: bottom simplicial
    - normal:   -0.7938  -0.1425  -0.5913
    - offset: -0.08585727
    - vertices: p278(v96) p80(v75) p569(v0)
    - neighboring facets: f330 f427 f429
- f429
    - flags: top simplicial
    - normal:   -0.7802  -0.1358  -0.6106
    - offset: -0.08711243
    - vertices: p278(v96) p80(v75) p54(v51)
    - neighboring facets: f430 f427 f428
- f430
    - flags: bottom simplicial
    - normal:   -0.6268  -0.2064  -0.7513
    - offset: -0.09586115
    - vertices: p986(v97) p80(v75) p54(v51)
    - neighboring facets: f429 f431 f432
- f431
    - flags: top simplicial
    - normal:   -0.5365  -0.1984  -0.8202
    - offset: -0.09958085
    - vertices: p986(v97) p446(v76) p54(v51)
    - neighboring facets: f335 f430 f432
- f432
    - flags: bottom simplicial
    - normal:   -0.5908  -0.2211  -0.7759
    - offset: -0.09709745
    - center: -0.03163560000000001 -0.01278931 -0.09740366666666668 
    - vertices: p986(v97) p446(v76) p80(v75)
    - neighboring facets: f434 f430 f431
- f433
    - flags: top simplicial tested
    - normal:   -0.7572  -0.4604  -0.4633
    - offset: -0.07664659
    - center: -0.02993439999999999 -0.02195383333333333 -0.0946922 
    - vertices: p889(v98) p80(v75) p524(v28)
    - neighboring facets: f331 f435 f434
- f434
    - flags: top simplicial tested
    - normal:   -0.6848  -0.3889  -0.6163
    - offset: -0.0875734
    - center: -0.02843983333333334 -0.02186186666666667 -0.09669653333333335 
    - vertices: p889(v98) p446(v76) p80(v75)
    - neighboring facets: f432 f433 f469
- f435
    - flags: top simplicial tested
    - normal:   -0.7628  -0.4963  -0.4144
    - offset: -0.07310929
    - center: -0.02703713333333333 -0.02738583333333333 -0.09384536666666667 
    - vertices: p889(v98) p524(v28) p720(v12)
    - neighboring facets: f207 f472 f433
- f440
    - flags: bottom simplicial
    - normal:    0.6571  -0.7448   0.1159
    - offset: -0.03256291
    - vertices: p603(v99) p38(v53) p862(v19)
    - neighboring facets: f348 f442 f441
- f441
    - flags: bottom simplicial
    - normal:    0.6498   -0.757  0.06859
    - offset: -0.03368798
    - vertices: p603(v99) p480(v78) p38(v53)
    - neighboring facets: f446 f440 f443
- f442
    - flags: top simplicial
    - normal:    0.4531  -0.8898  0.05499
    - offset: -0.03478555
    - vertices: p603(v99) p147(v36) p862(v19)
    - neighboring facets: f411 f440 f443
- f443
    - flags: top simplicial
    - normal:    0.4768  -0.8773  0.05463
    - offset: -0.0348018
    - vertices: p603(v99) p480(v78) p147(v36)
    - neighboring facets: f445 f442 f441
- f445
    - flags: bottom simplicial
    - normal:    0.6053  -0.7841  -0.1371
    - offset: -0.0515135
    - vertices: p270(v100) p480(v78) p147(v36)
    - neighboring facets: f443 f479 f446
- f446
    - flags: top simplicial
    - normal:    0.6669  -0.7423  0.06495
    - offset: -0.0339251
    - vertices: p270(v100) p480(v78) p38(v53)
    - neighboring facets: f441 f475 f445
- f450
    - flags: bottom simplicial
    - normal:    0.8588  -0.4856   0.1629
    - offset: -0.03143193
    - vertices: p878(v101) p739(v80) p38(v53)
    - neighboring facets: f354 f482 f451
- f451
    - flags: top simplicial
    - normal:    0.9214  -0.3847   0.0558
    - offset: -0.03452968
    - vertices: p878(v101) p739(v80) p686(v54)
    - neighboring facets: f362 f477 f450
- f452
    - flags: bottom simplicial tested
    - normal:    0.3766    0.168    0.911
    - offset: -0.004292098
    - center: 0.01470918333333333 0.11903 -0.02331586666666667 
    - vertices: p749(v102) p392(v83) p286(v5)
    - neighboring facets: f364 f455 f453
- f453
    - flags: top simplicial tested
    - normal:    0.2372   0.3188   0.9176
    - offset: -0.02095557
    - center: 0.005208489999999999 0.1192673333333333 -0.01994986666666667 
    - vertices: p749(v102) p392(v83) p731(v31)
    - neighboring facets: f366 f454 f452
- f454
    - flags: bottom simplicial tested seen
    - normal:   0.04807   0.6449   0.7627
    - offset: -0.0627317
    - center: 0.004398336666666666 0.1227653333333333 -0.0218341 
    - vertices: p749(v102) p870(v52) p731(v31)
    - neighboring facets: f220 f453 f501
    - ridges:
- f455
    - flags: top simplicial tested
    - normal:    0.5621    0.616   0.5519
    - offset: -0.07174517
    - center: 0.02406916666666668 0.1208613333333333 -0.02940469999999999 
    - vertices: p749(v102) p8(v68) p286(v5)
    - neighboring facets: f296 f452 f456
- f456
    - flags: top simplicial tested
    - normal:    0.5247   0.7205   0.4534
    - offset: -0.08666179
    - center: 0.02622286666666667 0.1224756666666667 -0.03382146666666667 
    - vertices: p749(v102) p943(v90) p8(v68)
    - neighboring facets: f401 f455 f458
- f458
    - flags: bottom simplicial tested seen
    - normal:    0.3561   0.9021   0.2436
    - offset: -0.1120258
    - center: 0.02604053333333333 0.1241423333333333 -0.0379302 
    - vertices: p749(v102) p943(v90) p883(v43)
    - neighboring facets: f397 f505 f456
    - ridges:
- f459
    - flags: bottom simplicial
    - normal:   -0.6886   0.6523   0.3167
    - offset: -0.08894678
    - vertices: p900(v103) p141(v61) p418(v38)
    - neighboring facets: f261 f460 f461
- f460
    - flags: top simplicial
    - normal:   -0.8161   0.4187   0.3983
    - offset: -0.06208369
    - vertices: p900(v103) p307(v86) p418(v38)
    - neighboring facets: f380 f459 f461
- f461
    - flags: bottom simplicial
    - normal:   -0.6618   0.6182   0.4241
    - offset: -0.08025112
    - vertices: p900(v103) p307(v86) p141(v61)
    - neighboring facets: f377 f459 f460
- f462
    - flags: top simplicial
    - normal:    0.1933  -0.9637   0.1842
    - offset: -0.03119669
    - vertices: p207(v104) p652(v69) p862(v19)
    - neighboring facets: f406 f463 f464
- f463
    - flags: bottom simplicial
    - normal:     0.316  -0.9471   0.0553
    - offset: -0.03442703
    - vertices: p207(v104) p205(v92) p862(v19)
    - neighboring facets: f411 f462 f464
- f464
    - flags: top simplicial
    - normal:      0.11  -0.9922  0.05837
    - offset: -0.03439721
    - vertices: p207(v104) p205(v92) p652(v69)
    - neighboring facets: f407 f462 f463
- f465
    - flags: bottom simplicial
    - normal:    0.6293   0.1596  -0.7606
    - offset: -0.09968229
    - vertices: p831(v105) p634(v48) p167(v26)
    - neighboring facets: f307 f466 f467
- f466
    - flags: top simplicial
    - normal:    0.6381   0.1823  -0.7481
    - offset: -0.1013977
    - vertices: p831(v105) p651(v95) p167(v26)
    - neighboring facets: f425 f465 f467
- f467
    - flags: bottom simplicial
    - normal:    0.6433   0.1603  -0.7487
    - offset: -0.09902977
    - vertices: p831(v105) p651(v95) p634(v48)
    - neighboring facets: f424 f465 f466
- f468
    - flags: bottom simplicial tested seen
    - normal:   -0.2428  -0.4132  -0.8777
    - offset: -0.1028275
    - center: -0.01757552666666667 -0.02984850000000001 -0.09824550000000001 
    - vertices: p174(v106) p446(v76) p361(v42)
    - neighboring facets: f487 f470 f469
    - ridges:
- f469
    - flags: bottom simplicial tested
    - normal:    -0.278  -0.4263  -0.8608
    - offset: -0.1023551
    - center: -0.02359113333333334 -0.02805960000000001 -0.09739133333333334 
    - vertices: p174(v106) p889(v98) p446(v76)
    - neighboring facets: f434 f468 f472
- f470
    - flags: bottom simplicial tested
    - normal:    -0.259  -0.6757  -0.6902
    - offset: -0.09340297
    - center: -0.008497180000000003 -0.0347025 -0.09817053333333334 
    - vertices: p174(v106) p361(v42) p97(v7)
    - neighboring facets: f233 f471 f468
- f471
    - flags: top simplicial tested
    - normal:   -0.2793   -0.842  -0.4616
    - offset: -0.07705845
    - center: -0.008659383333333338 -0.03631790000000001 -0.09544746666666666 
    - vertices: p174(v106) p778(v63) p97(v7)
    - neighboring facets: f409 f470 f474
- f472
    - flags: top simplicial tested
    - normal:   -0.5548  -0.7675  -0.3211
    - offset: -0.06692857
    - center: -0.0240712 -0.0300796 -0.09494519999999999 
    - vertices: p174(v106) p889(v98) p720(v12)
    - neighboring facets: f435 f473 f469
- f473
    - flags: bottom simplicial tested
    - normal:   -0.4442  -0.8877  -0.1213
    - offset: -0.04914775
    - center: -0.01873456 -0.0333404 -0.0925783 
    - vertices: p174(v106) p965(v24) p720(v12)
    - neighboring facets: f85 f472 f474
- f474
    - flags: bottom simplicial tested
    - normal:   -0.4167  -0.8919  -0.1754
    - offset: -0.05392658
    - center: -0.01206639 -0.03666766666666666 -0.09230136666666666 
    - vertices: p174(v106) p778(v63) p965(v24)
    - neighboring facets: f303 f473 f471
- f475
    - flags: top simplicial
    - normal:    0.7435  -0.6664   0.0566
    - offset: -0.03458292
    - vertices: p540(v107) p270(v100) p38(v53)
    - neighboring facets: f446 f483 f479
- f477
    - flags: top simplicial
    - normal:      0.89  -0.4532  0.05079
    - offset: -0.03446905
    - vertices: p540(v107) p878(v101) p686(v54)
    - neighboring facets: f451 f478 f484
- f478
    - flags: bottom simplicial
    - normal:    0.8956  -0.4009  -0.1926
    - offset: -0.05576218
    - vertices: p540(v107) p363(v55) p686(v54)
    - neighboring facets: f359 f477 f480
- f479
    - flags: bottom simplicial
    - normal:    0.6155  -0.7429  -0.2632
    - offset: -0.06188302
    - vertices: p540(v107) p270(v100) p147(v36)
    - neighboring facets: f445 f481 f475
- f480
    - flags: top simplicial
    - normal:    0.6652  -0.5151  -0.5406
    - offset: -0.08336593
    - vertices: p540(v107) p363(v55) p687(v34)
    - neighboring facets: f357 f481 f478
- f481
    - flags: bottom simplicial
    - normal:    0.5816  -0.6962  -0.4208
    - offset: -0.07417717
    - vertices: p540(v107) p147(v36) p687(v34)
    - neighboring facets: f137 f480 f479
- f482
    - flags: bottom simplicial
    - normal:    0.8678  -0.4853   0.1067
    - offset: -0.0329366
    - vertices: p477(v108) p878(v101) p38(v53)
    - neighboring facets: f450 f483 f484
- f483
    - flags: top simplicial
    - normal:    0.8594  -0.5082  0.05654
    - offset: -0.03433403
    - vertices: p477(v108) p540(v107) p38(v53)
    - neighboring facets: f475 f482 f484
- f484
    - flags: bottom simplicial
    - normal:    0.8833  -0.4659   0.0531
    - offset: -0.03435825
    - vertices: p477(v108) p540(v107) p878(v101)
    - neighboring facets: f477 f482 f483
- f485
    - flags: top simplicial tricoplanar keepcentrum
    - owner of normal & centrum is facet f485
    - normal:         0       -0       -1
    - offset:   -0.09915
    - center: 0.004561503333333334 -0.002917314333333332 -0.09915 
    - vertices: p446(v76) p428(v41) p417(v21)
    - neighboring facets: f159 f335 f486
- f486
    - flags: bottom simplicial tricoplanar
    - owner of normal & centrum is facet f485
    - normal:         0       -0       -1
    - offset:   -0.09915
    - center: 0.004561503333333334 -0.002917314333333332 -0.09915 
    - vertices: p446(v76) p428(v41) p726(v14)
    - neighboring facets: f193 f488 f485
- f487
    - flags: bottom simplicial tricoplanar
    - owner of normal & centrum is facet f485
    - normal:         0       -0       -1
    - offset:   -0.09915
    - center: 0.004561503333333334 -0.002917314333333332 -0.09915 
    - vertices: p446(v76) p363(v55) p361(v42)
    - neighboring facets: f233 f468 f488
- f488
    - flags: top simplicial tricoplanar
    - owner of normal & centrum is facet f485
    - normal:         0       -0       -1
    - offset:   -0.09915
    - center: 0.004561503333333334 -0.002917314333333332 -0.09915 
    - vertices: p446(v76) p363(v55) p726(v14)
    - neighboring facets: f234 f486 f487
- f491
    - flags: top simplicial tricoplanar keepcentrum
    - owner of normal & centrum is facet f491
    - normal:        -0       -0        1
    - offset:      0.014
    - center: 0.004240824444444445 -0.007734211111111111 -0.014 
    - vertices: p801(v91) p316(v84) p934(v35)
    - neighboring facets: f369 f492 f497
- f492
    - flags: bottom simplicial tricoplanar
    - owner of normal & centrum is facet f491
    - normal:        -0       -0        1
    - offset:      0.014
    - center: 0.004240824444444445 -0.007734211111111111 -0.014 
    - vertices: p801(v91) p670(v56) p934(v35)
    - neighboring facets: f365 f491 f493
- f493
    - flags: bottom simplicial tricoplanar
    - owner of normal & centrum is facet f491
    - normal:        -0       -0        1
    - offset:      0.014
    - center: 0.004240824444444445 -0.007734211111111111 -0.014 
    - vertices: p801(v91) p633(v79) p670(v56)
    - neighboring facets: f350 f492 f496
- f494
    - flags: top simplicial tricoplanar
    - owner of normal & centrum is facet f491
    - normal:        -0       -0        1
    - offset:      0.014
    - center: 0.004240824444444445 -0.007734211111111111 -0.014 
    - vertices: p801(v91) p887(v72) p914(v8)
    - neighboring facets: f317 f497 f495
- f495
    - flags: bottom simplicial tricoplanar
    - owner of normal & centrum is facet f491
    - normal:        -0       -0        1
    - offset:      0.014
    - center: 0.004240824444444445 -0.007734211111111111 -0.014 
    - vertices: p801(v91) p887(v72) p143(v3)
    - neighboring facets: f320 f405 f494
- f496
    - flags: top simplicial tricoplanar
    - owner of normal & centrum is facet f491
    - normal:        -0       -0        1
    - offset:      0.014
    - center: 0.004240824444444445 -0.007734211111111111 -0.014 
    - vertices: p801(v91) p633(v79) p862(v19)
    - neighboring facets: f348 f406 f493
- f497
    - flags: bottom simplicial tricoplanar
    - owner of normal & centrum is facet f491
    - normal:        -0       -0        1
    - offset:      0.014
    - center: 0.004240824444444445 -0.007734211111111111 -0.014 
    - vertices: p801(v91) p316(v84) p914(v8)
    - neighboring facets: f368 f494 f491
- f500
    - flags: bottom simplicial tricoplanar keepcentrum
    - owner of normal & centrum is facet f500
    - normal:        -0        1        0
    - offset:     -0.125
    - center: 0.002938273749999999  0.125 -0.0449292375 
    - vertices: p749(v102) p262(v88) p310(v64)
    - neighboring facets: f417 f503 f505
- f501
    - flags: bottom simplicial tricoplanar
    - owner of normal & centrum is facet f500
    - normal:        -0        1        0
    - offset:     -0.125
    - center: 0.002938273749999999  0.125 -0.0449292375 
    - vertices: p749(v102) p141(v61) p870(v52)
    - neighboring facets: f264 f454 f502
- f502
    - flags: top simplicial tricoplanar
    - owner of normal & centrum is facet f500
    - normal:        -0        1        0
    - offset:     -0.125
    - center: 0.002938273749999999  0.125 -0.0449292375 
    - vertices: p749(v102) p141(v61) p20(v2)
    - neighboring facets: f261 f504 f501
- f503
    - flags: top simplicial tricoplanar
    - owner of normal & centrum is facet f500
    - normal:        -0        1        0
    - offset:     -0.125
    - center: 0.002938273749999999  0.125 -0.0449292375 
    - vertices: p749(v102) p845(v87) p310(v64)
    - neighboring facets: f382 f500 f504
- f504
    - flags: bottom simplicial tricoplanar
    - owner of normal & centrum is facet f500
    - normal:        -0        1        0
    - offset:     -0.125
    - center: 0.002938273749999999  0.125 -0.0449292375 
    - vertices: p749(v102) p845(v87) p20(v2)
    - neighboring facets: f384 f502 f503
- f505
    - flags: top simplicial tricoplanar
    - owner of normal & centrum is facet f500
    - normal:        -0        1        0
    - offset:     -0.125
    - center: 0.002938273749999999  0.125 -0.0449292375 
    - vertices: p749(v102) p262(v88) p883(v43)
    - neighboring facets: f397 f458 f500
