3
1000 142 213
-0.0074566 0.1205 0.0409434 
0.015075 0.100716 0.0432353 
-0.0156107 0.126756 -0.0259427 
0.0290838 0.0543997 0.0424571 
-0.0221574 0.0381561 0.0571276 
0.00907561 0.06621539999999999 -0.0188326 
-0.0211518 0.128391 0.0139636 
0.0247712 0.08821180000000001 0.0284491 
0.00752621 0.118229 0.0129856 
0.007974510000000001 0.118073 0.0271355 
0.0237613 0.0228092 0.04275 
-0.0229284 0.0588895 0.0571276 
0.0113798 0.0943073 0.0391613 
-0.00439899 -0.0190365 0.04475 
-0.00477168 0.0229257 0.04275 
-0.00658937 0.0115967 -0.00783266 
-0.0116645 0.128856 -0.00191367 
-0.00592775 0.1205 -0.0213842 
-0.0164261 -0.0144868 -0.0152183 
-0.0156933 0.1005 0.0231697 
-0.0034528 0.0477879 0.0648996 
-0.00894738 -0.0120333 -0.00735 
-0.00316365 0.118275 -0.0016412 
-0.0158737 0.0325839 0.0480829 
-0.0205643 0.105384 -0.013 
0.0223277 0.07901039999999999 0.0246158 
-0.012796 0.122284 0.0312241 
-0.0125617 0.1085 0.0373758 
-0.0139503 0.0381217 0.0566052 
-0.0115183  0.115 0.0212979 
0.00483865 0.110297 0.0474061 
0.0225906 0.127027 0.0337681 
0.00125329 0.100619 -0.0268902 
0.0299858 0.1285 -0.010817 
0.00741243 0.12134 0.0179081 
-0.0222157 0.10202 -0.00599569 
-0.0134544 0.0481197 0.055529 
0.0247795 0.0692957 -0.000859711 
-0.0193533 0.117023 0.026368 
-0.0255007 0.0532122 -0.01935 
-0.0262536 0.131841 0.0257861 
0.0257121 0.0466112 0.04275 
-0.0237726 0.0128531 0.034324 
-0.00202675 0.0200401 -0.0140737 
-0.0157975 0.04905 0.056263 
-0.0310707 0.1285 0.009649609999999999 
0.0267737 0.0669117 -0.0136784 
-0.0172764 0.0544475 0.04703 
0.00749106 0.0561359 0.04703 
-0.0295767 0.109899 0.0284409 
-0.0129968 0.077518 -0.0137472 
0.00317446 0.1072 0.0474254 
0.00260907 -0.0197161 0.03175 
0.011598 0.129963 -0.0065362 
-0.0228927 0.108562 -0.0205569 
0.009801270000000001 0.0498119 -0.01515 
-0.0150697 0.0454961 0.051789 
-0.0112389 0.0480262 0.04703 
-0.0219745 0.123587 0.0419529 
0.0375887 0.132415 -0.000927162 
-0.00909052 0.121643 0.0330252 
0.000968441 0.106878 0.0446975 
-0.00589378 0.07672760000000001 0.04275 
0.00886522 0.123566 0.0415022 
-0.009650280000000001 0.125446 -0.0217948 
-0.00365287 0.0216294 0.04475 
-0.0197635 0.0683942 0.0426919 
0.0125121  0.092 -0.00961207 
0.00113125 0.112216 0.037473 
-0.00216309 0.0342069 0.04703 
0.0179573 0.0547667 0.0587276 
-0.00602633 0.115055 0.0378062 
0.0223693 0.1058 0.0274195 
0.00602512 0.0557731 0.0365727 
-0.0371362 0.101355 0.008518299999999999 
0.00454107 0.0508895 0.0610912 
0.0373064 0.111833 0.00353121 
-0.00182423 0.0285205 0.0356907 
0.0144317 0.0137023 0.04475 
-0.00826432 0.0182185 -0.01965 
0.0127602 0.0771892 0.0333777 
0.0303261 0.117774 -0.0114809 
-0.009745709999999999 0.0551059 0.0542268 
0.0238905 0.11137 -0.00380654 
0.00723206 0.11029 -0.0244715 
-0.0177178 0.0561567 0.0459047 
0.0128251 0.1085 -0.0187997 
-0.014756 0.1005 0.0236698 
-0.0277724 0.116411 0.000711025 
0.0199685 0.0934483 -0.0124387 
-0.0120074 0.0984056 0.0397867 
-0.0205388 0.0493972 0.0571276 
-0.0386556 0.122431 0.0141984 
-0.014935 0.0595451 0.0546203 
-0.0190124 0.0392117 0.050243 
0.0266971 0.109656 0.0367185 
-0.0144006 0.0509272 0.044489 
0.0274406 0.06894790000000001 0.0244437 
-0.036432 0.0620088 -0.00542384 
-0.0110313 0.0349302 0.04275 
-0.00188184 0.0242826 0.04275 
-0.0098309 0.0483255 0.0587276 
0.028113 0.127451 0.00939368 
0.0280979 0.06368360000000001 -0.00332649 
-0.0104993 0.106146 0.0430788 
0.00226461 0.0467651 0.050589 
-0.0069974 0.06622309999999999 -0.0193287 
0.0138164 -0.0105652 -0.009656140000000001 
-0.0193224 0.0512945 0.04275 
0.0167177 0.125285 -0.008790009999999999 
-0.0346998 0.085179 0.0110267 
-0.00168353 0.117896 0.0324449 
-0.0323707 0.1023 0.00337419 
0.00703132 0.0223061 0.0432272 
-0.0185261 0.0547865 0.055529 
-0.0147079 0.0428401 0.058099 
0.00486308 0.11891 -0.0199978 
0.00391607 0.0468229 0.06258469999999999 
0.0184598   0.08 0.0283671 
0.0228749 0.0625619 -0.0120895 
0.0203543 0.103997 0.0315436 
-0.0197968 0.0405251 -0.01965 
-0.0056519 0.121282 0.0482279 
-0.0150859 0.10947 -0.0126106 
0.0378773 0.06308809999999999 0.000628075 
0.00259618 0.122087 0.0183064 
-0.00688438  0.064 -0.0184815 
-0.0172439 0.106863 -0.0205114 
-0.0296854 0.0379053 0.0421446 
-0.0025099 0.055537 0.0445927 
0.0113349 0.0422983 0.04275 
-0.0180185 0.130041 0.0448734 
-0.019876 0.0182823 0.0338107 
-0.0279762 0.120753 0.0367748 
0.0144546 0.103226 -0.0139498 
0.0220797 0.0427308 0.0587276 
0.0239056 0.1205 0.0213174 
0.0246912 0.128341 0.00551999 
0.0161615 0.0590568 -0.0196566 
0.0221148 0.123273 0.0213505 
-0.0118051 0.127974 -0.0122814 
0.0113392 0.0317712 0.0643692 
-0.00604714 0.0595451 0.0435768 
-0.0228887 0.0916757 0.0166703 
0.0356778 0.1072 0.0072198 
0.0285247 0.1093 0.00717718 
-0.0104625 0.113121 0.0377422 
0.0109131 0.1285 0.041274 
-0.00170925 -0.0151419 0.0424137 
-0.014615 0.00979352 -0.01965 
0.0105906 0.010083 -0.00735 
-0.036497 0.0633814 0.0275923 
0.012459 0.0528787 0.035668 
0.0188078 0.122072 0.0368548 
0.00798623 0.13229 0.0441865 
-0.0186794 0.0916223 0.03564 
0.0148318 0.084482 0.0394969 
-0.00456649 0.0389842 0.04275 
0.0234281 0.1085 -0.0146187 
-0.0188175 0.0382475 0.048338 
0.0307212 0.0887057 0.00522284 
-0.0285047 0.126817 -0.00685546 
0.011646 0.0887102 -0.0189889 
0.00450275 0.0923848 0.041477 
-0.00918099 0.0874552 0.0328415 
-0.0218032 0.101067 0.0219068 
-0.0237823   0.08 0.0180693 
0.0149679  0.092 -0.0066539 
0.00780031 0.125077 0.0166577 
0.0101398 0.113067 -0.0193985 
0.0206878 -0.010882 0.0444718 
0.0136282 0.0678832 -0.0170279 
0.0107478 0.0464411 0.0587276 
-0.00564673 0.0595464 0.0572734 
0.029165 0.09535250000000001 0.00484737 
0.0275903 0.07371 -0.0142111 
-0.0351479 0.0632461 0.0133451 
-0.0231681 0.113769 0.0258926 
-0.00241361 0.120995 0.0384571 
-0.0183711 0.09854830000000001 -0.0206281 
-0.00266354 0.123754 0.0346054 
0.0325682 0.0534121 0.037203 
-0.00198617 0.0405528 0.056529 
-0.0227021 0.0560114 0.0590305 
-0.0108032 0.0451419 0.04703 
0.0229506 0.101198 -0.009413299999999999 
0.00631091 0.1165 0.0324334 
-0.0225857 0.0561085 0.04275 
-0.022012 0.10341 -0.0137457 
0.0239304 0.0557001 -0.0186987 
-0.0226755 0.0416558 0.04275 
0.008551960000000001 -0.0145227 -0.00735 
-0.00666426 0.1165 -0.00308917 
-0.00812772 0.123876 0.0163754 
-0.0172569 0.0356823 0.054329 
0.008012760000000001 0.0334272 -0.01515 
0.0075064 0.1165 0.00404838 
-0.008867989999999999 0.0694955 -0.0188706 
0.00537845 0.0181306 0.033648 
-0.0389101 0.125781 0.008277400000000001 
-0.00123321 -0.0268191 0.0339647 
-0.0019503 0.07249 0.04275 
0.0186144 0.125184 -0.00687698 
0.0104545  0.099 -0.00717602 
-0.0264816 0.1285 0.0266356 
0.00458023 0.129843 -0.0203435 
-0.0109471 -0.00473258 -0.0158946 
0.0159165 0.1315 0.017142 
0.0336761 0.1085 0.0149329 
0.0286721 0.126088 0.0153071 
0.0224444 0.0774069 0.024495 
-0.0228701 0.0599074 -0.012044 
-0.0223394 0.112518 0.0262813 
-0.00155792 0.0379349 0.0461163 
-0.030731 0.0627183 -0.00195181 
-0.0251256 0.12081 -0.00688972 
-0.000659021 0.0311776 0.0632996 
-0.00665274 0.122638 0.00379139 
0.0120472 0.1285 -0.009948719999999999 
-0.00482092 0.1023 -0.0245334 
-0.0206315 0.0349954 -0.01515 
0.0333735 0.06609760000000001 0.0103764 
-0.0344295 0.129563 0.00260852 
0.0229142 0.116112 0.0389419 
0.0232703 0.0857454 0.0301996 
0.0310769 0.132302 0.00668175 
-0.00533112 0.0419866 0.0587276 
-0.0124898 0.0579337 0.0455798 
0.0208898 0.12517 -0.00717413 
-0.00482052 0.0873567 -0.0145806 
-0.009004389999999999 0.0509098 0.055529 
0.0214234 0.0609612 -0.0152104 
-0.0196493 0.0932854 0.0356444 
0.0285898 0.06859990000000001 0.0416692 
0.0172854 0.122825 0.0445699 
-0.009648439999999999 0.0823048 -0.0205922 
0.0178064 0.1072 -0.0215666 
-0.0207209 0.0815848 0.0234273 
0.0270928 0.0292038 0.04275 
0.00740652 0.0349651 0.0467819 
-0.0185607 0.0505735 0.0615365 
0.00737406 0.1235 0.00361175 
0.0217047 0.0604424 -0.0153734 
0.0279487 0.122942 -0.0076025 
0.0258005 0.0674488 -0.01935 
-0.00629051 0.046145 -0.01515 
-0.0178594 0.014998 0.0429557 
0.008424020000000001 0.122912 -0.00996826 
0.0166228 0.127485 -0.0254911 
-0.0176337 0.0138385 0.04475 
-0.0186468  0.099 0.00102085 
-0.0300063 0.1285 0.0336488 
-0.029457 0.1085 0.0235517 
0.0253398 0.108605 0.0234189 
0.0198656 0.08053979999999999 -0.0161596 
-0.00423414 0.0296972 0.0587276 
-0.011443 0.0270815 0.03575 
0.0247149 0.123911 0.0134986 
-0.000594745 0.0519033 -0.0152385 
0.000146271 0.1315 0.0280803 
0.00840168 0.067846 -0.0190185 
-0.009708130000000001 0.117549 0.0306235 
-0.023617 0.0321949 0.0641476 
0.00243666 0.1205 0.0406303 
-0.00564853 0.0353096 -0.01515 
0.0137425 0.108158 -0.0224282 
-0.0247707 0.0446973 0.0578805 
0.0294798 0.110034 0.00475632 
-0.0287324 0.131655 -0.00090059 
-0.0292129 0.1085 0.0247433 
-0.0240857 0.12958 0.0283056 
-0.0193015 0.0998078 0.0077982 
0.0226257 0.1205 0.0311961 
-0.0234032 0.06658550000000001 -0.01665 
-0.0031278 0.0671678 -0.0228665 
0.00714503 0.0706316 0.04275 
0.00477551 0.0352178 0.0571276 
0.019617 0.1005 -0.00165704 
0.0280613 0.0990786 0.00409795 
0.000833048 0.125195 0.0426083 
0.0319352 0.0705679 0.00941493 
0.0167295 0.126449 -0.0128593 
-0.0374 0.121322 -0.000837409 
-0.000186105 0.0874833 0.0422305 
0.009677399999999999 0.0439119 0.051789 
0.0173816 -0.00402508 -0.0139203 
-0.0184852 0.096181 0.0194126 
-0.0231716 0.110734 -0.0198969 
-0.0148763 -0.00400344 -0.01965 
-0.00467053 0.115648 -0.00826294 
0.020865 0.0791081 0.0359408 
0.0350065 0.117351 0.0217372 
-0.0209749 0.1205 -0.0152968 
-0.0120164 0.034122 0.0587276 
-0.034409 0.0615023 0.0220966 
-0.00471199 0.128239 -0.0184603 
0.0228577 0.110274 -0.0205601 
-0.009905300000000001 0.0404941 0.0458706 
-0.0255529 0.1205 0.0276402 
-0.0399371 0.0668752 0.0093423 
-0.008110040000000001 0.1275 0.00284381 
-0.0160458 0.0653464 -0.0198849 
0.00542989 0.0672965 -0.0196702 
-0.000179316 0.121357 -0.0291243 
-0.0273085 0.1285 0.0297137 
-0.0194595 0.050384 0.04275 
0.000371308 0.123747 0.0367246 
0.0122139 0.0982316 -0.0073096 
-0.0359442 0.1285 0.0140257 
-0.0210288 0.072565 -0.00710893 
-0.0220696 0.0311365 0.062206 
-0.0214691 0.124819 0.0121805 
-0.00775239 0.129647 0.0281683 
-0.00536273 0.0764201 -0.022741 
-0.0287815 0.1205 0.0249809 
0.0289588 0.0656545 -0.00445424 
0.00627589 0.1058 -0.0221031 
0.0105913 0.0405042 0.0597182 
-0.0054416 0.0468095 0.051789 
-0.00865496 0.113828 0.0367672 
-0.00342737 0.0822189 0.0414261 
0.0159366 0.0492063 0.0571276 
-0.0051651 0.0394507 0.044489 
-0.015063 -0.0172579 0.03175 
0.0126883 0.0533164 0.0587276 
-0.00383142 0.1085 0.0366107 
-0.0283786 0.120542 0.0147188 
0.00449651 0.1285 -0.0238759 
0.015285 0.1165 0.0290284 
0.00423652 0.0356891 0.04783 
-0.031 0.0368743 0.0383537 
0.000552776 0.0262528 0.04275 
-0.0320242 0.116585 0.0283972 
0.0293588 0.1205 0.011881 
0.0163331 0.110945 -0.0121491 
0.0179928 0.123077 -0.0247218 
-0.036213 0.0744808 0.0104242 
-0.0137 0.1205 -0.0123775 
-0.00326294 0.0117393 -0.00988062 
-0.0133624 0.128405 0.0303304 
-0.00697176 0.0310644 0.051789 
-0.00506179 0.0860271 0.0340345 
0.0124413 0.0431184 0.045259 
0.0180528 -0.0197985 0.0336787 
0.00868787 0.06787219999999999 -0.0189447 
0.0220087 0.1085 -0.00964282 
-0.00535933 0.0250638 0.03175 
-0.0033659 0.103339 0.0474687 
0.0273878 0.0139222 0.0413535 
-0.0349895 0.0941597 0.0098786 
0.0287485 0.0178169 0.0380745 
0.00278801 -0.0241749 0.03175 
-0.0197088 0.1108 0.0397561 
-0.0272398 0.110131 0.0361767 
-0.00944072 0.128977 0.0273619 
-0.0264245 0.06252190000000001 0.0276819 
-0.0220903 0.120947 0.00192796 
0.0381683 0.1325 0.0172136 
0.0293942 0.0901276 -0.0047597 
-0.0202641 0.0854823 0.0332273 
-0.00165895 0.0118055 -0.0158092 
-0.00675134 0.1023 0.0443886 
-0.0150361 0.0284823 0.04275 
-0.0049105 0.1023 0.046684 
-0.00182266 0.0380398 0.04275 
-0.0249625 0.123538 0.00872115 
0.0166436 0.124775 -0.00890258 
0.0367997 0.102881 0.00103983 
-0.00058031 0.1285 0.0473562 
0.0189974 0.0515086 0.0342525 
0.000492452 0.0534132 0.056679 
0.0154977 0.0456754 0.04275 
0.0370906 0.1285 0.0084858 
-0.0101526 0.0533229 0.056529 
0.013963 0.016924 0.04475 
0.0184499 0.0329754 0.0571276 
-0.017955 0.0543073 0.0499095 
-0.0116922 0.0571501 0.0587276 
-0.0349723 0.131767 -0.00125248 
-0.0102338 0.0603743 0.04275 
0.0121142 0.1325 0.0429824 
0.0313887 0.1285 0.030334 
0.020904 0.1205 -0.0110357 
-0.0153771 0.06829739999999999 -0.01665 
0.00414237 0.121004 -0.0200283 
-0.0198589 0.0172194 0.03175 
0.0356212 0.117681 0.0193177 
-0.0231407 0.0460191 0.06353399999999999 
0.0195916 0.0976012 -0.01477 
-0.00323377 0.0329044 -0.01965 
0.0263736 0.10876 -0.00191097 
-0.0147657 0.120047 0.0365726 
0.0131337 0.0925909 0.0259506 
-0.009929779999999999 0.0823092 -0.0129891 
0.0162127 0.0107211 0.04475 
0.0142653  0.115 0.0202416 
-0.0139503 0.0376013 0.0560763 
-0.00682631 0.0365959 0.0542178 
-0.008473339999999999 0.107952 0.0436023 
0.00312766 0.130385 0.0294974 
-0.00754141 0.08760270000000001 -0.0203119 
-0.0230941 0.121631 0.000197092 
-0.0298035 0.0929687 0.0280022 
0.0136347 0.053934 0.0444898 
-0.0247707 0.0356095 0.0575328 
-0.0150207 0.00247389 0.0390009 
-0.00588258 0.0412104 0.050589 
0.00265259 0.111967 0.0474926 
0.00788296 0.0167432 -0.01395 
-0.000441589 0.119054 -0.00264863 
0.0152442 0.0363979 0.050589 
0.0145508 0.1285 0.0454175 
-0.0311054 0.108599 -0.00622019 
-0.0309628 0.039769 0.0398006 
0.00691328 0.0372287 0.044489 
0.0241856 0.0603327 -0.0162145 
0.0088275 0.052172 0.0529668 
-0.0048637 0.10173 0.0412472 
0.000736507 0.0973774 -0.0111534 
0.0194454 0.0231297 0.04275 
0.00659986 0.116712 0.00376687 
0.0222055 0.07815809999999999 0.0248185 
0.0289937 0.122966 0.0252345 
-0.0232957 0.0326003 0.06397609999999999 
-0.0280885 0.0313096 0.0426882 
0.0168165 0.1005 -0.00773781 
-0.0154392 0.00850327 -0.01965 
-0.00628133 0.117584 0.000103693 
-0.0257734 0.08811190000000001 -0.00825497 
-0.0349215 0.107239 -0.0051034 
-0.0149724 0.041839 0.0571276 
0.0153738 0.114276 0.0337632 
0.008553130000000001 0.1235 0.00588703 
-0.0257987 0.1058 -0.00315947 
-0.000322837 0.05248 0.0600276 
0.0214451 0.117141 -0.0204216 
-0.00758216 0.116248 -0.0266095 
0.0135537 0.0193301 0.03175 
-0.0288863 0.08564099999999999 -0.00155661 
-0.00513219 0.0993791 0.0285121 
-0.0206436 0.0461214 0.0339014 
-0.0116934 0.11371 0.0354671 
0.0270608 0.0541457 0.0595694 
-0.00815395 0.1058 -0.0231053 
-0.0191827 0.0304294 0.043755 
0.0252486  0.102 0.018739 
0.0255199 0.07009849999999999 0.0184436 
-0.0274863 0.0163389 0.0357792 
0.0144474 0.0466456 -0.01965 
-0.0292881 0.124153 0.0128025 
0.0288586 0.122372 0.00889675 
0.0252428 0.119335 0.0266465 
0.0268172 0.00195026 0.0380522 
-0.03281 0.122972 0.0127332 
-0.013192 -0.0229737 0.031856 
-0.00355634 0.0575655 0.055529 
-0.0197445 0.066048 -0.0110096 
0.0151156 0.124228 -0.0119802 
-0.00152885 0.0376581 0.0453548 
0.00100617 -0.0159231 0.0428321 
0.0211079 0.102264 -0.0175838 
-0.0190493 0.109166 0.0296915 
0.0315689 0.0648623 0.0396561 
-0.0148551 0.0221303 -0.01965 
0.00785398 0.128029 0.0367626 
0.0329607 0.127547 0.0108653 
-0.00193953 0.0195457 -0.01395 
0.0226889 0.1285 -0.0204424 
-0.0220554  0.102 0.0245036 
0.00869293 0.121209 0.0188849 
-0.000292931 0.0567075 0.037238 
-0.0235497 0.0871666 0.00185338 
-0.0291657 0.122959 0.00744607 
-0.0294307 0.125266 0.0154626 
0.0242106 0.0872658 -0.009567600000000001 
0.0268811 0.0761806 0.00822822 
0.00799355 0.0379064 0.0587276 
-0.0263608 0.118262 0.0053969 
0.0332106 0.0596016 0.0252228 
0.00842495 0.0324741 0.051789 
-0.0279095 0.130069 -0.00241512 
0.0129587 0.0537381 0.0554881 
-0.0192917 0.07824490000000001 -0.0182514 
0.0204907 0.126576 -0.00444649 
-0.0325333 0.111823 -0.00950645 
-0.0201172 0.09118279999999999 -0.0145305 
0.0114304 -0.0160971 -0.01395 
-0.0111096 0.0486784 0.0455481 
0.00738259 0.0805596 0.0415296 
0.0335848 0.0553124 0.0332732 
0.0282423 0.0536126 -0.01515 
0.0101991 0.121713 -0.0216287 
0.0290716 0.1108 0.0299125 
-0.0248135 0.12424 0.00704358 
0.00448913 0.129641 0.0439537 
0.00927502 0.0357323 0.0465731 
0.0272062 0.1219 -0.00173899 
0.0287392 0.0505945 -0.0150774 
0.00448951 0.0298881 0.0571276 
-0.0303755 0.12424 0.0225024 
0.029729 0.0515144 0.0299682 
-0.0110538 0.124181 -0.0212615 
-0.0119792 0.110963 -0.0261704 
0.00915209 0.0351535 0.0463912 
0.0158744 0.026675 0.03575 
0.0157482 -0.021319 0.0374451 
0.00395024 0.0592976 0.051789 
-0.0363412 0.131703 0.0129893 
0.00363887 0.022824 0.0446469 
0.00779809 0.101478 0.0367983 
-0.0187003 0.128632 0.00268756 
-0.0124149 0.0513529 0.04783 
0.0182692 0.0794806 -0.0180682 
0.0170019  0.115 0.00919177 
0.008180639999999999 0.126561 -0.0138437 
0.029378 0.1072 -0.0098157 
0.009198599999999999 0.0469079 0.054289 
0.0291139 0.0879363 -0.000691843 
0.0221343 0.0602326 0.04275 
0.0248075 0.0051183 0.03175 
-0.0231355 0.104373 0.0306998 
0.0360169 0.118582 -0.00206528 
-0.00191475 0.1205 0.0377249 
-0.0329251 0.12083 0.0112039 
0.00669057 0.0687358 0.0358941 
-0.00415991 0.0499964 0.0635897 
-0.0305416 0.123371 -0.0144704 
0.00725243 0.0523278 -0.0196736 
-0.008202259999999999 0.051573 0.0619756 
-0.0161659 0.0155864 0.03175 
0.000374211 0.128704 0.0488951 
-0.0318838 0.109366 0.0303398 
0.0129164 0.105221 0.0454078 
0.0303668 0.132195 0.0287411 
-0.0236056 -0.00909953 0.0420669 
-0.0203562  0.092 0.000492999 
0.0137668 0.0386867 0.0605057 
0.021412 0.131688 -0.0122248 
-0.032474 0.0597486 0.0374655 
-0.00143256 0.0295451 0.0470929 
-0.009508890000000001 0.13096 0.0387179 
0.00103308 0.1005 -0.009775580000000001 
-0.009756320000000001 0.0161825 -0.01395 
0.0125631 -0.0131831 0.036003 
-0.0103323 0.1093 -0.0163652 
0.0256665 0.1085 0.0271348 
0.0123179 -0.0232927 0.0381716 
0.0123992 0.0563157 0.0452039 
0.0280828 0.120565 0.0114279 
0.00718847 0.0746135 0.04275 
0.0176238 0.0214304 -0.01965 
0.0218762 0.128038 0.0218495 
-0.0232017 0.107297 -0.016313 
-0.0071396 0.117645 0.00153642 
0.00229727 0.0426041 -0.01515 
-0.0271801 0.1085 -0.00232353 
0.0117476 0.00234018 -0.0104147 
-0.0287583 0.0933179 0.00230798 
-0.0246724 0.0333534 0.0571276 
0.0269638 0.121253 0.0178166 
-0.00833829 0.0125882 -0.01965 
-0.0334704 0.120818 0.02954 
0.0143996 0.09393120000000001 0.0247683 
-0.0176583 0.0552456 0.0571276 
0.0353439 0.0608357 -0.00877669 
-0.0185539 0.1285 0.0325946 
0.0184915 0.114558 -0.022683 
0.0146145 0.00719355 -0.01965 
0.0236235 0.120925 0.00164116 
0.0277731 0.1325 -0.016059 
-0.0338243 0.0745904 0.0223153 
-0.012595 0.0925782 0.0263248 
-0.028095 0.121386 -0.000921623 
-0.00274385 0.0581404 0.055529 
-0.0234324 0.08999269999999999 0.00543854 
0.0129444 0.0427254 0.0521139 
-0.0326368 0.13219 -0.0121117 
-0.0147461 0.0334001 0.0579598 
-0.0217594 0.1271 0.0299516 
0.00036896 -0.0243424 0.03175 
-0.000632519 0.0400585 0.04703 
-0.0148534 0.0469772 0.044489 
-0.0339569 0.10089 0.0142455 
-0.00461101 0.127393 -0.0185976 
-0.009099110000000001 0.0426567 0.055529 
-0.0186102 0.05067 -0.01515 
-0.0115215 -0.00329031 -0.0175838 
0.0300243 0.0918368 -0.00823659 
-0.0327272 0.12428 0.0136292 
0.0314853 0.132395 0.00726535 
0.0187113 0.1205 -0.0166474 
0.0258382 0.13233 -0.00801227 
0.000842688 0.0441988 -0.01515 
-0.0359643 0.110643 0.0212523 
-0.0127991 0.1285 0.0458607 
0.0161563 0.0637225 0.04275 
0.0102086 0.0409079 0.04783 
0.0205358 0.130424 -0.020491 
-0.0170354 0.031467 0.0587276 
0.00786048  0.115 0.0252872 
0.0209691 0.114139 -0.009463020000000001 
-0.0323271 0.1285 -0.00337267 
-0.0163336 0.0507408 0.0351023 
0.0012639 0.1315 0.0275684 
0.0141421 0.0349851 0.0444895 
-0.0153088 0.130128 0.0225931 
-0.0190594 0.0445408 0.0600276 
0.00931793 -0.0241869 0.0396595 
0.0268181 0.12309 0.0287978 
0.00815188 0.08345080000000001 -0.0204906 
-0.0343933 0.1285 9.61222e-05 
-0.000364699   0.08 -0.0168827 
-0.00410541 0.0436149 0.0571276 
0.0238338 0.0559134 -0.0114776 
-0.0177821 0.0500219 0.048353 
-0.0267718 0.0709544 -0.0180257 
-0.00853054 0.0327713 0.03575 
0.0373631 0.06585580000000001 0.0253496 
0.01537 0.1205 0.030928 
0.0334581 0.123583 0.0296551 
-0.0191239 0.0615614 0.0323476 
0.00707186 0.128775 -0.0249878 
-0.0109152 0.112907 -0.0160523 
-0.020336 0.0598964 -0.01515 
0.0126372 0.0583315 0.0485065 
0.00903378 0.1005 -0.00893483 
-0.028893 0.125735 0.00353508 
0.0008501579999999999 0.0441536 0.055529 
-0.0220271 0.0441714 0.0592854 
-0.00139044 0.0359536 -0.01965 
0.0239227 0.067897 -0.00364658 
-0.0204934 0.0145276 0.04275 
-0.009629479999999999 0.0692738 -0.0154706 
-0.0284803 0.1058 0.00471275 
-0.00668325 0.06981329999999999 -0.0163876 
-0.00523715  0.064 -0.0171523 
-0.008969049999999999 0.0526526 0.056529 
-0.0177429 0.117346 -0.0139527 
0.0179568 0.0206952 0.04275 
0.0261023 0.1058 -0.00558231 
0.0121229 0.1285 0.0288882 
-0.0356361 0.115551 0.0206418 
-0.0113369 0.121479 0.0319821 
0.0105911 0.1058 0.0369805 
-0.0070538 0.0536176 -0.0156752 
-0.0366039 0.06322469999999999 -0.00770752 
0.00724291 0.123106 0.00448275 
0.0117221 0.127974 -0.0165274 
0.0107215 0.101156 -0.0188477 
0.0170437 0.128025 0.0379693 
-0.0117858 0.11809 -0.0177247 
-0.0187417  0.092 -0.00418144 
-0.000992253 0.1315 -0.009089949999999999 
-0.0310795 0.0532013 -0.0195974 
0.00106607 0.05554 0.0597526 
0.0170635 0.0396108 0.0607828 
0.0286336 0.127404 0.009445780000000001 
0.0326435 0.112086 -0.0091611 
-0.0232641 0.06328250000000001 -0.01515 
0.009782249999999999 0.119055 0.0467961 
0.0297955 0.06612170000000001 0.0126609 
0.0136043 0.00623531 0.0407271 
0.00496129 0.0496185 -0.01965 
0.0106519 0.119219 0.0380393 
-0.0320721 0.0990109 -0.00617171 
-0.000179837 -0.0212848 0.03175 
0.0288531 0.056593 0.0425217 
0.0137417 0.0361842 0.04703 
-0.0296755 0.1219 0.0101141 
-0.008864459999999999 0.0427175 -0.01515 
-0.00639096 0.1058 -0.023103 
0.0255152 0.0923566 0.0291867 
0.0298651 0.0818193 0.021103 
0.0207143 0.0836032 0.0331561 
0.00286438 0.121726 0.033136 
-0.0202609 0.120666 -0.010764 
0.00722557 0.107257 -0.0244701 
-0.0121188 0.08762789999999999 -0.0119591 
0.0242091 0.0401623 -0.01515 
-0.010762 0.1005 0.0310714 
0.0347903 0.129844 0.0283419 
-0.00223111 0.106971 -0.0250476 
-0.0276591 0.120567 -0.00782161 
0.0146247 0.06695520000000001 0.0330042 
0.0342736 0.102829 -0.00623883 
0.00809493  0.115 0.024724 
-0.011147 0.1325 -0.0236609 
-0.0282573 0.09710299999999999 0.0299059 
0.0177905 0.128522 0.0347059 
-0.0210812 0.125355 0.0176332 
-0.00515837 0.0399825 0.056529 
-0.0181107 0.0344308 0.0510074 
-0.0296973 0.0842793 0.024533 
-0.0173602 0.0456165 0.04703 
0.0321417 0.07633280000000001 0.0238914 
-0.0185607 0.055451 0.0603955 
-0.001881 0.108524 -0.0190068 
0.0101277 0.12369 0.0325591 
0.0130947 0.0577363 0.0355569 
-0.0183674 0.117934 0.0198167 
0.0176202 0.0364457 0.0587276 
0.0217634 0.125007 0.0220467 
-0.0109323 0.0846901 0.0320174 
0.0284824 0.111269 -0.0151335 
-0.0280199 0.07000000000000001 -0.0168839 
0.0256752 -0.0061306 0.0377387 
-0.0190453 -0.0134524 0.0432481 
0.0206906 0.1085 0.0338209 
-0.00875945 0.056224 0.055529 
-0.0185181 0.116457 0.0030469 
0.0101385 0.1072 0.0433255 
0.0300311 0.0340629 0.0406712 
6.17704e-05  0.064 -0.0188476 
0.0026187 0.0701032 -0.0170916 
-0.0108238 0.1285 0.0413645 
0.0351077 0.09686740000000001 0.0112225 
-0.00287722 0.0197644 0.04475 
-0.00319405 0.0438316 0.050589 
0.0149703 0.11835 -0.0247693 
0.0113895 0.121667 0.0319674 
0.0253623 0.1325 0.0380543 
-0.00482963 0.0399979 0.0361086 
-0.0275527 0.12395 -0.00817128 
-0.0137248 0.1285 0.0244234 
0.0149164 0.0574501 0.044489 
-0.0257643 0.08222459999999999 -0.00917077 
-0.00588308 0.1023 0.04015 
-0.00788283 0.0303404 0.0571276 
-0.0301074 0.0893579 0.0178475 
-0.0103643 -0.0113248 -0.00735 
0.000219 0.1072 0.0450604 
0.0134907 0.0970126 0.0256171 
0.0112701 0.0422643 0.06479169999999999 
0.0267908 0.12677 -0.000965969 
-0.0159481 0.0360901 0.059441 
0.0289301 0.125691 -0.0060781 
-0.009749020000000001 0.0592081 0.04703 
0.000300245 0.0348469 0.04275 
-0.0175749 0.0851359 0.0400155 
-0.00610912 0.1285 -0.0241419 
-0.00743645 0.0532897 -0.0197155 
0.0274162 0.1285 -0.0043649 
0.0220574 -0.00159921 -0.0170755 
0.0274527 0.0125297 0.0359237 
0.02191 0.109701 -0.00584099 
0.0200418 0.0950013 -0.009661370000000001 
0.00262237 0.1085 -0.0239177 
0.0271701 0.1058 0.0184432 
0.0049746 0.1085 0.0431575 
0.00201686 0.0413956 0.0632996 
0.000457863 0.1219 0.039471 
-0.0226203 0.127396 -0.0100431 
0.0263493 0.122805 -0.0100645 
0.0359537 0.0692677 0.0259608 
0.0231756 0.122914 0.00557768 
0.0074877 0.123713 0.0169823 
0.0268011 0.098652 -0.0108461 
-0.0185925 0.114447 -0.0134894 
-0.0195962 0.0773491 -0.0186698 
-0.00658944 0.122239 0.00370287 
0.0166024 0.1285 -0.0253801 
0.0223424 0.0576065 0.0587276 
-0.0333667 0.1085 0.009324320000000001 
-0.019281 0.131939 0.0400927 
-0.000208925 0.053619 0.0610825 
0.000607366 0.123796 -0.0291121 
0.0246722 0.11411 -0.0107468 
-0.0295257 0.125931 0.0242871 
-0.0309852 0.08789370000000001 0.0129479 
0.0126202 0.0415591 0.04783 
0.0167749 0.0669886 -0.01665 
-0.00716851 0.0501829 0.053855 
-0.0105984 0.07000000000000001 -0.0208992 
0.0248647 0.0435075 0.0600726 
-0.0042992  0.102 -0.0162037 
0.0133269 0.0473735 -0.01515 
-0.0315227 0.0604259 -0.0190562 
0.0316611 0.07252450000000001 0.0295947 
0.020575 0.13044 0.0321474 
0.0123501 0.0418001 0.051789 
0.0188505 0.0560405 0.0571276 
-0.0242283 0.128475 0.0240772 
-0.0191223 0.0317365 0.0604903 
0.0141642 0.0393333 0.0458548 
0.00226417 0.11235 0.0474495 
0.0185296 -0.0117972 -0.0154991 
-0.0177739 0.130007 0.000592819 
-0.024307  0.102 -0.0020312 
-0.0377133 0.111302 0.0125214 
0.0242947 0.0473841 0.0324501 
-0.0313558 0.100659 0.0288338 
0.0316975 0.0488927 -0.0178968 
0.000715376 0.074183 0.04275 
0.0149797 0.0314598 0.0456091 
0.0309562 0.0347 0.0605357 
-0.0350872 0.1103 -0.00473779 
0.0089336 0.0499902 -0.01515 
0.0245997 0.0641844 0.04275 
0.0230079 0.108167 0.0359863 
0.0160369 0.123252 0.0289262 
-0.00192119 0.0304575 0.055529 
-0.00183602 0.1058 0.0443029 
-0.013601 0.0510707 0.054329 
-0.0289671 0.0832059 -0.00265418 
-0.0224067 0.123777 -0.00532639 
0.009863 0.1285 0.0423989 
0.0270418 0.12169 -0.00354763 
-0.0100431 0.0969515 0.0372799 
0.0275907 0.0165417 0.0417866 
0.012306 0.0312961 0.044349 
-0.0268341 0.0541098 -0.01515 
0.00661964 0.0262014 -0.01515 
-6.13088e-05 0.06947059999999999 -0.0232295 
0.013156 0.1058 0.0393818 
-0.00910205 0.0509724 0.04275 
0.0257881 0.0733182 -0.0164502 
-0.024966 0.126369 0.00998842 
0.0183648 0.126611 -0.0125399 
-0.00906277 0.045955 0.0587276 
-0.0102354 0.0594179 0.054329 
-0.0231407 0.0470614 0.0623346 
0.0151318 0.108833 -0.021799 
-0.00404447 -0.0145201 -0.01965 
-6.569179999999999e-05 -0.0265779 0.0324537 
0.0370008 0.1325 -0.00151407 
-0.0023688 0.11679 -0.000518741 
-0.0207659 0.0925636 0.0114534 
-0.00068498 0.102544 0.0376031 
0.0296002 0.0621266 -0.00566452 
0.00598827 0.0506694 0.04275 
-0.0119265 0.124172 -0.0122201 
-0.00465666  0.092 -0.013151 
-0.00372056 0.0609386 0.0369525 
-0.0137714 0.120747 0.0343444 
0.0222885 0.1085 -0.0118786 
-0.0191433 0.00606481 -0.01965 
-0.0295544 0.112034 0.0332621 
-0.0329163 0.0547632 0.0360292 
-0.000437004 0.120068 -0.00263813 
0.0196436 0.0985171 0.00274746 
0.0234437 0.09628349999999999 0.0288211 
-0.038146 0.128283 0.00192625 
0.0257516 0.127332 0.0252577 
-0.0136575 0.0375035 0.051847 
0.0284395 0.102543 0.00208431 
0.00266845 0.0426053 0.0648996 
-0.0297284 0.0661471 -0.01665 
0.0274019 0.1115 0.008877060000000001 
-0.0360918 0.108766 -0.00213606 
-0.0384683 0.129054 0.0182 
-0.0173576 0.1072 0.0409756 
0.0208569  0.102 -0.00717764 
-0.031264 0.1085 0.0002431 
-0.0277947 0.120745 -0.00779246 
0.0179654 0.0151956 -0.01965 
0.0313427 0.124843 -0.00044793 
-0.027376 0.0847035 0.0279683 
0.0292647 0.0649238 0.0248126 
-0.0078029 0.1271 0.0382385 
0.0342537 0.107129 0.0166094 
-0.0084098 0.055927 0.055529 
0.0179034 0.00855791 0.03175 
-0.0326312 0.1058 0.0221058 
-0.0213731 0.0559155 -0.01965 
0.0042328 0.1275 0.000164763 
0.0140186 0.132443 0.0461517 
-0.0222905 0.0469494 0.0587776 
0.0360874 0.127709 0.0242936 
0.0133053 0.0398133 0.0468472 
0.0243285 0.1285 -0.00903873 
0.0102131 0.0444928 0.0632996 
0.0246419 0.1219 -0.00681163 
-0.0353856 0.131657 0.0272383 
-0.0182927 0.0144332 0.0432324 
0.00425616 0.119364 -0.0286725 
-0.0207014 0.1085 -0.0103077 
0.0135743 0.116891 -0.0246749 
-0.0175534 0.057641 0.0515672 
0.0292464 0.1285 -0.010102 
-0.009387039999999999 0.126322 -0.0217486 
-0.0277829 0.0658082 -0.0142416 
-0.00314917 0.0383737 0.051789 
0.0321866 0.053508 0.0288172 
-0.00519712 0.0331925 0.0632996 
-0.0128912 0.0360861 0.04275 
0.022995 0.0270537 0.04275 
-0.0268826 0.0453857 0.0332478 
0.0154293 0.08925080000000001 0.0279032 
0.0231667 0.105763 -0.0133321 
0.0219291 0.0787006 0.0252026 
-0.0113994 0.0327333 0.044489 
0.0252038 0.122732 -0.00465535 
-0.0161057 0.0745946 0.0313689 
0.0128493 0.0808022 0.0309714 
0.0232957 0.0781966 -0.00373795 
-0.0256219 0.07854800000000001 -0.0121413 
-0.00698603 0.0489115 0.0362366 
0.0280743 0.0176907 0.040515 
-0.01321 0.0166998 0.04475 
0.0114558 0.126045 -0.012422 
0.00975433 0.1165 0.00936908 
-0.0208775 0.124237 0.0180048 
-0.0375552 0.127611 0.0198287 
-0.00343954 0.111952 -0.0206306 
0.0138129 0.017439 -0.01515 
-0.0170353 0.0738632 0.0306071 
-0.0164298 0.058194 0.055783 
0.0313002 0.127464 -0.000622187 
0.0160391 0.0662102 0.04275 
-0.0114715 0.0748438 0.0340994 
0.0310354 0.105244 0.0315452 
-0.0115334 0.0398018 0.0451514 
-0.0196652 0.0425714 0.0636014 
-0.0117682 0.119568 0.0377054 
0.0200577 0.0892457 0.0226973 
-0.0110149 0.00456798 -0.0166668 
0.00799163 0.0969293 0.0365157 
-0.01296 0.0139794 0.0446391 
0.0163444 0.0197261 -0.01515 
-0.0158523 0.1205 0.0313526 
-7.70058e-05 0.108207 0.0476236 
0.00637479 0.0111339 -0.01965 
-0.0215427 0.128419 0.0215615 
-0.014622 0.0542354 0.04703 
0.0060311 0.0474064 0.0587276 
-0.0122444 0.0360791 0.0587276 
-0.00745203 0.0946883 -0.00968079 
0.00726967 0.0422091 0.04275 
0.0229871 0.1285 0.0359768 
-0.0168078 0.045934 0.0497276 
-0.0026108 0.0510689 0.0587276 
0.0113947 0.0508817 0.051789 
-0.000449385 0.0237912 -0.01515 
-0.0197459 0.11001 -0.0191441 
0.00389491 0.1058 -0.0183745 
0.0166983 0.1005 -0.000845368 
0.0133234 0.117797 -0.0247774 
0.00481921 0.0339307 0.04275 
0.0108017 0.0318005 0.0624444 
-0.0311862 0.109574 -0.00603229 
0.0160677 0.0133616 -0.0145083 
-0.0242905 0.109601 0.0349388 
-0.00681399 0.0259869 0.0335328 
0.0115161 0.0453906 0.0625185 
-0.00914221 0.1165 -0.000988343 
0.0291494 0.132479 0.0355858 
0.022182 0.0677885 0.042563 
0.0327672 0.122439 0.00709872 
-0.0282107 0.0578149 0.0426373 
0.0153537 0.117101 0.0349208 
0.0185633 0.0465884 0.0347275 
0.00706098 0.122471 0.0179979 
0.0373334 0.118802 0.00249068 
0.0238299 0.0233243 -0.01515 
0.00338107 0.0532002 0.0590763 
-0.0105781 0.0249568 -0.01515 
-0.0389686 0.126842 0.00953735 
-0.00174716 0.0543498 0.04703 
-0.0175675 0.126131 -0.0249229 
-0.0252883 0.1205 0.0217323 
0.008303420000000001 0.035212 0.047199 
0.0178392 0.0290063 0.03575 
0.00391838 0.09945519999999999 -0.0259034 
0.00443944 0.0206167 -0.0145936 
0.0270879 0.108499 0.031773 
0.0106255 0.130495 0.0383144 
-0.0274363 0.0994396 0.00343876 
-0.0257077 0.128214 0.0302347 
-0.0393929 0.0664573 0.00225293 
0.0185464 0.0032427 0.0332442 
0.00399735 0.125137 6.51165e-05 
-0.011623 0.130656 0.0213727 
-0.023064 0.06988129999999999 -0.00419248 
0.009260300000000001 0.1219 0.0373094 
-0.017048 0.052539 0.04783 
-0.00746511 0.122337 -0.0140765 
-0.00985406 0.0728287 0.04275 
0.00251463 0.0415633 0.051789 
-0.0363431 0.108477 0.0206229 
-0.0151393 0.102847 -0.0248994 
0.00203812 0.0210659 -0.0146406 
0.00300237 0.1285 0.0455463 
0.030729 0.121092 0.0216366 
0.00525751 0.0332837 0.04275 
-0.00429617 0.0535123 0.051789 
0.0146611 0.125737 0.0283818 
-0.0228249 0.1023 0.0291759 
0.0205128 0.1285 0.0307145 
-0.0339563 0.1085 0.0150551 
0.0144532 0.128165 0.0394036 
-0.021548 0.110888 0.0263864 
0.00463962 0.0424086 0.054329 
-0.0102605 0.0744355 -0.0215604 
0.0149324 0.0515988 0.04275 
-0.00538483 0.122801 0.0482768 
-0.0116703 0.0137077 0.0362137 
0.0243194 0.1085 -0.00234054 
-0.00174264 0.1285 -0.0208407 
-0.0188518 0.100211 0.00544312 
-0.0217936 0.122982 0.000647939 
3 442 945 794 
3 945 442 865 
3 617 794 357 
3 124 617 357 
3 124 791 742 
3 454 18 534 
3 18 454 200 
3 823 18 200 
3 822 18 823 
3 653 18 835 
3 530 131 865 
3 763 131 872 
3 131 763 865 
3 763 380 865 
3 576 763 872 
3 380 763 576 
3 794 680 357 
3 680 945 357 
3 945 680 794 
3 170 141 794 
3 262 413 151 
3 262 845 141 
3 845 262 20 
3 262 151 872 
3 567 822 742 
3 18 288 835 
3 288 18 822 
3 486 822 823 
3 507 576 872 
3 720 945 865 
3 380 720 865 
3 945 720 357 
3 442 732 865 
3 732 530 865 
3 530 732 20 
3 732 845 20 
3 845 732 141 
3 141 732 794 
3 732 442 794 
3 413 330 151 
3 330 534 299 
3 151 330 299 
3 330 262 534 
3 262 330 413 
3 59 124 357 
3 59 569 791 
3 607 823 200 
3 705 170 794 
3 705 124 742 
3 170 705 343 
3 617 705 794 
3 705 617 124 
3 131 251 872 
3 13 607 200 
3 13 262 141 
3 454 13 200 
3 170 13 141 
3 607 13 170 
3 262 387 20 
3 387 530 20 
3 387 262 872 
3 530 387 131 
3 251 387 872 
3 387 251 131 
3 791 854 742 
3 854 567 742 
3 822 785 742 
3 486 785 822 
3 785 486 343 
3 785 705 742 
3 705 785 343 
3 534 968 299 
3 18 968 534 
3 199 956 299 
3 968 199 299 
3 282 645 576 
3 653 645 18 
3 645 968 18 
3 849 507 872 
3 151 849 872 
3 956 849 299 
3 849 151 299 
3 199 841 956 
3 841 849 956 
3 849 841 507 
3 841 282 576 
3 841 199 968 
3 841 645 282 
3 645 841 968 
3 2 303 765 
3 303 653 835 
3 288 303 835 
3 303 288 822 
3 958 2 576 
3 2 958 653 
3 569 335 791 
3 335 248 791 
3 248 335 569 
3 248 760 765 
3 760 248 569 
3 824 59 357 
3 59 824 569 
3 564 791 124 
3 59 564 124 
3 564 59 791 
3 505 170 343 
3 262 706 534 
3 13 706 262 
3 706 454 534 
3 706 13 454 
3 248 874 791 
3 874 854 791 
3 874 248 765 
3 303 874 765 
3 854 874 567 
3 567 874 822 
3 874 303 822 
3 645 776 576 
3 776 645 653 
3 776 958 576 
3 958 776 653 
3 507 378 576 
3 378 841 576 
3 841 378 507 
3 502 2 653 
3 303 502 653 
3 502 303 2 
3 686 760 569 
3 686 380 576 
3 2 686 576 
3 686 2 765 
3 760 686 765 
3 546 607 170 
3 505 546 170 
3 546 486 823 
3 607 546 823 
3 486 546 343 
3 546 505 343 
3 824 686 569 
3 686 720 380 
3 720 686 357 
3 686 824 357 
Vertices and facets:
- p442(v20): 0.027 0.054  0.06
  neighbors: f73 f74 f234 f240
- p945(v19): 0.029  0.13 0.036
  neighbors: f73 f74 f153 f154 f230 f232
- p794(v8): 0.031 0.035 0.061
  neighbors: f73 f79 f152 f154 f178 f239 f240 f263 f267
- p865(v10): 0.014  0.13 0.046
  neighbors: f74 f144 f148 f149 f230 f231 f234 f235
- p617(v22): 0.037 0.066 0.025
  neighbors: f79 f80 f267 f268
- p357(v1): 0.038  0.13 0.017
  neighbors: f79 f80 f152 f153 f232 f251 f344 f388 f389
- p124(v13): 0.038 0.063 0.00063
  neighbors: f80 f86 f251 f264 f268 f346 f347
- p791(v24): 0.032 0.049 -0.018
  neighbors: f86 f253 f288 f335 f336 f346 f348 f357 f358
- p742(v5): 0.022 -0.0016 -0.017
  neighbors: f86 f203 f264 f288 f289 f290 f293
- p18(v30): -0.016 -0.014 -0.015
  neighbors: f120 f122 f123 f124 f131 f209 f210 f300 f309 f310
- p454(v11): -0.013 -0.023 0.032
  neighbors: f120 f122 f275 f355 f356
- p534(v7): -0.024 -0.0091 0.042
  neighbors: f120 f242 f244 f299 f300 f353 f355
- p200(v2): -0.0012 -0.027 0.034
  neighbors: f122 f123 f260 f273 f275
- p823(v25): -6.6e-05 -0.027 0.032
  neighbors: f123 f124 f214 f260 f382 f383
- p822(v29): -0.004 -0.015 -0.02
  neighbors: f124 f203 f210 f214 f290 f291 f328 f362 f363
- p653(v32): -0.031 0.053 -0.02
  neighbors: f131 f309 f326 f334 f365 f367 f371 f372
- p835(v16): -0.019 0.0061 -0.02
  neighbors: f131 f209 f326 f327
- p530(v35): 0.00037  0.13 0.049
  neighbors: f144 f235 f236 f280 f282
- p131(v18): -0.018  0.13 0.045
  neighbors: f144 f147 f148 f269 f282 f284
- p763(v36): -0.019  0.13  0.04
  neighbors: f147 f148 f149 f150 f151
- p872(v6): -0.035  0.13 0.027
  neighbors: f147 f150 f201 f219 f269 f281 f283 f311 f313
- p380(v34): 0.012  0.13 0.043
  neighbors: f149 f151 f231 f376 f387
- p576(v17): -0.033  0.13 -0.012
  neighbors: f150 f151 f219 f307 f320 f333 f364 f366 f368 f369 f376 f377
- p680(v37): 0.035  0.13 0.028
  neighbors: f152 f153 f154
- p170(v43): 0.021 -0.011 0.044
  neighbors: f178 f263 f266 f277 f278 f349 f380 f381
- p141(v15): 0.011 0.032 0.064
  neighbors: f178 f199 f238 f239 f274 f277
- p262(v45): -0.024 0.032 0.064
  neighbors: f196 f199 f200 f201 f244 f245 f274 f279 f281 f353 f354
- p413(v40): -0.031  0.04  0.04
  neighbors: f196 f241 f245
- p151(v21): -0.036 0.063 0.028
  neighbors: f196 f201 f241 f243 f313 f315
- p845(v38): 0.0027 0.043 0.065
  neighbors: f199 f200 f237 f238
- p20(v3): -0.0035 0.048 0.065
  neighbors: f200 f236 f237 f279 f280
- p567(v46): 0.015 0.0072 -0.02
  neighbors: f203 f289 f361 f362
- p288(v47): -0.015 -0.004 -0.02
  neighbors: f209 f210 f327 f328
- p486(v48): 0.011 -0.016 -0.014
  neighbors: f214 f291 f292 f382 f384
- p507(v50): -0.036  0.13 0.013
  neighbors: f219 f311 f319 f368 f370
- p720(v53): 0.025  0.13 0.038
  neighbors: f230 f231 f232 f387 f388
- p732(v54): 0.011 0.042 0.065
  neighbors: f234 f235 f236 f237 f238 f239 f240
- p330(v55): -0.031 0.037 0.038
  neighbors: f241 f242 f243 f244 f245
- p299(v0): -0.04 0.067 0.0093
  neighbors: f242 f243 f299 f304 f305 f314 f315
- p59(v57): 0.038  0.13 -0.00093
  neighbors: f251 f253 f344 f345 f347 f348
- p569(v41): 0.028  0.13 -0.016
  neighbors: f253 f335 f337 f340 f345 f374 f386
- p607(v58): 0.0093 -0.024  0.04
  neighbors: f260 f273 f278 f380 f383
- p705(v59): 0.026 -0.0061 0.038
  neighbors: f263 f264 f266 f267 f268 f293 f294
- p343(v14): 0.018 -0.02 0.034
  neighbors: f266 f292 f294 f349 f384 f385
- p251(v60): -0.03  0.13 0.034
  neighbors: f269 f283 f284
- p13(v61): -0.0044 -0.019 0.045
  neighbors: f273 f274 f275 f277 f278 f354 f356
- p387(v62): -0.023 0.046 0.064
  neighbors: f279 f280 f281 f282 f283 f284
- p854(v63): 0.018 0.015 -0.02
  neighbors: f288 f289 f358 f361
- p785(v64): 0.019 -0.012 -0.015
  neighbors: f290 f291 f292 f293 f294
- p968(v65): -0.039 0.066 0.0023
  neighbors: f299 f300 f305 f310 f321 f323
- p199(v66): -0.039  0.13 0.0083
  neighbors: f304 f305 f317 f321
- p956(v31): -0.039  0.13 0.0095
  neighbors: f304 f314 f317 f318
- p645(v67): -0.037 0.063 -0.0077
  neighbors: f307 f309 f310 f322 f323 f364 f365
- p282(v49): -0.037  0.12 -0.00084
  neighbors: f307 f320 f322
- p849(v68): -0.038  0.13 0.018
  neighbors: f311 f313 f314 f315 f318 f319
- p841(v69): -0.038  0.13 0.0019
  neighbors: f317 f318 f319 f320 f321 f322 f323 f369 f370
- p303(v70): -0.00018  0.12 -0.029
  neighbors: f324 f326 f327 f328 f360 f363 f372 f373
- p2(v52): -0.016  0.13 -0.026
  neighbors: f324 f333 f334 f371 f373 f377 f378
- p765(v9): 0.00061  0.12 -0.029
  neighbors: f324 f339 f359 f360 f378 f379
- p958(v71): -0.018  0.13 -0.025
  neighbors: f333 f334 f366 f367
- p335(v72): 0.018  0.12 -0.025
  neighbors: f335 f336 f337
- p248(v56): 0.017  0.13 -0.025
  neighbors: f336 f337 f339 f340 f357 f359
- p760(v73): 0.017  0.13 -0.025
  neighbors: f339 f340 f374 f379
- p824(v74): 0.037  0.13 -0.0015
  neighbors: f344 f345 f386 f389
- p564(v75): 0.035 0.061 -0.0088
  neighbors: f346 f347 f348
- p505(v76): 0.016 -0.021 0.037
  neighbors: f349 f381 f385
- p706(v77): -0.019 -0.013 0.043
  neighbors: f353 f354 f355 f356
- p874(v78): 0.0043  0.12 -0.029
  neighbors: f357 f358 f359 f360 f361 f362 f363
- p776(v79): -0.032  0.06 -0.019
  neighbors: f364 f365 f366 f367
- p378(v80): -0.035  0.13 -0.0013
  neighbors: f368 f369 f370
- p502(v81): -0.012  0.11 -0.026
  neighbors: f371 f372 f373
- p686(v82): -0.011  0.13 -0.024
  neighbors: f374 f376 f377 f378 f379 f386 f387 f388 f389
- p546(v83): 0.012 -0.023 0.038
  neighbors: f380 f381 f382 f383 f384 f385
- f73
    - flags: top simplicial
    - normal:    0.7366     0.18   0.6519
    - offset: -0.06851187
    - vertices: p442(v20) p945(v19) p794(v8)
    - neighboring facets: f154 f240 f74
- f74
    - flags: bottom simplicial
    - normal:    0.5569   0.2296   0.7982
    - offset: -0.07504987
    - center: 0.02340960000000001 0.1063559 0.04710230000000001 
    - vertices: p442(v20) p945(v19) p865(v10)
    - neighboring facets: f230 f234 f73
- f79
    - flags: top simplicial
    - normal:     0.982  0.01117   0.1887
    - offset: -0.04220862
    - vertices: p617(v22) p794(v8) p357(v1)
    - neighboring facets: f152 f80 f267
- f80
    - flags: bottom simplicial
    - normal:    0.9997 -0.009411  0.02185
    - offset: -0.03728655
    - center: 0.03780290000000001 0.08714796666666667 0.01439709166666667 
    - vertices: p617(v22) p124(v13) p357(v1)
    - neighboring facets: f251 f79 f268
- f86
    - flags: bottom simplicial
    - normal:    0.9659  -0.1873  -0.1787
    - offset: -0.02465611
    - center: 0.03054406666666667 0.03679386333333333 -0.011448075 
    - vertices: p791(v24) p124(v13) p742(v5)
    - neighboring facets: f264 f288 f346
- f120
    - flags: bottom simplicial
    - normal:   -0.8155  -0.5768 -0.04796
    - offset: -0.02248093
    - vertices: p18(v30) p454(v11) p534(v7)
    - neighboring facets: f355 f300 f122
- f122
    - flags: top simplicial
    - normal:   -0.2782  -0.9484  -0.1519
    - offset: -0.02062087
    - vertices: p18(v30) p454(v11) p200(v2)
    - neighboring facets: f275 f123 f120
- f123
    - flags: bottom simplicial
    - normal:  -0.08192  -0.9724  -0.2185
    - offset: -0.01875779
    - vertices: p18(v30) p823(v25) p200(v2)
    - neighboring facets: f260 f122 f124
- f124
    - flags: bottom simplicial
    - normal:  -0.08095  -0.9724  -0.2188
    - offset: -0.01874706
    - vertices: p18(v30) p822(v29) p823(v25)
    - neighboring facets: f214 f123 f210
- f131
    - flags: top simplicial
    - normal:   -0.8526  -0.2154   -0.476
    - offset: -0.02437021
    - vertices: p653(v32) p18(v30) p835(v16)
    - neighboring facets: f209 f326 f309
- f144
    - flags: top simplicial
    - normal:  -0.08293   0.7683   0.6347
    - offset: -0.1298863
    - vertices: p530(v35) p131(v18) p865(v10)
    - neighboring facets: f148 f235 f282
- f147
    - flags: top simplicial
    - normal:   -0.3533   0.8338   0.4243
    - offset: -0.1338289
    - vertices: p763(v36) p131(v18) p872(v6)
    - neighboring facets: f269 f150 f148
- f148
    - flags: bottom simplicial
    - normal:  -0.08428   0.9183   0.3868
    - offset: -0.1382925
    - vertices: p763(v36) p131(v18) p865(v10)
    - neighboring facets: f144 f149 f147
- f149
    - flags: top simplicial
    - normal:  -0.02065   0.9993  0.03038
    - offset: -0.1334663
    - center: 0.002283933333333334 0.132294 0.0430756 
    - vertices: p763(v36) p380(v34) p865(v10)
    - neighboring facets: f231 f148 f151
- f150
    - flags: bottom simplicial
    - normal:  -0.02681   0.9996  0.01167
    - offset: -0.1328673
    - vertices: p763(v36) p576(v17) p872(v6)
    - neighboring facets: f219 f147 f151
- f151
    - flags: bottom simplicial
    - normal:  -0.01875   0.9998 0.009604
    - offset: -0.1326563
    - center: -0.01326786666666667 0.1322096666666667 0.02365446666666667 
    - vertices: p763(v36) p380(v34) p576(v17)
    - neighboring facets: f376 f150 f149
- f152
    - flags: bottom simplicial
    - normal:    0.9505  0.06454   0.3039
    - offset: -0.05006208
    - vertices: p680(v37) p794(v8) p357(v1)
    - neighboring facets: f79 f153 f154
- f153
    - flags: top simplicial
    - normal:    0.7325   0.5777   0.3602
    - offset: -0.1107046
    - center: 0.034036 0.1316076666666667 0.0270471 
    - vertices: p680(v37) p945(v19) p357(v1)
    - neighboring facets: f232 f152 f154
- f154
    - flags: bottom simplicial
    - normal:    0.8062   0.1602   0.5695
    - offset: -0.06499328
    - vertices: p680(v37) p945(v19) p794(v8)
    - neighboring facets: f73 f152 f153
- f178
    - flags: top simplicial
    - normal:     0.231  -0.3693   0.9001
    - offset: -0.04882909
    - vertices: p170(v43) p141(v15) p794(v8)
    - neighboring facets: f239 f263 f277
- f196
    - flags: top simplicial
    - normal:   -0.9609 -0.08975    0.262
    - offset: -0.03660978
    - vertices: p262(v45) p413(v40) p151(v21)
    - neighboring facets: f241 f201 f245
- f199
    - flags: top simplicial
    - normal:  -0.00699 -0.05448   0.9985
    - offset: -0.06246198
    - vertices: p262(v45) p845(v38) p141(v15)
    - neighboring facets: f238 f274 f200
- f200
    - flags: bottom simplicial
    - normal:  -0.01948 -0.02301   0.9995
    - offset: -0.06383772
    - vertices: p262(v45) p845(v38) p20(v3)
    - neighboring facets: f237 f279 f199
- f201
    - flags: top simplicial
    - normal:   -0.9384  0.01706   0.3452
    - offset: -0.04485414
    - vertices: p262(v45) p151(v21) p872(v6)
    - neighboring facets: f313 f281 f196
- f203
    - flags: top simplicial
    - normal:    0.1674  -0.1439  -0.9753
    - offset: -0.0205771
    - vertices: p567(v46) p822(v29) p742(v5)
    - neighboring facets: f290 f289 f362
- f209
    - flags: bottom simplicial
    - normal:   -0.5766  -0.2444  -0.7797
    - offset: -0.02487566
    - vertices: p288(v47) p18(v30) p835(v16)
    - neighboring facets: f131 f327 f210
- f210
    - flags: top simplicial
    - normal:   -0.3191  -0.3286  -0.8889
    - offset: -0.02352964
    - vertices: p288(v47) p18(v30) p822(v29)
    - neighboring facets: f124 f328 f209
- f214
    - flags: top simplicial
    - normal:  -0.01671  -0.9744  -0.2242
    - offset: -0.01862179
    - vertices: p486(v48) p822(v29) p823(v25)
    - neighboring facets: f124 f382 f291
- f219
    - flags: top simplicial
    - normal:  -0.07513   0.9971 0.008258
    - offset:  -0.134164
    - vertices: p507(v50) p576(v17) p872(v6)
    - neighboring facets: f150 f311 f368
- f230
    - flags: top simplicial tested
    - normal:    0.1142   0.9793   0.1669
    - offset: -0.1390111
    - center: 0.02284343333333333 0.132474 0.0399306 
    - vertices: p720(v53) p945(v19) p865(v10)
    - neighboring facets: f74 f231 f232
- f231
    - flags: bottom simplicial tested seen
    - normal:  0.005467   0.9999   0.0147
    - offset: -0.1331817
    - center: 0.01716503333333333 0.132481 0.04239613333333333 
    - vertices: p720(v53) p380(v34) p865(v10)
    - neighboring facets: f149 f230 f387
    - ridges:
- f232
    - flags: bottom simplicial tested seen
    - normal:  0.009249   0.9999 0.005683
    - offset: -0.1329431
    - center: 0.03089333333333333 0.132493 0.03028456666666667 
    - vertices: p720(v53) p945(v19) p357(v1)
    - neighboring facets: f153 f388 f230
    - ridges:
- f234
    - flags: bottom simplicial
    - normal:    0.1731   0.1943   0.9655
    - offset: -0.07272238
    - vertices: p732(v54) p442(v20) p865(v10)
    - neighboring facets: f74 f235 f240
- f235
    - flags: top simplicial
    - normal:    0.1413   0.1963   0.9703
    - offset: -0.07275575
    - vertices: p732(v54) p530(v35) p865(v10)
    - neighboring facets: f144 f234 f236
- f236
    - flags: bottom simplicial
    - normal:    0.0784   0.1899   0.9787
    - offset: -0.07231813
    - vertices: p732(v54) p530(v35) p20(v3)
    - neighboring facets: f280 f237 f235
- f237
    - flags: top simplicial
    - normal:   0.01316  0.01554   0.9998
    - offset: -0.06558337
    - vertices: p732(v54) p845(v38) p20(v3)
    - neighboring facets: f200 f236 f238
- f238
    - flags: bottom simplicial
    - normal:   0.01094 -0.04016   0.9991
    - offset: -0.06316163
    - vertices: p732(v54) p845(v38) p141(v15)
    - neighboring facets: f199 f239 f237
- f239
    - flags: bottom simplicial
    - normal:    0.1971 -0.03815   0.9796
    - offset: -0.06408165
    - vertices: p732(v54) p141(v15) p794(v8)
    - neighboring facets: f178 f240 f238
- f240
    - flags: top simplicial
    - normal:    0.2458  0.09717   0.9644
    - offset: -0.06936443
    - vertices: p732(v54) p442(v20) p794(v8)
    - neighboring facets: f73 f239 f234
- f241
    - flags: bottom simplicial
    - normal:   -0.9663   -0.105   0.2349
    - offset: -0.03509436
    - vertices: p330(v55) p413(v40) p151(v21)
    - neighboring facets: f196 f243 f245
- f242
    - flags: top simplicial
    - normal:   -0.9778  -0.1451   0.1512
    - offset: -0.03076256
    - vertices: p330(v55) p534(v7) p299(v0)
    - neighboring facets: f299 f243 f244
- f243
    - flags: bottom simplicial
    - normal:   -0.9777  -0.1387   0.1577
    - offset: -0.03124327
    - vertices: p330(v55) p151(v21) p299(v0)
    - neighboring facets: f315 f242 f241
- f244
    - flags: top simplicial
    - normal:   -0.9589   -0.134   0.2501
    - offset: -0.03437762
    - vertices: p330(v55) p262(v45) p534(v7)
    - neighboring facets: f353 f242 f245
- f245
    - flags: bottom simplicial
    - normal:   -0.9604  -0.1147   0.2541
    - offset: -0.03528823
    - vertices: p330(v55) p262(v45) p413(v40)
    - neighboring facets: f196 f241 f244
- f251
    - flags: top simplicial tested
    - normal:    0.9995 0.003444 -0.03195
    - offset: -0.03805495
    - center: 0.0378781 0.1093343666666667 0.005638171 
    - vertices: p59(v57) p124(v13) p357(v1)
    - neighboring facets: f80 f344 f347
- f253
    - flags: top simplicial tested
    - normal:     0.838  0.05128  -0.5433
    - offset: -0.03879197
    - center: 0.0323531 0.1046025666666667 -0.011627654 
    - vertices: p59(v57) p569(v41) p791(v24)
    - neighboring facets: f335 f348 f345
- f260
    - flags: top simplicial
    - normal:    0.2304  -0.9728  0.02275
    - offset: -0.02657872
    - vertices: p607(v58) p823(v25) p200(v2)
    - neighboring facets: f123 f273 f383
- f263
    - flags: top simplicial
    - normal:    0.8548  -0.3329   0.3982
    - offset: -0.03901518
    - vertices: p705(v59) p170(v43) p794(v8)
    - neighboring facets: f178 f267 f266
- f264
    - flags: top simplicial
    - normal:     0.973  -0.2155 -0.08204
    - offset: -0.02320842
    - vertices: p705(v59) p124(v13) p742(v5)
    - neighboring facets: f86 f293 f268
- f266
    - flags: bottom simplicial
    - normal:    0.8177  -0.5257   0.2347
    - offset: -0.03307288
    - vertices: p705(v59) p170(v43) p343(v14)
    - neighboring facets: f349 f294 f263
- f267
    - flags: bottom simplicial
    - normal:    0.9873  -0.1526  0.04464
    - offset: -0.02796864
    - vertices: p705(v59) p617(v22) p794(v8)
    - neighboring facets: f79 f263 f268
- f268
    - flags: top simplicial
    - normal:    0.9874  -0.1538  0.03776
    - offset: -0.02771903
    - vertices: p705(v59) p617(v22) p124(v13)
    - neighboring facets: f80 f264 f267
- f269
    - flags: bottom simplicial
    - normal:   -0.6791   0.2468   0.6914
    - offset: -0.07534969
    - vertices: p251(v60) p131(v18) p872(v6)
    - neighboring facets: f147 f283 f284
- f273
    - flags: top simplicial
    - normal:  -0.09916  -0.8205    0.563
    - offset: -0.04124862
    - vertices: p13(v61) p607(v58) p200(v2)
    - neighboring facets: f260 f275 f278
- f274
    - flags: top simplicial
    - normal:  -0.01025  -0.3574   0.9339
    - offset: -0.04864063
    - vertices: p13(v61) p262(v45) p141(v15)
    - neighboring facets: f199 f277 f354
- f275
    - flags: bottom simplicial
    - normal:   -0.3441  -0.8064   0.4809
    - offset: -0.03838574
    - vertices: p13(v61) p454(v11) p200(v2)
    - neighboring facets: f122 f273 f356
- f277
    - flags: bottom simplicial
    - normal:    0.1381  -0.3937   0.9088
    - offset: -0.0475568
    - vertices: p13(v61) p170(v43) p141(v15)
    - neighboring facets: f178 f274 f278
- f278
    - flags: bottom simplicial
    - normal:    0.1565  -0.4515   0.8785
    - offset: -0.04721695
    - vertices: p13(v61) p607(v58) p170(v43)
    - neighboring facets: f380 f277 f273
- f279
    - flags: bottom simplicial
    - normal:   -0.0733  0.04674   0.9962
    - offset: -0.06714074
    - vertices: p387(v62) p262(v45) p20(v3)
    - neighboring facets: f200 f280 f281
- f280
    - flags: top simplicial
    - normal:  -0.08546   0.1972   0.9766
    - offset: -0.0731022
    - vertices: p387(v62) p530(v35) p20(v3)
    - neighboring facets: f236 f279 f282
- f281
    - flags: top simplicial
    - normal:   -0.9047  0.04995   0.4231
    - offset: -0.05011401
    - vertices: p387(v62) p262(v45) p872(v6)
    - neighboring facets: f201 f283 f279
- f282
    - flags: bottom simplicial
    - normal:   -0.1926   0.2239   0.9554
    - offset: -0.07546149
    - vertices: p387(v62) p530(v35) p131(v18)
    - neighboring facets: f144 f284 f280
- f283
    - flags: bottom simplicial
    - normal:   -0.7043   0.1893   0.6842
    - offset: -0.06847937
    - vertices: p387(v62) p251(v60) p872(v6)
    - neighboring facets: f269 f281 f284
- f284
    - flags: top simplicial
    - normal:   -0.6834   0.1977   0.7027
    - offset: -0.06956216
    - vertices: p387(v62) p251(v60) p131(v18)
    - neighboring facets: f269 f282 f283
- f288
    - flags: bottom simplicial
    - normal:    0.2999 -0.07273  -0.9512
    - offset: -0.02297379
    - vertices: p854(v63) p791(v24) p742(v5)
    - neighboring facets: f86 f289 f358
- f289
    - flags: top simplicial
    - normal:    0.2245 -0.09399  -0.9699
    - offset: -0.02166354
    - vertices: p854(v63) p567(v46) p742(v5)
    - neighboring facets: f203 f288 f361
- f290
    - flags: bottom simplicial
    - normal:    0.2018  -0.2174   -0.955
    - offset: -0.02110629
    - vertices: p785(v64) p822(v29) p742(v5)
    - neighboring facets: f203 f293 f291
- f291
    - flags: bottom simplicial
    - normal:    0.2135  -0.6235  -0.7521
    - offset: -0.02296871
    - vertices: p785(v64) p486(v48) p822(v29)
    - neighboring facets: f214 f290 f292
- f292
    - flags: top simplicial
    - normal:    0.4916  -0.8603  -0.1352
    - offset: -0.0213529
    - vertices: p785(v64) p486(v48) p343(v14)
    - neighboring facets: f384 f294 f291
- f293
    - flags: top simplicial
    - normal:    0.9369   -0.338 -0.08977
    - offset: -0.02273824
    - vertices: p785(v64) p705(v59) p742(v5)
    - neighboring facets: f264 f290 f294
- f294
    - flags: bottom simplicial
    - normal:    0.8798  -0.4705 -0.06801
    - offset: -0.02290651
    - vertices: p785(v64) p705(v59) p343(v14)
    - neighboring facets: f266 f292 f293
- f299
    - flags: bottom simplicial
    - normal:   -0.9702  -0.2347 -0.06064
    - offset: -0.02248614
    - vertices: p968(v65) p534(v7) p299(v0)
    - neighboring facets: f242 f305 f300
- f300
    - flags: bottom simplicial
    - normal:   -0.9628  -0.2523 -0.09694
    - offset: -0.0209446
    - vertices: p968(v65) p18(v30) p534(v7)
    - neighboring facets: f120 f299 f310
- f304
    - flags: top simplicial
    - normal:   -0.9981  0.01631 -0.06008
    - offset: -0.04038941
    - vertices: p199(v66) p956(v31) p299(v0)
    - neighboring facets: f314 f305 f317
- f305
    - flags: bottom simplicial
    - normal:   -0.9969  0.01598 -0.07746
    - offset: -0.04015692
    - vertices: p199(v66) p968(v65) p299(v0)
    - neighboring facets: f299 f304 f321
- f307
    - flags: bottom simplicial
    - normal:   -0.9309   0.0303  -0.3641
    - offset: -0.03879534
    - vertices: p645(v67) p282(v49) p576(v17)
    - neighboring facets: f320 f364 f322
- f309
    - flags: bottom simplicial
    - normal:   -0.9423  -0.2203  -0.2521
    - offset: -0.02250615
    - vertices: p645(v67) p653(v32) p18(v30)
    - neighboring facets: f131 f310 f365
- f310
    - flags: top simplicial
    - normal:   -0.9541  -0.2291  -0.1928
    - offset: -0.02192555
    - vertices: p645(v67) p968(v65) p18(v30)
    - neighboring facets: f300 f309 f323
- f311
    - flags: top simplicial
    - normal:   -0.7274   0.6844  0.05099
    - offset: -0.1172274
    - vertices: p849(v68) p507(v50) p872(v6)
    - neighboring facets: f219 f313 f319
- f313
    - flags: bottom simplicial
    - normal:   -0.9478  0.01708   0.3184
    - offset: -0.04445915
    - vertices: p849(v68) p151(v21) p872(v6)
    - neighboring facets: f201 f311 f315
- f314
    - flags: bottom simplicial
    - normal:   -0.9984  0.01595  0.05359
    - offset: -0.04144201
    - vertices: p849(v68) p956(v31) p299(v0)
    - neighboring facets: f304 f315 f318
- f315
    - flags: top simplicial
    - normal:   -0.9828 -0.003091   0.1847
    - offset: -0.04076856
    - vertices: p849(v68) p151(v21) p299(v0)
    - neighboring facets: f243 f314 f313
- f317
    - flags: bottom simplicial
    - normal:   -0.9936  0.05939 -0.09614
    - offset: -0.04533485
    - vertices: p841(v69) p199(v66) p956(v31)
    - neighboring facets: f304 f318 f321
- f318
    - flags: top simplicial
    - normal:   -0.9364   0.3492 -0.03509
    - offset: -0.08044902
    - vertices: p841(v69) p849(v68) p956(v31)
    - neighboring facets: f314 f317 f319
- f319
    - flags: bottom simplicial
    - normal:   -0.8189   0.5723 -0.04333
    - offset: -0.1045722
    - vertices: p841(v69) p849(v68) p507(v50)
    - neighboring facets: f311 f370 f318
- f320
    - flags: top simplicial
    - normal:   -0.9339  0.04091  -0.3551
    - offset: -0.04018904
    - vertices: p841(v69) p282(v49) p576(v17)
    - neighboring facets: f307 f369 f322
- f321
    - flags: top simplicial
    - normal:   -0.9935  0.01945  -0.1119
    - offset: -0.04017845
    - vertices: p841(v69) p199(v66) p968(v65)
    - neighboring facets: f305 f323 f317
- f322
    - flags: top simplicial
    - normal:   -0.9478  0.02459  -0.3178
    - offset: -0.03869886
    - vertices: p841(v69) p645(v67) p282(v49)
    - neighboring facets: f307 f320 f323
- f323
    - flags: bottom simplicial
    - normal:   -0.9613  0.01793   -0.275
    - offset: -0.03843997
    - vertices: p841(v69) p645(v67) p968(v65)
    - neighboring facets: f310 f321 f322
- f324
    - flags: bottom simplicial
    - normal:   -0.1803  0.06307  -0.9816
    - offset: -0.03627418
    - center: -0.005060883333333334 0.1239696666666667 -0.0280597 
    - vertices: p303(v70) p2(v52) p765(v9)
    - neighboring facets: f378 f360 f373
- f326
    - flags: top simplicial
    - normal:   -0.1953 -0.04837  -0.9795
    - offset: -0.02269385
    - vertices: p303(v70) p653(v32) p835(v16)
    - neighboring facets: f131 f327 f372
- f327
    - flags: bottom simplicial
    - normal:   -0.1381 -0.05853  -0.9887
    - offset: -0.02171651
    - vertices: p303(v70) p288(v47) p835(v16)
    - neighboring facets: f209 f326 f328
- f328
    - flags: top simplicial
    - normal:  -0.06559 -0.06755  -0.9956
    - offset: -0.02080883
    - vertices: p303(v70) p288(v47) p822(v29)
    - neighboring facets: f210 f363 f327
- f333
    - flags: top simplicial
    - normal:   -0.5187   0.3547  -0.7779
    - offset: -0.07324122
    - center: -0.02193833333333333 0.128359 -0.02099243333333333 
    - vertices: p958(v71) p2(v52) p576(v17)
    - neighboring facets: f377 f366 f334
- f334
    - flags: bottom simplicial
    - normal:   -0.4676   0.0221  -0.8837
    - offset: -0.0330261
    - vertices: p958(v71) p2(v52) p653(v32)
    - neighboring facets: f371 f367 f333
- f335
    - flags: bottom simplicial
    - normal:    0.6367   0.0468  -0.7697
    - offset: -0.03624467
    - vertices: p335(v72) p569(v41) p791(v24)
    - neighboring facets: f253 f336 f337
- f336
    - flags: top simplicial
    - normal:    0.5475   0.0242  -0.8364
    - offset: -0.03350856
    - vertices: p335(v72) p248(v56) p791(v24)
    - neighboring facets: f357 f335 f337
- f337
    - flags: bottom simplicial
    - normal:    0.6288  0.06012  -0.7753
    - offset: -0.03787825
    - vertices: p335(v72) p248(v56) p569(v41)
    - neighboring facets: f340 f335 f336
- f339
    - flags: bottom simplicial
    - normal:    0.1949   0.1105  -0.9746
    - offset: -0.04216951
    - center: 0.011277522 0.1265936666666667 -0.02666109999999999 
    - vertices: p760(v73) p248(v56) p765(v9)
    - neighboring facets: f359 f379 f340
- f340
    - flags: top simplicial
    - normal:    0.6167  0.09781  -0.7811
    - offset:  -0.042632
    - center: 0.02033276666666666 0.129495 -0.02231006666666667 
    - vertices: p760(v73) p248(v56) p569(v41)
    - neighboring facets: f337 f374 f339
- f344
    - flags: top simplicial tested seen
    - normal:    0.1524   0.9883 -0.009499
    - offset:  -0.136599
    - center: 0.03758593333333334 0.1324716666666667 0.004924122666666667 
    - vertices: p824(v74) p59(v57) p357(v1)
    - neighboring facets: f251 f389 f345
    - ridges:
- f345
    - flags: bottom simplicial tested seen
    - normal:    0.3573   0.9061  -0.2267
    - offset: -0.1336172
    - center: 0.03412086666666666 0.1324716666666667 -0.006166743999999997 
    - vertices: p824(v74) p59(v57) p569(v41)
    - neighboring facets: f253 f386 f344
    - ridges:
- f346
    - flags: top simplicial
    - normal:    0.9656  -0.1177  -0.2319
    - offset: -0.02900189
    - vertices: p564(v75) p791(v24) p124(v13)
    - neighboring facets: f86 f347 f348
- f347
    - flags: bottom simplicial
    - normal:    0.9657 -0.001806  -0.2597
    - offset: -0.03630061
    - vertices: p564(v75) p59(v57) p124(v13)
    - neighboring facets: f251 f346 f348
- f348
    - flags: top simplicial
    - normal:    0.9223  0.01344  -0.3863
    - offset: -0.03680487
    - vertices: p564(v75) p59(v57) p791(v24)
    - neighboring facets: f253 f346 f347
- f349
    - flags: top simplicial
    - normal:    0.7921  -0.5513   0.2621
    - offset: -0.03404083
    - vertices: p505(v76) p170(v43) p343(v14)
    - neighboring facets: f266 f385 f381
- f353
    - flags: bottom simplicial
    - normal:   -0.5615  -0.3903   0.7296
    - offset: -0.04749984
    - vertices: p706(v77) p262(v45) p534(v7)
    - neighboring facets: f244 f355 f354
- f354
    - flags: bottom simplicial
    - normal:   -0.2508  -0.4236   0.8704
    - offset: -0.04811934
    - vertices: p706(v77) p13(v61) p262(v45)
    - neighboring facets: f274 f353 f356
- f355
    - flags: top simplicial
    - normal:    -0.703  -0.6803   0.2073
    - offset: -0.03150749
    - vertices: p706(v77) p454(v11) p534(v7)
    - neighboring facets: f120 f353 f356
- f356
    - flags: top simplicial
    - normal:   -0.3544   -0.799   0.4857
    - offset: -0.03850524
    - vertices: p706(v77) p13(v61) p454(v11)
    - neighboring facets: f275 f355 f354
- f357
    - flags: bottom simplicial
    - normal:    0.2737 -0.04036   -0.961
    - offset: -0.02390116
    - vertices: p874(v78) p248(v56) p791(v24)
    - neighboring facets: f336 f358 f359
- f358
    - flags: top simplicial
    - normal:    0.2487 -0.05104  -0.9672
    - offset: -0.02269902
    - vertices: p874(v78) p854(v63) p791(v24)
    - neighboring facets: f288 f357 f361
- f359
    - flags: top simplicial
    - normal:    0.2043  0.07136  -0.9763
    - offset: -0.03738036
    - vertices: p874(v78) p248(v56) p765(v9)
    - neighboring facets: f339 f360 f357
- f360
    - flags: bottom simplicial
    - normal:   0.09053 -0.02422  -0.9956
    - offset: -0.02604067
    - vertices: p874(v78) p303(v70) p765(v9)
    - neighboring facets: f324 f359 f363
- f361
    - flags: bottom simplicial
    - normal:    0.1551 -0.06496  -0.9858
    - offset: -0.02116999
    - vertices: p874(v78) p854(v63) p567(v46)
    - neighboring facets: f289 f362 f358
- f362
    - flags: bottom simplicial
    - normal:     0.084 -0.07218  -0.9938
    - offset: -0.02023748
    - vertices: p874(v78) p567(v46) p822(v29)
    - neighboring facets: f203 f363 f361
- f363
    - flags: top simplicial
    - normal:   0.06929 -0.07135   -0.995
    - offset: -0.02030834
    - vertices: p874(v78) p303(v70) p822(v29)
    - neighboring facets: f328 f362 f360
- f364
    - flags: bottom simplicial
    - normal:     -0.91  0.02592  -0.4138
    - offset: -0.03813732
    - vertices: p776(v79) p645(v67) p576(v17)
    - neighboring facets: f307 f366 f365
- f365
    - flags: top simplicial
    - normal:   -0.9148 -0.02591  -0.4032
    - offset: -0.03495268
    - vertices: p776(v79) p645(v67) p653(v32)
    - neighboring facets: f309 f367 f364
- f366
    - flags: top simplicial
    - normal:    -0.631  0.06501   -0.773
    - offset: -0.03855113
    - vertices: p776(v79) p958(v71) p576(v17)
    - neighboring facets: f333 f364 f367
- f367
    - flags: bottom simplicial
    - normal:   -0.5141  0.03267  -0.8571
    - offset: -0.03451336
    - vertices: p776(v79) p958(v71) p653(v32)
    - neighboring facets: f334 f365 f366
- f368
    - flags: bottom simplicial
    - normal:   -0.2782   0.9603 -0.02242
    - offset: -0.1362882
    - vertices: p378(v80) p507(v50) p576(v17)
    - neighboring facets: f219 f369 f370
- f369
    - flags: top simplicial
    - normal:   -0.7946   0.5888   -0.148
    - offset:  -0.105563
    - vertices: p378(v80) p841(v69) p576(v17)
    - neighboring facets: f320 f368 f370
- f370
    - flags: bottom simplicial
    - normal:   -0.7688   0.6355 -0.07104
    - offset: -0.1107165
    - vertices: p378(v80) p841(v69) p507(v50)
    - neighboring facets: f319 f368 f369
- f371
    - flags: top simplicial
    - normal:   -0.2228 -0.03718  -0.9742
    - offset: -0.0240369
    - vertices: p502(v81) p2(v52) p653(v32)
    - neighboring facets: f334 f372 f373
- f372
    - flags: bottom simplicial
    - normal:    -0.207 -0.04278  -0.9774
    - offset: -0.02331232
    - vertices: p502(v81) p303(v70) p653(v32)
    - neighboring facets: f326 f371 f373
- f373
    - flags: top simplicial
    - normal:   -0.2135 -0.03503  -0.9763
    - offset: -0.02422164
    - vertices: p502(v81) p303(v70) p2(v52)
    - neighboring facets: f324 f371 f372
- f374
    - flags: top simplicial tested seen
    - normal:   0.09504   0.8685  -0.4866
    - offset: -0.1255233
    - center: 0.01107616666666666 0.1311666666666667 -0.0217 
    - vertices: p686(v82) p760(v73) p569(v41)
    - neighboring facets: f340 f386 f379
    - ridges:
- f376
    - flags: top simplicial tested seen
    - normal:  -0.01215   0.9999 0.004239
    - offset: -0.1325241
    - center: -0.01055653333333333 0.1323966666666667 0.002403266666666666 
    - vertices: p686(v82) p380(v34) p576(v17)
    - neighboring facets: f151 f377 f387
    - ridges:
- f377
    - flags: bottom simplicial tested
    - normal:   -0.3903   0.5855  -0.7105
    - offset: -0.09874614
    - center: -0.01979816666666667 0.130482 -0.02057176666666666 
    - vertices: p686(v82) p2(v52) p576(v17)
    - neighboring facets: f333 f376 f378
- f378
    - flags: top simplicial tested
    - normal:  -0.09656   0.4314   -0.897
    - offset: -0.07945654
    - center: -0.008716777999999998 0.127684 -0.02623856666666666 
    - vertices: p686(v82) p2(v52) p765(v9)
    - neighboring facets: f324 f379 f377
- f379
    - flags: bottom simplicial tested
    - normal:   0.02915   0.5585   -0.829
    - offset: -0.09329572
    - center: 0.002020922 0.1282653333333333 -0.02605103333333334 
    - vertices: p686(v82) p760(v73) p765(v9)
    - neighboring facets: f339 f378 f374
- f380
    - flags: top simplicial
    - normal:     0.487  -0.6336   0.6011
    - offset: -0.04370373
    - vertices: p546(v83) p607(v58) p170(v43)
    - neighboring facets: f278 f381 f383
- f381
    - flags: bottom simplicial
    - normal:    0.4914  -0.6343   0.5968
    - offset: -0.04360867
    - vertices: p546(v83) p505(v76) p170(v43)
    - neighboring facets: f349 f380 f385
- f382
    - flags: top simplicial
    - normal:    0.3119  -0.9405  -0.1351
    - offset: -0.02058894
    - vertices: p546(v83) p486(v48) p823(v25)
    - neighboring facets: f214 f383 f384
- f383
    - flags: bottom simplicial
    - normal:    0.2705  -0.9622 -0.03294
    - offset: -0.02448575
    - vertices: p546(v83) p607(v58) p823(v25)
    - neighboring facets: f260 f382 f380
- f384
    - flags: bottom simplicial
    - normal:    0.4395  -0.8888  -0.1302
    - offset: -0.02114617
    - vertices: p546(v83) p486(v48) p343(v14)
    - neighboring facets: f292 f385 f382
- f385
    - flags: top simplicial
    - normal:    0.4898  -0.8703 -0.05163
    - offset: -0.02433411
    - vertices: p546(v83) p505(v76) p343(v14)
    - neighboring facets: f349 f384 f381
- f386
    - flags: bottom simplicial tricoplanar keepcentrum
    - owner of normal & centrum is facet f386
    - normal:        -0        1       -0
    - offset:    -0.1325
    - center: 0.02154528333333333 0.1325 0.009502721666666665 
    - vertices: p686(v82) p824(v74) p569(v41)
    - neighboring facets: f345 f374 f389
- f387
    - flags: top simplicial tricoplanar
    - owner of normal & centrum is facet f386
    - normal:        -0        1       -0
    - offset:    -0.1325
    - center: 0.02154528333333333 0.1325 0.009502721666666665 
    - vertices: p686(v82) p720(v53) p380(v34)
    - neighboring facets: f231 f376 f388
- f388
    - flags: bottom simplicial tricoplanar
    - owner of normal & centrum is facet f386
    - normal:        -0        1       -0
    - offset:    -0.1325
    - center: 0.02154528333333333 0.1325 0.009502721666666665 
    - vertices: p686(v82) p720(v53) p357(v1)
    - neighboring facets: f232 f389 f387
- f389
    - flags: top simplicial tricoplanar
    - owner of normal & centrum is facet f386
    - normal:        -0        1       -0
    - offset:    -0.1325
    - center: 0.02154528333333333 0.1325 0.009502721666666665 
    - vertices: p686(v82) p824(v74) p357(v1)
    - neighboring facets: f344 f388 f386
