3
1000 190 285
0.018961 0.0230916  0.015 
 -0.13 0.0716256 0.248622 
-0.0441252 0.0863355 0.141347 
0.0684073  0.065 0.142254 
-0.0241435 0.0064907 0.451859 
-0.102 -0.0109085 0.190492 
-0.0881777 0.0834352  0.015 
0.0370727 0.00503952 -2.38606e-09 
-0.0161261 0.0366463   0.01 
0.0527062 -0.109317  0.327 
-0.0269066  0.135 0.305865 
-0.0111401 -0.0501654 0.450464 
-0.0867771 -0.0659086 -2.38606e-09 
-0.122106 -0.0408122 0.146842 
0.0382298 -0.172884 0.138084 
-0.0618578 0.09116249999999999 0.337328 
0.0214286 -0.09382 0.0400173 
-0.0535425 -0.06115 0.141229 
-0.0412291 0.0653453  0.349 
-0.0852599 -0.0525 0.0877633 
0.036797 0.037161 0.462883 
0.0447764 -0.0408818  0.349 
0.0768002 0.113593 0.301066 
0.05177 -0.0673118 0.473421 
-0.125946  -0.12 0.188231 
 -0.05 0.0943793 0.242379 
-0.118373 0.0850244 0.140662 
0.0350198 -0.0339137 0.06900000000000001 
-0.0429073 0.00124768 0.5219510000000001 
0.0006551079999999999 0.0548504  0.033 
-0.052 -0.0596916 0.29537 
0.00250634 0.0459256 0.14036 
-0.10845 -0.00439997 0.297572 
0.11807 0.121729 0.138612 
-0.124169 -0.142073 0.180263 
0.0984993 0.06115 0.125284 
0.054519 0.0419883 0.514579 
 -0.13 -0.103394 0.265072 
-0.0576049 -0.0398208 0.0250503 
0.0197514 -0.07842159999999999  0.346 
0.0855158 0.102285 0.0405601 
-0.0880238  0.135 0.274799 
0.122933 0.105923 0.235629 
0.06404840000000001 -0.093777 0.258189 
-0.0146295 -0.0304954 0.515572 
0.01293 -0.0184231  0.317 
-0.076201 -0.00600073 0.173791 
-0.0409428 -0.18654 0.25865 
0.0539488 -0.221268 0.243408 
0.0903587 0.0215902 0.06985 
 -0.05 -0.045216 0.275943 
0.0652712 0.166925 0.131562 
0.07834140000000001 -0.103383 0.020539 
-0.0477485 0.0515128  0.015 
-0.122 -0.083797 0.243652 
0.0510375 0.0974624 0.346729 
-0.0573828 0.019019 0.501311 
-0.0130421 -0.178082 0.14065 
-0.02821 -0.109982 0.133137 
-0.07196329999999999 0.0763231  0.015 
-0.110716 0.0833521 0.10281 
0.0621661 0.000930334 0.06985 
-0.0641437 0.129383 0.159581 
0.0721903 0.0404168 0.245408 
-0.0136498 0.0142341 0.1403 
0.0950896  -0.17 0.159885 
0.0516447  0.065 0.083771 
-0.0509642 0.06315 0.126323 
-0.07515670000000001 -0.065 0.152624 
-0.00758559 -0.208092 0.263573 
0.0217554 0.0552612 0.496812 
-0.0891892 -0.065 0.121242 
-0.08754430000000001 -0.0339011 0.06985 
-0.00515074 -0.0757278 -0.0397671 
-0.0542816 0.0387913 0.222572 
0.0170709 0.0129016 0.477852 
-0.095 -0.141218 0.204908 
0.120622 0.0342869 0.204444 
0.0802153  -0.17 0.270263 
-0.0323781 0.225215 0.188773 
 -0.05 0.0582724 0.229469 
0.0957287 0.0192533 0.320671 
0.0669049 -0.0289905 0.5098510000000001 
0.0674532 -0.0740104  0.015 
-0.082305 -0.0504084 0.06985 
-0.0616596 -0.0592707 0.473174 
0.00104614  0.065 0.124006 
-0.0860209 -0.0525 0.08841499999999999 
0.0599943 -0.0181749  0.015 
 -0.13 0.0767268 0.266461 
-0.0914364 0.0321262  0.174 
0.0153689 -0.00616541 0.445769 
0.0324053 -0.0757611 0.135196 
-0.0648126 0.0640153 0.469663 
-0.0162136 -0.0230472 0.43018 
-0.052 -0.00564401 0.288393 
-0.0105555 -0.2416 0.185378 
 -0.13 -0.111499 0.209759 
0.111006 0.161462 0.13014 
-0.063586 -0.176365 0.161449 
0.0619696 -0.170779 0.157598 
0.032023 0.0508802 0.480833 
0.0973888 -0.0341617 0.295606 
-0.0935006 0.0912584 0.173791 
0.0935825 -0.0411384 0.06985 
0.0496139 0.0625132 0.427394 
0.0760258 -0.0937186 0.236038 
-0.00473168 0.063364 0.289818 
0.0104882 0.100508 0.12914 
0.0409638 -0.120141  0.015 
0.0775724 0.0236054 -2.38606e-09 
0.0276971 0.129549  0.327 
-0.0902275 0.0527381 0.222572 
0.0657124  0.065 0.0758461 
0.0329185 -0.0578352 0.479143 
-0.0580602 0.0150998 0.437425 
0.0305553 0.0815346  0.015 
0.0110089 -0.008440110000000001 0.452449 
-0.09787849999999999   0.12 0.257297 
-0.09030539999999999 0.090868 0.173791 
-0.113118 -0.00388735  0.304 
0.0217602 0.220922 0.260559 
-0.0486815 -0.0960946 0.144702 
-0.0334681 -0.065 0.0714351 
0.115083 -0.0671503 0.253793 
 -0.09 -0.0263234 0.0118043 
0.0701107 -0.109121 0.248279 
0.0367286 0.0133697 0.06985 
0.0345669  0.065 0.10959 
0.0678151 -0.226521 0.228126 
 0.042  -0.17 0.267224 
-0.00373726 0.158697 0.08490010000000001 
0.120665 0.0356213 0.203797 
-0.00707107 -0.07824250000000001 0.128591 
0.0422842 0.06315 0.153698 
-0.0366525 -0.039 0.384594 
-0.092013 0.169424 0.148825 
0.0172427 0.172258 0.298077 
-0.0552462  0.174 0.259759 
-0.08095629999999999 -0.170255 0.260758 
0.0138847 -0.027726   0.01 
0.0267964 0.0431681 0.447746 
-0.0793418 -0.174 0.228255 
-0.0694142 0.0572867 0.07185 
0.0614252 0.0258798 0.06900000000000001 
0.116258 0.0241522  0.164 
-0.122106 -0.0400519 0.118997 
0.120423 -0.0281069 0.177899 
-0.09934809999999999 -0.162863 0.122846 
0.0320195 0.223476 0.174484 
0.0568339 -0.101236 0.340008 
-0.0184676 0.16204 0.319162 
-0.00847006 -0.143003 0.0405404 
-0.0518345 0.0128348 0.1296 
-0.0730396 0.118418 0.0204761 
-0.0244536 0.0505497 -2.38606e-09 
0.0737672 0.0913032  0.015 
0.0727973 -0.121289 0.174387 
0.07026590000000001  0.065 0.0772866 
-0.00291653 0.000889813 0.42848 
-0.0189399 -0.06900000000000001 -0.0478846 
-0.0696896 0.0350164 0.14585 
-0.0335548 -0.0314803 -2.38606e-09 
0.00114263 -0.0776158  0.015 
 0.113 0.0378137 0.0895991 
0.01829 -0.06115 0.109877 
-0.0645498   0.12 0.278746 
-0.0444052 0.06315 0.108489 
-0.117522 0.117766 0.149663 
-0.0832102 0.150882 0.310114 
-0.06401030000000001  0.065 0.154995 
0.06898120000000001 0.135684 0.250334 
-0.0248587  0.039 0.379347 
-0.0394544 0.0366887 0.405276 
 -0.13 0.0174413 0.29027 
-0.0912569 0.151714 0.274025 
0.111356 0.116863 0.264835 
-0.06819799999999999 -0.065 0.114854 
0.0267747 0.0403259 0.15985 
-0.052 0.08511589999999999 0.197089 
0.0791179 -0.0122556   0.01 
-0.0599099 0.16531 0.122401 
0.0275936 0.023746 0.489188 
0.0134946 0.0173611 0.471813 
0.0644368 -0.202739 0.234394 
 -0.13 -0.08734210000000001 0.183969 
0.0536126 -0.027585  0.015 
0.0259466 0.148634 0.132934 
-0.120827  -0.12 0.263346 
0.0372074 -0.130052 0.336391 
-0.0150236 -0.155934 0.287944 
0.0261195 -0.104216  0.349 
-0.0593553 -0.11268   0.01 
-0.114643 0.159473 0.144801 
0.0845796 0.0377389 0.42377 
-0.0582408 -0.0410747 0.348601 
-0.0754015 -0.00364815   0.01 
-0.0546711 -0.0185749 0.218791 
-0.0137543 0.049072   0.01 
0.0479811 -0.125203 0.144082 
0.124276 0.147556 0.205081 
0.0589964 0.110507 0.154431 
-0.109529 0.153482 0.123679 
-0.0288939 -0.06115 0.0700726 
0.0496566 0.06943539999999999  0.317 
0.122131 -0.08107399999999999 0.21389 
-0.00493236 -0.0147825  0.346 
-0.0389363 0.0576193  0.033 
-0.0539655  0.065 0.135997 
-0.0114274 0.138605 0.326237 
 -0.05 0.06258809999999999 0.236625 
-0.102 0.01493 0.210996 
-0.0604135 -0.065 0.123965 
-0.0701939 -0.181952 0.206604 
-0.082054 0.0355227  0.015 
 0.024 -0.0340309 0.144999 
-0.0251477 -0.0171809 0.463536 
0.0883697 0.0397605   0.01 
-0.0114407 0.0913062  0.015 
-0.106904 -0.105653 0.246977 
0.0474448 -0.014248  0.348 
-0.0291652 0.0812021 -0.101801 
0.0772675 -0.111958 0.0552294 
-0.0660689 -0.0726311  0.315 
0.119728 -0.125478 0.140939 
-0.00430744 0.142841 0.0396184 
0.0282167 -0.0131427 0.488013 
-0.0340863 -0.223627 0.228171 
-0.122106 0.0550691 0.07803649999999999 
0.0835555 -0.00346474 0.0974411 
0.00517081 0.00610536 0.519738 
-0.06384289999999999 -0.12745 0.334201 
-0.0504504 -0.0332627  0.174 
-0.116943 -0.110079 0.145391 
-0.0688252 -0.159422 0.250839 
  0.04 -0.08114730000000001 -0.00662326 
-0.0320479 0.0284527 0.06900000000000001 
0.08972189999999999 -0.0025801 0.101722 
-0.0764422  0.135 0.174656 
0.0492701 -0.190956 0.261617 
0.0144414 -0.0144774 0.491393 
-0.0722711 0.164614 0.118452 
0.0682305 0.0377142  0.346 
0.06558219999999999 0.0932496 0.16215 
0.0334171 0.0507738  0.346 
-0.00655353 0.139943 0.331528 
-0.0230097  0.065 0.076312 
-0.0552382 -0.0399694 0.0139037 
0.013295 0.0774185 0.129461 
-0.102714 0.0884978 0.0791871 
0.0779569 -0.06115 0.133323 
0.0474059 0.106875 0.274428 
-0.0478824 -0.0519236 0.06900000000000001 
-0.108834  0.065 0.121497 
-0.119164 0.10343 0.153681 
-0.0437712 -0.0419416 0.420759 
0.123412 -0.120779 0.183259 
0.0673801 0.0831107   0.01 
0.0481966 0.151939 0.273591 
-0.0326448 0.0907497 0.04566 
-0.102 0.0655641 0.174003 
0.0286856 0.107152  0.327 
0.00980696 0.00536037 0.459563 
 0.021 0.0115563 0.154657 
-0.0607987 -0.00668542 0.344592 
0.0241739 -0.0477312 0.06900000000000001 
0.018411 0.00418999 0.439314 
-0.122106 -0.0247631 0.150301 
0.101712 -0.08833630000000001 0.08993 
-0.08179790000000001  0.065 0.121489 
0.0918771 0.079619 0.0341524 
0.0342825 -0.06115 0.0852006 
-0.00256371 -0.0512709 0.13585 
0.0363669 0.0647669  0.015 
0.0474851 0.085739  0.349 
0.0228545 -0.117899 0.131929 
0.0356117 -0.0627122 0.450382 
-0.0833 -0.0454974 0.0740861 
 -0.13 -0.0114906 0.190594 
0.07578600000000001 0.123182 0.235927 
0.07052020000000001 -0.00427162 0.0974411 
0.0547608 0.136285 0.321367 
0.0578954 -0.126962 0.152865 
-0.0262969 -0.0581917 -2.38606e-09 
0.034852 -0.0664288 0.448621 
-0.0715359 0.170769 0.24662 
0.027815 0.06115 0.110498 
 -0.13 0.0672509 0.245798 
-0.0109491 0.222912 0.180169 
0.022736 0.0962756   0.01 
-0.117244 -0.106079 0.146016 
-0.087618 0.121206  0.315 
-0.0471588 -0.0421108  0.015 
-0.0202567  0.042 0.403985 
0.114119 0.162382 0.250579 
0.103078 -0.00440285 0.15985 
-0.052 0.107148 0.231249 
-0.0235148 -0.208317 0.259061 
 0.021 -0.0299221 0.144136 
0.119679 0.168672 0.204468 
-0.008018269999999999 -0.06872250000000001 0.0152 
0.07640619999999999 0.0226205 0.339754 
-0.102 -0.009653470000000001 0.193841 
-0.00611573 0.152369 0.128591 
0.0805087 -0.164755 0.119257 
0.0134863 0.102381 0.129328 
-0.116106 0.0412404 0.124195 
0.0882003 -0.06315 0.0945587 
0.0425724 0.0437497 0.277468 
 -0.05 -0.0594596 0.25105 
0.0101056 0.03142 0.459528 
-0.0637976 0.0702439  0.015 
0.0111962 -0.0577109  0.015 
-0.0136427 -0.133634  0.317 
 0.021 0.0475806 0.140027 
 -0.04 -0.08992 -0.0194753 
0.0879644 0.0473438 0.07185 
0.0127967 0.00629169 0.4731 
0.00735704 -0.0611502 0.438981 
-0.0807887 -0.065 0.1243 
-0.119532 0.0772216 0.105658 
0.0214264 -0.0181028 0.444696 
0.0314581 -0.237149 0.176542 
0.0927302 0.07053130000000001 0.0343326 
-0.0471788  0.042 0.354058 
0.0883191 0.00144645  0.164 
0.0526924 -0.0580153 0.15985 
0.124284 0.147803 0.189802 
0.0418629 -0.09168709999999999  0.015 
-0.0366721 0.0381077 0.424214 
0.0404191 -0.065 0.125831 
-0.00536258 -0.07073210000000001 0.128213 
-0.11408 -0.103148   0.16 
0.110182 0.01575 0.15985 
-0.0459854 -0.130582  0.015 
0.0273853 0.131336 0.132934 
0.019074 -0.018153  0.015 
-0.0236246 0.0212463  0.015 
-0.0476056 -0.126418 0.337997 
-0.0142238 -0.157639 0.0788991 
-0.0243711 0.0641452 0.487769 
-0.0864081 -0.052 0.0891585 
0.0485615 -0.187938 0.155024 
0.122735 0.159003 0.227197 
-0.102 -0.00656943 0.203572 
0.0544051  0.065 0.113843 
0.0342732 0.136522 0.0197867 
0.0322672   0.08 -0.0254052 
-0.117699 -0.147976 0.20564 
-0.0301391  -0.08 -0.09785240000000001 
0.0345766 -0.170925 0.125236 
0.0637365 -0.120775 0.0476956 
-0.0641798 0.0705365  0.304 
-0.122 0.102591 0.253239 
0.00172122 -0.0462913  0.015 
-0.052 0.0609693 0.212664 
-0.0822464 -0.0513981 0.0120544 
0.0693445 -0.0664307  0.329 
0.0194649 -0.08599999999999999 -0.0915028 
0.09334149999999999 -0.0419454 0.300952 
-0.0231545 0.0807822  0.346 
-0.0886552 0.0229561 0.222572 
-0.0297773 -0.0729847 0.134198 
-0.0812425 0.0101823 0.222572 
-0.07131990000000001 0.143559 0.170834 
-0.12024 0.077261 0.114742 
-0.0639473 0.14206 0.06629599999999999 
0.0501897 0.0192786 -2.38606e-09 
0.0529906 0.101823 0.26948 
0.0636239 0.019444  0.317 
0.012571 -0.0167992 0.502775 
-0.00475563 -0.176994 0.134369 
0.0160749 0.0703024 0.287854 
-0.0251295 0.0331096 0.5153489999999999 
0.103001  -0.17 0.207858 
0.0306644 0.06554550000000001 0.442894 
-0.0423876 -0.057854 0.428926 
-0.0171931 0.06488190000000001 0.475964 
0.0614574 -0.116768 0.0218178 
0.0708134 -0.145977 0.170824 
0.104845 -0.0120527 0.264981 
0.123186 -0.113752 0.206866 
0.0575218 -0.00432956 0.15985 
0.0428186 0.0338414  0.349 
 0.024 0.0249372 0.147049 
0.0895299 0.0867195 0.0208412 
-0.0873738 -0.138815 0.0835053 
-0.00054115 0.0245799 0.492183 
-0.0990711 0.00597741 0.297572 
0.00992315 0.2223 0.243594 
-0.105511  0.065 0.129491 
0.0513756 -0.065 0.138542 
0.0669482 -0.0606603 0.07185 
-0.0234934 -0.0497523 0.0974411 
0.0751718  -0.17 0.272211 
-0.0103017 0.0279422  0.033 
0.0351818 0.0101891 0.518155 
0.0343675 0.0524684 0.5036389999999999 
-0.0549373 -0.0240403 0.06900000000000001 
0.0363551 -0.060587  0.015 
-0.052 -0.00955255 0.183347 
0.0347915 -0.148512 0.06486210000000001 
0.0401627 -0.0384221  0.015 
-0.000342444 0.212694 0.26322 
-0.0489171 0.0349318 0.360745 
-0.0774479 0.0711411  0.015 
0.0791169 -0.0113154 0.364224 
-0.0833955 -0.129899  0.315 
0.0285495 -0.0548273 0.284221 
0.0809703 0.106766 0.297145 
0.0266978 0.0599075 0.43174 
0.0274694 -0.162675 0.107459 
0.035242 0.0472562 0.06985 
0.115129 -0.065 0.158219 
-0.00325128 -0.249653 0.192021 
0.0570132 0.0509332  0.346 
-0.0602914 -0.0102787 0.50607 
-0.0559744 -0.0369371 0.222572 
0.030065 -0.06315 0.132868 
-0.120651  0.135 0.172883 
-0.085093 -0.168563 0.140848 
 -0.05 0.0774831 0.232844 
0.06691039999999999 0.06634660000000001 0.253613 
0.0126934 -0.0202472 0.460432 
-0.0261627  0.065 0.0969178 
-0.0833 0.0433261 0.109069 
0.0653509 0.223659 0.208069 
0.118083 0.0920776 0.254112 
-0.05969 -0.0952725 0.222572 
-0.122 -0.0405784 0.235857 
-0.0179794 0.0591887 0.453347 
0.111444 0.0631534 0.0469976 
-0.073953 0.163906 0.114439 
-0.072632 0.05691 0.06985 
0.009505950000000001 0.009357819999999999 0.485606 
 -0.02 0.113819 0.308901 
 -0.02 0.0339658 0.310504 
0.07750899999999999 0.117816 0.07943890000000001 
0.0548646 0.00255695  0.015 
-0.00560809 -0.05915 0.0720475 
0.0980231 0.020423 0.0158736 
-0.07136149999999999 -0.065 0.126119 
0.0879496 -0.0207917 0.448593 
-0.0688305 -0.0007327189999999999 0.07185 
0.0331212 -0.174 0.285044 
-0.057575 -0.06315 0.109418 
-0.125695 0.0820036 0.303305 
-0.0809057 -0.158053 0.300831 
-0.0162519 0.229743 0.171067 
 -0.09 0.0197437 0.0947017 
-0.0220161 0.009638239999999999 0.13785 
-0.068357 0.0909092  0.015 
-0.0943142 -0.158179 0.266118 
-0.0167647 0.0180513 0.14585 
-0.0947889 0.0211578 0.0481404 
0.00557193 0.0325177 0.503022 
-0.0662594 0.105303 0.218791 
-0.116106 -0.0267018 0.147067 
-0.0398302 -0.206115 0.173037 
-0.0921062 -0.109949 0.0570073 
 -0.13 0.0310462 0.215796 
0.0777566 -0.0189217  0.164 
-0.117568 -0.139699 0.153097 
0.060268 0.22582 0.210836 
0.104768 -0.165194 0.272945 
-0.008071419999999999 -0.0389499 0.13785 
0.0185132 0.131483 0.287482 
0.0397925 0.111071 0.278927 
0.0791586 -0.0619854 0.15985 
-0.12419 -0.15469 0.18214 
0.0029629 0.06768 -0.0168646 
-0.08777169999999999 0.0449395 0.0974411 
0.0920817 0.0718908 0.033335 
 -0.09 0.0402625 0.0880039 
0.100909 0.019552 0.271998 
 -0.13 0.0239147 0.289948 
-0.0197233  0.039 0.404328 
-0.0721936 -0.0255316 0.0281072 
-0.00851173 -0.00694646  0.317 
0.07031129999999999 -0.0669111 0.449533 
0.0895788 0.074657 0.0211183 
-0.0455901 -0.189564 0.161688 
-0.111251 -0.0808473 0.0928682 
0.0542295 -0.0948403  0.015 
-0.121508 -0.0859193   0.16 
-0.052 0.0883731 0.186984 
0.017094 0.172022 0.287943 
0.0700969 -0.22248 0.222048 
-0.07333720000000001 0.171547 0.264392 
0.0508402 0.165193 0.121741 
  0.04 0.0838988 -0.00254572 
-0.00723067 0.0594817 0.13585 
-0.0504353 0.0667455  0.304 
-0.122002 0.07843459999999999 0.144552 
-0.07199120000000001 0.125967 0.0495798 
0.0690674 -0.194153 0.233338 
-0.048333 0.0133748 0.13785 
-0.0181683 -0.08092829999999999 -0.110388 
-0.01618 0.0243508 0.451356 
0.0797466 0.0528701 0.219323 
0.0611174 0.0545139  0.317 
0.07741960000000001 0.0138167 0.186381 
 -0.02 -0.133422 0.302538 
0.0466075 -0.223419 0.254873 
0.122309 -0.0865885 0.201776 
-0.0179402 -0.065 0.107637 
0.0450235 0.0548097 0.392637 
0.0850576 -0.145907 0.291697 
0.0938881 -0.065 0.0977735 
 -0.13 -0.0742452 0.191366 
-0.0564058 0.000374191  0.015 
-0.00332655 0.0259974 0.425472 
-0.125038 0.153695 0.185444 
-0.065 0.0507346 0.0312924 
0.0892825 0.112943 0.0966731 
0.0263377 0.0467561 0.06900000000000001 
-0.06263920000000001 -0.0475184 0.483783 
-0.0393788 0.11904  0.317 
-0.0806211 -0.135 0.237836 
-0.0600344 0.134685 0.0509383 
-0.0732903  -0.12 0.226691 
0.0974583 -0.0208725 0.300902 
0.00338149 0.168182 0.314694 
0.08088869999999999 0.142369 0.208083 
 -0.05 0.101899 0.176666 
0.0227958 -0.0393836 0.477269 
0.06918240000000001 -0.0399195 0.167084 
-0.0174631 0.241521 0.2147 
0.00152594 -0.0361592 0.480641 
0.0895003 0.0727754 0.0206728 
-0.00688867 0.0493516  0.015 
-0.122 0.0781645 0.267709 
-0.052 -0.0540757 0.282405 
-0.0932259 -0.0533378 0.0418017 
0.087899 -0.172841 0.228148 
0.0853733 0.0620732 0.06985 
-0.0308236 -0.225629 0.18609 
0.0475243 -0.134957 0.0548807 
-0.0563505 -0.158801 0.0854888 
-0.0626174 0.0325295 0.482811 
-0.065511 -0.129633  0.329 
-0.092 0.0611592 0.0890286 
0.0343969 -0.00304442 0.282321 
-0.037541 -0.0176508  0.015 
0.0880785 -0.0309548  0.164 
-0.107635 -0.0370727 0.06900000000000001 
-0.0272115 -0.065 0.107424 
-0.0499262 -0.0541434 0.509529 
0.047259 0.00601266 0.15785 
0.026412 -0.105602 0.133085 
-0.0677943   0.17 0.170729 
-0.091193 -0.170772 0.229385 
-0.09879549999999999 -0.0274109 0.06900000000000001 
0.100806 0.0924291 0.274325 
0.0691375 0.0870326 0.331273 
-0.031144  0.065 0.117899 
-0.00176698 -0.0144666  0.346 
-0.0970086  -0.12 0.193038 
0.0263981 -0.0667608 0.447143 
0.0371524 -0.135587 0.0229221 
0.0635674   0.17 0.260421 
0.007226 -0.137975 0.128591 
0.00326464 -0.0600546 0.07185 
0.0250205 -0.0446301 0.445058 
0.105994 -0.133414 0.271442 
 0.114 0.00409041 0.0938875 
 -0.02 0.0123618 0.302312 
0.07977720000000001 0.177648 0.223915 
0.013833 0.132879  0.015 
0.103325 -0.0588173 0.269499 
-0.122106 -0.0224031 0.137601 
-0.0235535 0.06115 0.109507 
 0.024 0.0141246 0.152508 
0.00862752 0.0328681 0.517554 
-0.0772935 0.06315 0.08165119999999999 
0.0408095 -0.236053 0.163717 
-0.0341486 0.021678  0.015 
-0.0499943 0.00236311 0.359499 
 0.116 0.0127908 0.0931076 
0.061488 -0.12079 0.0399435 
0.0601818 -0.188063 0.245429 
-0.0117639 -0.2411 0.184263 
-0.11544  -0.12 0.222727 
0.1073 -0.0544552 0.108474 
0.018111 -0.009796320000000001 0.49694 
-0.0679124 -0.0244299 0.333389 
-0.0207587 -0.0513498  0.346 
-0.0117203 -0.146944 0.0613832 
-0.0347723 0.00291765 0.14585 
0.00329941 0.142594 0.0382154 
0.00762712 0.0261606  0.015 
-0.00436532 0.139305 0.0195631 
0.0870408 0.0123017 0.33504 
 -0.13 -0.005556 0.205525 
0.0538556 0.140997 0.268714 
-0.113779 0.0674536   0.16 
0.0401147 0.0497606 0.385657 
-0.08994820000000001 0.0243517 0.0232132 
-0.0274679  0.039 0.419687 
0.00482286 0.100137  0.033 
-0.0363232 -0.122367  0.015 
0.00300245 0.163249 0.289409 
0.09721050000000001 -0.108136 0.105197 
-0.0247444 0.0903407 0.04566 
-0.02384 0.197667 0.262536 
-0.0236793 -0.0574114  0.015 
0.00453855 -0.0438098 0.491916 
-0.0719408 -0.065 0.0939725 
0.0642206 0.156006 0.25751 
-0.0362785 -0.0322439  0.317 
0.0155446 -0.0061319 0.287984 
-0.098645 0.0165767  0.174 
-0.0255688 -0.0412014 0.464135 
-0.0636283 0.015472 0.173791 
0.009052579999999999 -0.057116 0.424296 
-0.0944372 -0.0884209 0.0486715 
0.122431 -0.0903606 0.228913 
0.0229834 0.157468 0.077926 
-0.0351176 -0.0438136  0.015 
-0.0170168 0.105126 0.288051 
-0.07283439999999999 0.0462707 0.00558474 
-0.0832365 -0.117712 0.0543853 
0.0405481 -0.0238849  0.015 
-0.0506189 0.000428016   0.01 
0.0288595 -0.0317619 0.514173 
-0.0833 0.0583863 0.132196 
-0.0130907 -0.0500825  0.317 
0.08042829999999999 0.0635719 0.476238 
0.0239568 -0.0200671 0.470615 
-0.023362 0.204172 0.262306 
-0.124316 0.0816704  0.174 
-0.0794478 -0.140523 0.196713 
 -0.05 0.0944306 0.301589 
-0.0331707 -0.00700072 0.07185 
 -0.05 -0.109175 0.188846 
-0.0597463 -0.0257795 0.218791 
-0.0159366 0.0325273 0.515216 
0.0415491 -0.0584415  0.015 
-0.0321027 -0.135 0.299906 
-0.0257993 -0.0561276 0.06985 
0.0591467 -0.0543662  0.015 
-0.0822893 -0.113193   0.16 
-0.114676 0.0845629 0.123065 
-0.084812 -0.00456671 0.06985 
0.0513904 -0.0596414 0.271564 
0.0196328 0.169071 0.313476 
  0.09 0.0472655 0.0140955 
0.0624893 0.0497407 0.15985 
-0.0677406 0.0830437 0.297572 
-0.0479957 0.00639413 0.1311 
-0.0429885 -0.0604451  0.015 
-0.0159722 0.06315 0.149336 
-0.0179044 0.0469189 0.04566 
0.0254128 0.114975 0.340658 
-0.00124618 0.0380562 0.479717 
-0.0160069   0.05 0.382953 
0.108994 0.06115 0.113855 
-0.095 -0.0178155 0.320491 
-0.0274637 0.008915660000000001   0.01 
-0.0792355 0.134512 0.07103719999999999 
-0.0550518 0.0273964 0.173791 
0.089307 0.141389 0.100466 
-0.0159871 0.236284 0.240763 
0.111006 -0.0261193 0.0453605 
0.0169087 0.0844314 -0.0929513 
0.0497251 -0.127718 0.0300933 
0.110312  0.065 0.121334 
0.0348858 -0.213694 0.260353 
-0.0598549 0.0345509 0.13785 
-0.0661653 0.0303285 0.336141 
-0.0475737 -0.0340172 0.07185 
0.00606023 0.0133129 0.007162 
0.104195 -0.164211 0.274204 
0.114768 -0.121773 0.134124 
0.018676 -0.06587899999999999 0.0415908 
0.050875 -0.0603524 0.15785 
-0.105919 0.0584588 0.06900000000000001 
0.0318663 0.00052732 0.0974411 
0.0768084 0.162347 0.23299 
-0.0905282 0.0353672 0.106836 
-0.0288367 -0.135 0.306484 
 0.107 -0.025531 0.0886528 
0.0101805 0.0325021 0.13585 
0.00202596 0.103286 -0.0111165 
0.00421732   0.08 -0.112822 
-0.0012856 0.0882294  0.033 
0.105593   0.17 0.206572 
-0.00487905  0.066 -0.0525653 
-0.00610399 0.101964  0.015 
0.00427635 0.0733217 0.0240562 
0.00156457 0.050353 0.497524 
-0.0483524 0.0335387 0.4248 
0.012702  0.066 -0.0954913 
0.0246851 -0.192185 0.146922 
-0.0990605 -0.0921786 0.06560249999999999 
0.00705015 -0.018122 0.490581 
-0.114424  0.065 0.144976 
-0.0399759 0.170663 0.127248 
-0.0348604 -0.150593 0.0664236 
-0.0406927 0.0514606  0.031 
-0.0376463 -0.00336157 0.423923 
-0.0951565 -0.170255 0.221539 
 0.113 -0.00218019 0.097315 
-0.095 0.13814 0.292252 
0.0150531 0.0992252 0.346381 
-0.022228 -0.065 0.1045 
0.104096  0.065 0.137441 
0.0952428 -0.0620612 0.06900000000000001 
0.00582294 0.00901269 0.503013 
-0.07090050000000001 0.0593292   0.01 
0.0750131 0.167145 0.132809 
0.0549997 -0.170066 0.288967 
-0.0782969 0.00932175 0.218791 
 -0.05 0.0376719 0.278603 
0.113562 -0.104535 0.132109 
-0.118653   0.12 0.233704 
0.09485349999999999  -0.17 0.174672 
0.0414501 -0.0624831 0.477636 
0.0980477 0.00378507 0.294165 
0.0516495 0.0468786   0.01 
0.101317   0.17 0.195159 
-0.0861189 -0.060682 0.00557211 
0.0797144 0.0237889 0.198412 
0.0456754 -0.07898620000000001  0.015 
-0.0578863 -0.00118785 0.508298 
-0.029887 0.0796697 -0.008767489999999999 
-0.0856667 0.10844 0.222572 
0.0404718 0.0149657 0.457739 
0.0310973  -0.08 -0.0902688 
0.0441614 -0.0584318  0.349 
0.0906802 0.048884 0.06900000000000001 
-0.0805415 -0.0627326 0.06987210000000001 
-0.0132615 0.0633901 0.476084 
-0.0532913 -0.0930523  0.317 
-0.058729 0.0426655 0.487502 
0.0685791 0.102918 0.166187 
0.0481143 -0.230099 0.17165 
0.0507019 0.150739 0.145999 
-0.0855697 0.0754064 -2.38606e-09 
0.0967667 0.122221 0.109878 
0.00963811 0.241152 0.167848 
-0.012797 0.101479  0.317 
-0.0311734 0.0421452  0.349 
-0.0766998 0.168196 0.310949 
0.098269 -0.065 0.162333 
 -0.13 0.038623 0.199718 
0.0107808  0.065 0.0964 
0.0332701 -0.0595171 0.06985 
-0.09232849999999999 -0.0212554 0.06900000000000001 
-0.0141808 -0.0479315 0.451002 
-0.0155393 0.0335922 0.13785 
0.108571 -0.0210912 0.07185 
-0.0261813 -0.0535809 0.13585 
0.0978411   0.17 0.208059 
0.0194571 -0.08782 0.0252349 
-0.112884 0.118047 0.130582 
-0.07366490000000001 -0.105653 0.238041 
-0.07740909999999999 -0.0848592 0.326966 
-0.11104 -0.08141669999999999 0.0955886 
0.0884022 0.0194816   0.01 
0.124476 -0.153759 0.188215 
0.00122913 0.0142151 0.497536 
0.0979781  0.065 0.135844 
0.0824608 -0.09897930000000001 0.295552 
0.00633625 -0.0315936 0.480151 
-0.009124800000000001 0.122534 0.128591 
-0.122106 -0.0404437 0.155927 
0.0804938 -0.0618919 0.213169 
-0.000162113 0.06611060000000001 -0.104706 
-0.00444533  -0.05 0.420762 
0.0157487 -0.0816096 -0.0560754 
0.0699341 -0.0297309 0.504148 
-0.0149469 0.0971479 0.346146 
-0.00226231 0.0488768 0.425173 
-0.0146777 -0.06315 0.138037 
0.08883969999999999 -0.0412295  0.329 
-0.0493681 0.125126 0.335583 
0.0783446 0.167964 0.137453 
0.120518 -0.0310452 0.235291 
-0.00208952 -0.0629358 0.433818 
0.00334604 -0.0355942 0.447898 
0.09264020000000001 0.0552699 0.0151492 
0.00940272 0.0475602 0.460819 
0.0469359 -0.222721 0.2402 
-0.0824264 0.0779194  0.315 
0.0709149 0.0675839 0.332252 
-0.0615645 0.00301678  0.015 
-0.0421153 -0.06315 0.0978884 
-0.119667 0.0139776   0.16 
0.077098 0.0251982  0.317 
0.00941875  0.066 -0.050008 
-0.0340476 -0.0836158  0.346 
0.0513775 0.0737259 0.146427 
0.0342224 -0.052282 0.512453 
-0.0127552 0.0320809 0.468611 
-0.122 -0.0537675 0.224748 
0.0322193 0.108111 0.34725 
-0.0361099 -0.135 0.283344 
0.053896 -0.0634889 0.06900000000000001 
0.0568786 0.171062 0.13768 
0.0289076 0.0564661 0.501746 
-0.020985 0.008200209999999999 0.07185 
0.07408240000000001 -0.009824029999999999 0.501791 
-0.0177571  -0.08 -0.0415685 
-0.116106 0.0146886 0.125621 
0.0577584 -0.0636061 0.265256 
-0.0415231 -0.0422542 0.13785 
-0.06730079999999999 -0.0410788  0.174 
-0.119232 -0.146626 0.201675 
-0.0250689 -0.174 0.131154 
0.0121656 -0.0864259   0.01 
0.0945202 -0.0214817 0.329356 
0.0123944 -0.0681568 0.34648 
0.0428581 0.0160707 0.07185 
0.0706007 -0.111192 0.170212 
-0.0182313 0.172403 0.120936 
-0.120019 0.07398159999999999 0.0841369 
-0.045015 -0.066611  0.317 
0.0301858 0.008564499999999999 0.484298 
0.0843093 -0.0256878 0.479037 
-0.00501942 0.0276936 0.49242 
-0.0341336 -0.0196628 0.06985 
-0.025638 0.228354 0.237116 
0.120924 0.08058940000000001 0.248519 
-0.0935221   0.17 0.168544 
0.09338249999999999 0.124014 0.28348 
-0.0432878 0.06115 0.127241 
0.0270248 0.06315 0.101399 
0.000544729 -0.122957 -2.38606e-09 
-0.000172145 -0.0960155 0.128469 
0.009381749999999999 -0.0941015   0.01 
0.0248888 0.06315 0.153644 
-0.008500000000000001 0.06853049999999999 -0.00481685 
0.0523347 0.150562 0.0675361 
-0.0240509  0.065 0.110926 
0.0690673 0.213575 0.213725 
-0.0826481 -0.0921815  0.315 
-0.0611978 -0.161681 0.101823 
0.0837768 0.093359 0.294076 
-0.0423924 -0.06315 0.08281959999999999 
-0.112826 0.0916034 0.297572 
0.0479032 -0.156376 0.144013 
 0.116 -0.0302379 0.15794 
0.0762018 0.0513372 0.398019 
-0.0845771 0.012056  0.304 
-0.0145488 -0.0334029 0.470021 
0.0883082 0.0533009  0.015 
0.0560898 0.102225  0.015 
-0.122 0.05838 0.241431 
-0.09358130000000001 -0.149469 0.268014 
0.105557 0.0307299 0.06900000000000001 
-0.0105064 -0.06315 0.142175 
-0.0768693  0.065 0.0960786 
0.0799653 0.0102949 0.200478 
0.076195 0.181768 0.218159 
0.115952 -0.164106 0.237741 
0.0212138 0.0704678 -0.070508 
-0.07945190000000001 -0.025786 0.211585 
 0.116 0.0324652 0.0827133 
-0.0266775 -0.045842 0.06985 
0.0591071 0.00108647 0.522326 
0.0578566 0.119351 0.0208726 
-0.0799479 -0.0484364 0.07185 
0.0682064 0.217757 0.20012 
0.0211062 -0.0459445  0.015 
-0.0682773 -0.0613749  0.015 
-0.009798940000000001 -0.0321279 0.475687 
-0.0267791 0.161127 0.28535 
0.0499444 -0.231098 0.240838 
0.0258692 -0.0381748  0.317 
0.000907261 0.0238236 0.44833 
-0.00397866 0.0340829 0.13785 
-0.122249 -0.156606 0.193873 
0.0252917  0.065 0.08614860000000001 
0.06870560000000001 0.0941314 0.317919 
0.0436014  0.065 0.0712265 
 -0.02 0.103827 0.293152 
-0.0508899 -0.0579365 0.439493 
0.118391 0.143132 0.139507 
0.0753872 -0.07881059999999999 0.181022 
-0.0828242 0.0655763 0.218791 
0.0462443 -0.0520776 0.389928 
0.0661809 0.0310766  0.317 
-0.0252437 -0.0244395 0.463672 
0.08058070000000001 -0.170176 0.23252 
-0.0539942  0.135 0.278022 
0.121614 0.0650461 0.181791 
0.0886666 0.0605246 0.08140070000000001 
0.0360818 -0.0338662 0.0949411 
 -0.05 0.0882387 0.22646 
0.0588668 -0.251 0.197663 
0.0710046 0.0599662 0.32843 
 -0.05 0.0750532 0.242896 
-0.0240178 0.0581484 0.09460789999999999 
 -0.13 -0.0974703 0.279495 
-0.122106 0.00263352 0.0837297 
0.0786625 -0.0341679 0.00495767 
0.000785437 -0.165614 0.114874 
 0.123 -0.028563 0.168719 
-0.075687 -0.130274 0.0635145 
-0.0302642 0.06793150000000001   0.01 
-0.008773019999999999 0.076014 0.0211739 
0.0177421 -0.162123 0.130557 
-0.0838141 -0.0618136 0.325025 
0.0752876 0.126618 0.179136 
 -0.05 -0.00766908 0.225878 
-0.0217992 -0.008292020000000001 0.47957 
0.107997 -0.166329 0.260791 
-0.0982904 0.0666664   0.16 
 -0.05 0.0117723 0.232988 
-0.052 -0.00601422 0.274377 
0.011168 -0.227734 0.261303 
0.00693999 -0.0383852 0.490587 
-0.0788253 -0.065 0.110528 
-0.0368523 0.0593917 0.13585 
0.0109548 0.0770889  0.346 
 -0.13 0.06543450000000001 0.264523 
0.0204976 -0.140243  0.329 
0.0118136 -0.000110717  0.348 
-0.0276841 -0.167263 0.315718 
-0.0181936  0.173 0.291045 
0.082749 0.170019 0.223317 
-0.00414269 -0.157447 0.0778108 
0.00665441 -0.180445 0.277948 
-0.031548  0.039 0.375987 
-0.0182626  0.042 0.401477 
0.0564392 -0.06315 0.09461070000000001 
0.0437742  -0.17 0.26829 
0.0148297 -0.0599037 0.288161 
-0.0293171 0.0282783 0.429139 
0.0389909 0.0673642 0.467688 
0.0390323 -0.065306 0.455197 
0.0727251 0.0578473 0.338531 
0.09451950000000001 0.0557715 0.06985 
0.0131587 0.0183806 0.07185 
-0.0833 0.001441 0.0984771 
0.0993251 -0.00109758 0.279563 
0.0310797 -0.182222 0.276271 
0.00256809 -0.0530559 0.48493 
0.0763334 0.0433157 0.06985 
0.0588393 0.0938517 0.263736 
0.07840900000000001 -0.0182475 0.06985 
0.0761804 0.129539 0.300357 
0.00804702 0.00240432 0.454151 
-0.0513032 -0.0970941   0.01 
0.0531816 0.028505  0.015 
-0.0411836  0.065 0.127798 
0.0622057 0.0399494 0.260429 
-0.0453006  0.065 0.08344219999999999 
0.110836 0.0349533 0.0447286 
0.0317488 -0.137737 0.0191057 
-0.121737 -0.138466 0.16982 
0.0988277 0.0220511 0.285249 
0.0803613 -0.162982 0.211093 
-0.0164289 0.0288566 0.490992 
0.0195874 -0.0227686  0.348 
0.0319703 -0.16633 0.134968 
-0.039536 -0.174277 0.254234 
-0.0483894 0.09398189999999999 0.144443 
0.0607695 -0.152337 0.0708647 
0.0404346 -0.231686 0.255803 
0.12146 -0.0602599 0.208164 
 -0.13 0.0257824 0.206243 
0.0578175 0.156138 0.264824 
-0.0128542 -0.029938 0.06985 
0.120625 -0.0343771 0.223497 
-0.129242  -0.12 0.251002 
0.0800254 -0.16063 0.217026 
0.10174 0.169522 0.265713 
0.0264662 -0.0462886   0.01 
-0.110238 0.120161 0.119896 
0.0217814 -0.0993279 0.0407212 
 -0.05 -1.3005e-05 0.254608 
0.00870953 -0.0583676 0.159475 
-0.049839 -0.007992839999999999 0.418146 
-0.0970246 0.105137 0.06322460000000001 
-0.0478359 0.167657 0.144277 
-0.0708481 -0.0142721 0.456873 
0.0765348 -0.173 0.242476 
0.0175336 0.0734033 -0.000911903 
0.0646327 -0.0330376 0.257567 
0.0605384 -0.00389834 0.262794 
0.070497 0.147376 0.248417 
0.0536751 -0.171013 0.153376 
-0.048911 -0.0639159 0.453873 
0.0082024 -0.04252 0.0317986 
-0.113179 0.10577 0.222572 
0.112934 0.05665 0.0870539 
0.110525  0.065 0.163206 
 0.014 0.028528 0.143835 
-0.0483087 -0.065 0.134809 
0.0594202 -0.00459648 0.5216420000000001 
-0.0173779 -0.0727733  0.317 
0.0405484 -0.234266 0.169816 
-0.0476033 -0.103291 0.143747 
0.0461884 0.0300645  0.015 
0.0901226 0.0107361  0.164 
0.00291242 0.000438802  0.317 
0.0356332 -0.06115 0.0848267 
0.0829014 0.0101917 0.0133883 
3 193 79 527 
3 79 448 527 
3 448 79 193 
3 448 740 527 
3 745 512 1 
3 512 193 527 
3 743 512 527 
3 858 663 760 
3 858 431 663 
3 497 728 684 
3 327 431 858 
3 581 497 148 
3 414 581 148 
3 581 414 497 
3 414 227 911 
3 202 448 193 
3 426 740 98 
3 385 431 98 
3 440 728 663 
3 781 440 431 
3 728 440 684 
3 358 728 497 
3 728 52 663 
3 616 819 823 
3 819 855 464 
3 855 616 760 
3 616 855 819 
3 627 802 860 
3 802 627 819 
3 819 42 823 
3 42 616 823 
3 616 42 760 
3 200 327 760 
3 42 200 760 
3 431 878 98 
3 327 878 431 
3 898 858 760 
3 327 898 760 
3 898 327 858 
3 228 512 745 
3 497 349 148 
3 349 12 148 
3 373 93 340 
3 202 221 448 
3 221 740 448 
3 740 221 684 
3 221 497 684 
3 221 349 497 
3 349 221 12 
3 662 743 527 
3 93 662 340 
3 662 93 743 
3 36 573 373 
3 36 627 860 
3 573 36 860 
3 299 426 98 
3 878 299 98 
3 299 878 327 
3 463 426 968 
3 627 463 968 
3 121 463 627 
3 662 463 121 
3 463 662 527 
3 740 463 527 
3 426 463 740 
3 664 385 98 
3 664 740 684 
3 740 664 98 
3 440 664 684 
3 664 440 781 
3 385 664 431 
3 664 781 431 
3 431 949 663 
3 949 440 663 
3 440 949 431 
3 358 890 728 
3 890 52 728 
3 52 890 760 
3 890 855 760 
3 663 224 760 
3 224 52 760 
3 52 224 663 
3 447 547 911 
3 227 447 911 
3 278 228 745 
3 228 278 185 
3 512 816 193 
3 228 816 512 
3 816 202 193 
3 475 446 174 
3 446 512 743 
3 93 446 743 
3 12 469 148 
3 469 414 148 
3 662 800 340 
3 800 662 121 
3 800 373 340 
3 800 36 373 
3 800 121 627 
3 36 800 627 
3 200 343 327 
3 343 299 327 
3 343 200 42 
3 627 343 819 
3 343 42 819 
3 414 575 497 
3 890 575 414 
3 575 358 497 
3 575 890 358 
3 547 960 911 
3 793 960 547 
3 960 414 911 
3 960 890 414 
3 960 82 464 
3 855 907 464 
3 907 890 464 
3 890 907 855 
3 771 819 464 
3 82 771 464 
3 771 802 819 
3 771 82 802 
3 802 991 860 
3 82 991 802 
3 991 82 793 
3 966 894 547 
3 447 966 547 
3 738 816 228 
3 738 228 12 
3 221 738 12 
3 738 221 202 
3 816 738 202 
3 89 446 475 
3 512 89 1 
3 446 89 512 
3 895 228 185 
3 469 895 185 
3 228 895 12 
3 573 28 373 
3 28 793 547 
3 28 573 860 
3 28 991 793 
3 991 28 860 
3 416 28 547 
3 28 416 724 
3 416 894 174 
3 446 416 174 
3 416 446 93 
3 724 416 93 
3 294 627 968 
3 294 343 627 
3 426 294 968 
3 299 294 426 
3 343 294 299 
3 890 129 464 
3 129 960 464 
3 960 129 890 
3 82 23 793 
3 23 960 793 
3 960 23 82 
3 966 872 469 
3 872 227 414 
3 469 872 414 
3 97 469 185 
3 97 966 469 
3 482 469 12 
3 895 482 12 
3 482 895 469 
3 56 724 93 
3 56 28 724 
3 894 516 547 
3 516 416 547 
3 416 516 894 
3 452 447 227 
3 872 452 227 
3 452 966 447 
3 452 872 966 
3 966 37 894 
3 97 37 966 
3 734 56 93 
3 56 734 28 
3 734 93 373 
3 28 734 373 
3 37 89 475 
3 37 745 1 
3 37 475 174 
3 894 37 174 
3 278 37 185 
3 37 278 745 
3 89 37 1 
3 37 97 185 
Vertices and facets:
- p79(v24): -0.032  0.23  0.19
  neighbors: f88 f89 f90
- p193(v7): -0.11  0.16  0.14
  neighbors: f88 f90 f106 f192 f388 f390
- p527(v2): -0.017  0.24  0.21
  neighbors: f88 f89 f99 f106 f107 f326 f349 f350
- p448(v12): -0.016  0.23  0.17
  neighbors: f89 f90 f99 f192 f318 f319
- p740(v26): 0.0096  0.24  0.17
  neighbors: f99 f202 f319 f321 f350 f351 f353 f354
- p512(v27): -0.13  0.15  0.19
  neighbors: f102 f106 f107 f271 f388 f389 f396 f467 f468
- p745(v13): -0.13 0.039   0.2
  neighbors: f102 f271 f386 f532 f536
- p1(v0): -0.13 0.072  0.25
  neighbors: f102 f467 f532 f537
- p743(v17): -0.077  0.17  0.31
  neighbors: f107 f326 f331 f396 f397
- p858(v28):  0.12 0.032 0.083
  neighbors: f108 f115 f140 f262 f264
- p663(v14):  0.11 -0.026 0.045
  neighbors: f108 f115 f216 f225 f359 f360 f372 f374
- p760(v1):  0.12 -0.15  0.19
  neighbors: f108 f235 f252 f257 f258 f262 f263 f366 f369 f372 f373
- p431(v29):  0.11 0.063 0.047
  neighbors: f115 f140 f210 f217 f259 f261 f357 f358 f359 f361
- p728(v30): 0.031 -0.08 -0.09
  neighbors: f116 f216 f218 f221 f225 f362 f363
- p497(v10): -0.018 -0.081 -0.11
  neighbors: f116 f164 f166 f221 f285 f322 f323 f432 f434
- p684(v3): 0.0042  0.08 -0.11
  neighbors: f116 f218 f321 f322 f353 f355
- p327(v33):  0.12  0.15  0.19
  neighbors: f140 f257 f261 f263 f264 f340 f424 f425
- p581(v38): -0.012 -0.24  0.18
  neighbors: f164 f165 f166
- p148(v6): -0.099 -0.16  0.12
  neighbors: f164 f165 f285 f286 f405 f406
- p414(v22): -0.0033 -0.25  0.19
  neighbors: f165 f166 f190 f406 f432 f433 f438 f439 f505 f506
- p227(v43): -0.034 -0.22  0.23
  neighbors: f190 f382 f505 f520 f521
- p911(v11): 0.011 -0.23  0.26
  neighbors: f190 f381 f382 f436 f438
- p202(v44): -0.11  0.15  0.12
  neighbors: f192 f318 f390 f463 f464
- p426(v46): 0.065  0.22  0.21
  neighbors: f202 f338 f345 f351 f493 f494
- p98(v8):  0.11  0.16  0.13
  neighbors: f202 f210 f259 f338 f339 f352 f354
- p385(v47):  0.09 0.087 0.021
  neighbors: f210 f352 f357
- p440(v49): 0.098  0.02 0.016
  neighbors: f216 f217 f218 f355 f356 f360 f361
- p781(v48): 0.093 0.055 0.015
  neighbors: f217 f356 f358
- p358(v50): 0.019 -0.086 -0.092
  neighbors: f221 f362 f434 f435
- p52(v51): 0.078  -0.1 0.021
  neighbors: f225 f363 f366 f373 f374
- p616(v52):  0.12 -0.09  0.23
  neighbors: f229 f235 f236 f250 f252
- p819(v31): 0.084 -0.026  0.48
  neighbors: f229 f232 f236 f244 f247 f428 f429 f446 f448
- p823(v15):  0.12 0.081  0.25
  neighbors: f229 f247 f250
- p855(v53):  0.12 -0.16  0.24
  neighbors: f232 f235 f236 f369 f443 f445
- p464(v20):   0.1 -0.17  0.27
  neighbors: f232 f441 f443 f444 f446 f447 f496 f497
- p802(v55): 0.074 -0.0098   0.5
  neighbors: f243 f244 f448 f449 f450 f451
- p627(v32):  0.08 0.064  0.48
  neighbors: f243 f244 f336 f346 f347 f422 f423 f428 f491 f492
- p860(v5): 0.059 0.0011  0.52
  neighbors: f243 f336 f337 f450 f481 f483
- p42(v56):  0.12  0.11  0.24
  neighbors: f247 f250 f252 f258 f426 f429
- p200(v57):  0.12  0.15  0.21
  neighbors: f257 f258 f424 f426
- p878(v58):  0.12  0.14  0.14
  neighbors: f259 f261 f339 f340
- p898(v59):  0.12 -0.029  0.17
  neighbors: f262 f263 f264
- p228(v61): -0.12 0.055 0.078
  neighbors: f271 f386 f387 f389 f460 f461 f469 f471
- p349(v63): -0.03 -0.08 -0.098
  neighbors: f285 f286 f323 f325
- p12(v37): -0.087 -0.066 -2.4e-09
  neighbors: f286 f325 f405 f461 f462 f471 f511 f512
- p93(v68): -0.065 0.064  0.47
  neighbors: f308 f330 f331 f397 f489 f490 f514 f527 f529
- p373(v42): -0.025 0.033  0.52
  neighbors: f308 f335 f420 f421 f479 f529 f530
- p340(v9): -0.024 0.064  0.49
  neighbors: f308 f330 f418 f420
- p221(v70): -0.029 0.081  -0.1
  neighbors: f318 f319 f321 f322 f323 f325 f462 f463
- p662(v71): -0.016  0.24  0.24
  neighbors: f326 f330 f331 f348 f349 f418 f419
- p36(v72): 0.055 0.042  0.51
  neighbors: f335 f336 f337 f421 f423
- p573(v67): 0.0086 0.033  0.52
  neighbors: f335 f337 f479 f481
- p299(v73):  0.12  0.17   0.2
  neighbors: f338 f339 f340 f425 f494 f495
- p463(v74):  0.06  0.23  0.21
  neighbors: f345 f346 f347 f348 f349 f350 f351
- p968(v16):   0.1  0.17  0.27
  neighbors: f345 f346 f491 f493
- p121(v45): 0.022  0.22  0.26
  neighbors: f347 f348 f419 f422
- p664(v75): 0.017 0.084 -0.093
  neighbors: f352 f353 f354 f355 f356 f357 f358
- p949(v76):  0.11 0.035 0.045
  neighbors: f359 f360 f361
- p890(v77): 0.059 -0.25   0.2
  neighbors: f362 f363 f366 f369 f433 f435 f439 f444 f445 f496 f498
- p224(v78):  0.12 -0.13  0.14
  neighbors: f372 f373 f374
- p447(v80): -0.081 -0.16   0.3
  neighbors: f381 f382 f456 f520 f522
- p547(v23): -0.05 -0.054  0.51
  neighbors: f381 f436 f437 f455 f456 f480 f485 f517 f518
- p278(v81): -0.13 -0.011  0.19
  neighbors: f386 f387 f535 f536
- p185(v35): -0.13 -0.087  0.18
  neighbors: f387 f469 f470 f509 f535 f538
- p816(v82): -0.12 0.074 0.084
  neighbors: f388 f389 f390 f460 f464
- p446(v83): -0.13 0.082   0.3
  neighbors: f395 f396 f397 f466 f468 f488 f489
- p475(v62): -0.13 0.024  0.29
  neighbors: f395 f466 f531 f533
- p174(v18): -0.13 0.017  0.29
  neighbors: f395 f487 f488 f533 f534
- p469(v84): -0.12 -0.15  0.18
  neighbors: f405 f406 f470 f503 f506 f509 f510 f511 f513
- p800(v87): 0.029 0.056   0.5
  neighbors: f418 f419 f420 f421 f422 f423
- p343(v88):  0.12  0.16  0.23
  neighbors: f424 f425 f426 f428 f429 f492 f495
- p575(v89): 0.041 -0.24  0.16
  neighbors: f432 f433 f434 f435
- p960(v90):  0.04 -0.23  0.26
  neighbors: f436 f437 f438 f439 f441 f497 f498 f500 f501
- p793(v54): 0.034 -0.052  0.51
  neighbors: f437 f452 f480 f482 f499 f500
- p82(v79): 0.067 -0.029  0.51
  neighbors: f441 f447 f449 f451 f452 f499 f501
- p907(v91):  0.11 -0.17  0.26
  neighbors: f443 f444 f445
- p771(v92):  0.07 -0.03   0.5
  neighbors: f446 f447 f448 f449
- p991(v93): 0.059 -0.0046  0.52
  neighbors: f450 f451 f452 f482 f483
- p966(v94): -0.13 -0.12  0.25
  neighbors: f455 f456 f503 f510 f522 f523 f525 f526
- p894(v60): -0.13 -0.097  0.28
  neighbors: f455 f487 f517 f519 f525 f534
- p738(v95): -0.086 0.075 -2.4e-09
  neighbors: f460 f461 f462 f463 f464
- p89(v96): -0.13 0.077  0.27
  neighbors: f466 f467 f468 f531 f537
- p895(v97): -0.12 0.0026 0.084
  neighbors: f469 f470 f471 f512 f513
- p28(v99): -0.043 0.0012  0.52
  neighbors: f479 f480 f481 f482 f483 f485 f486 f516 f528 f530
- p416(v100): -0.06 -0.01  0.51
  neighbors: f485 f486 f487 f488 f489 f490 f518 f519
- p724(v86): -0.058 -0.0012  0.51
  neighbors: f486 f490 f514 f516
- p294(v101):  0.11  0.16  0.25
  neighbors: f491 f492 f493 f494 f495
- p129(v102): 0.068 -0.23  0.23
  neighbors: f496 f497 f498
- p23(v103): 0.052 -0.067  0.47
  neighbors: f499 f500 f501
- p872(v104): -0.12 -0.16  0.19
  neighbors: f503 f505 f506 f521 f523
- p97(v105): -0.13 -0.11  0.21
  neighbors: f509 f510 f526 f538
- p482(v106): -0.11 -0.081 0.093
  neighbors: f511 f512 f513
- p56(v107): -0.057 0.019   0.5
  neighbors: f514 f516 f527 f528
- p516(v108): -0.063 -0.048  0.48
  neighbors: f517 f518 f519
- p452(v109): -0.094 -0.16  0.27
  neighbors: f520 f521 f522 f523
- p37(v110): -0.13  -0.1  0.27
  neighbors: f525 f526 f531 f532 f533 f534 f535 f536 f537 f538
- p734(v111): -0.059 0.043  0.49
  neighbors: f527 f528 f529 f530
- f88
    - flags: bottom simplicial
    - normal:   -0.5447   0.8147   -0.199
    - offset: -0.1635414
    - vertices: p79(v24) p193(v7) p527(v2)
    - neighboring facets: f106 f89 f90
- f89
    - flags: top simplicial
    - normal:   -0.4967   0.8344   -0.239
    - offset: -0.1588746
    - vertices: p79(v24) p448(v12) p527(v2)
    - neighboring facets: f99 f88 f90
- f90
    - flags: bottom simplicial
    - normal:   -0.5144   0.8173  -0.2595
    - offset: -0.1517369
    - vertices: p79(v24) p448(v12) p193(v7)
    - neighboring facets: f192 f88 f89
- f99
    - flags: bottom simplicial
    - normal:   -0.4163   0.8748  -0.2477
    - offset: -0.1653784
    - vertices: p740(v26) p448(v12) p527(v2)
    - neighboring facets: f89 f350 f319
- f102
    - flags: bottom simplicial seen
    - normal:   -0.9988  0.03974 -0.02682
    - offset: -0.1260289
    - center: -0.128346 0.0879812 0.2112613333333333 
    - vertices: p512(v27) p745(v13) p1(v0)
    - neighboring facets: f532 f467 f271
    - ridges:
- f106
    - flags: top simplicial
    - normal:   -0.6237   0.7801 -0.04861
    - offset: -0.1888767
    - center: -0.0857147 0.1848963333333334 0.1816483333333333 
    - vertices: p512(v27) p193(v7) p527(v2)
    - neighboring facets: f88 f107 f388
- f107
    - flags: bottom simplicial
    - normal:   -0.6503   0.7416   0.1648
    - offset: -0.2258468
    - center: -0.07306696666666669 0.187804 0.237031 
    - vertices: p512(v27) p743(v17) p527(v2)
    - neighboring facets: f326 f106 f396
- f108
    - flags: top simplicial
    - normal:     0.994 -0.01591  -0.1079
    - offset: -0.1058624
    - vertices: p858(v28) p663(v14) p760(v1)
    - neighboring facets: f372 f262 f115
- f115
    - flags: bottom simplicial
    - normal:    0.9917 -0.002506  -0.1287
    - offset: -0.1043127
    - vertices: p431(v29) p858(v28) p663(v14)
    - neighboring facets: f108 f359 f140
- f116
    - flags: bottom simplicial
    - normal:    0.3783 -0.06659  -0.9233
    - offset: -0.1004349
    - center: 0.005715440000000012 -0.0269761 -0.1044929333333334 
    - vertices: p728(v30) p497(v10) p684(v3)
    - neighboring facets: f322 f218 f221
- f140
    - flags: top simplicial
    - normal:    0.9942  0.02578  -0.1047
    - offset: -0.1075034
    - vertices: p327(v33) p431(v29) p858(v28)
    - neighboring facets: f115 f264 f261
- f164
    - flags: top simplicial
    - normal:   -0.4172  -0.8022   -0.427
    - offset: -0.1196434
    - vertices: p581(v38) p497(v10) p148(v6)
    - neighboring facets: f285 f165 f166
- f165
    - flags: bottom simplicial
    - normal:   -0.4183  -0.8024  -0.4257
    - offset: -0.1199454
    - center: -0.03812109333333334 -0.217872 0.1663766666666667 
    - vertices: p581(v38) p414(v22) p148(v6)
    - neighboring facets: f406 f164 f166
- f166
    - flags: top simplicial
    - normal:   -0.4169  -0.8024  -0.4271
    - offset: -0.1196537
    - vertices: p581(v38) p414(v22) p497(v10)
    - neighboring facets: f432 f164 f165
- f190
    - flags: bottom simplicial
    - normal:   -0.3334  -0.8767   0.3468
    - offset: -0.2865364
    - center: -0.008723193333333329 -0.2336713333333333 0.227165 
    - vertices: p227(v43) p414(v22) p911(v11)
    - neighboring facets: f438 f382 f505
- f192
    - flags: top simplicial
    - normal:   -0.4827   0.8049  -0.3452
    - offset: -0.1337167
    - center: -0.08014130000000001 0.1808993333333334 0.1465156666666667 
    - vertices: p202(v44) p448(v12) p193(v7)
    - neighboring facets: f90 f390 f318
- f202
    - flags: top simplicial
    - normal:    0.4981   0.7961  -0.3436
    - offset: -0.1391148
    - vertices: p426(v46) p740(v26) p98(v8)
    - neighboring facets: f354 f338 f351
- f210
    - flags: top simplicial
    - normal:    0.8489   0.3435  -0.4017
    - offset: -0.09741924
    - vertices: p385(v47) p431(v29) p98(v8)
    - neighboring facets: f259 f352 f357
- f216
    - flags: top simplicial
    - normal:    0.8709 -0.06563   -0.487
    - offset: -0.07629781
    - vertices: p440(v49) p728(v30) p663(v14)
    - neighboring facets: f225 f360 f218
- f217
    - flags: bottom simplicial
    - normal:    0.8418   0.1191  -0.5265
    - offset: -0.07659064
    - vertices: p440(v49) p781(v48) p431(v29)
    - neighboring facets: f358 f361 f356
- f218
    - flags: bottom simplicial
    - normal:    0.8192  0.05719  -0.5706
    - offset: -0.07241095
    - vertices: p440(v49) p728(v30) p684(v3)
    - neighboring facets: f116 f355 f216
- f221
    - flags: top simplicial
    - normal:    0.3376  -0.4892  -0.8042
    - offset: -0.1222264
    - vertices: p358(v50) p728(v30) p497(v10)
    - neighboring facets: f116 f434 f362
- f225
    - flags: bottom simplicial
    - normal:    0.8755  -0.2343  -0.4227
    - offset: -0.08412654
    - vertices: p52(v51) p728(v30) p663(v14)
    - neighboring facets: f216 f374 f363
- f229
    - flags: top simplicial
    - normal:    0.9882 -0.008824   0.1529
    - offset: -0.1567836
    - vertices: p616(v52) p819(v31) p823(v15)
    - neighboring facets: f247 f250 f236
- f232
    - flags: bottom simplicial
    - normal:    0.9166  -0.2829   0.2825
    - offset: -0.2198563
    - vertices: p855(v53) p819(v31) p464(v20)
    - neighboring facets: f446 f443 f236
- f235
    - flags: top simplicial
    - normal:    0.9855 -0.06798   0.1554
    - offset: -0.1623758
    - vertices: p855(v53) p616(v52) p760(v1)
    - neighboring facets: f252 f369 f236
- f236
    - flags: bottom simplicial
    - normal:    0.9837 -0.06642   0.1671
    - offset: -0.1646887
    - vertices: p855(v53) p616(v52) p819(v31)
    - neighboring facets: f229 f232 f235
- f243
    - flags: bottom simplicial
    - normal:    0.8311   0.1174   0.5437
    - offset: -0.3332168
    - vertices: p802(v55) p627(v32) p860(v5)
    - neighboring facets: f336 f450 f244
- f244
    - flags: top simplicial
    - normal:    0.9239  0.05206    0.379
    - offset: -0.2581034
    - vertices: p802(v55) p627(v32) p819(v31)
    - neighboring facets: f428 f448 f243
- f247
    - flags: bottom simplicial
    - normal:    0.9875 0.001956   0.1577
    - offset:  -0.158771
    - vertices: p42(v56) p819(v31) p823(v15)
    - neighboring facets: f229 f250 f429
- f250
    - flags: top simplicial
    - normal:    0.9901 -0.00732   0.1399
    - offset:  -0.153917
    - vertices: p42(v56) p616(v52) p823(v15)
    - neighboring facets: f229 f247 f252
- f252
    - flags: bottom simplicial
    - normal:    0.9984 -0.00451  0.05719
    - offset: -0.1357287
    - vertices: p42(v56) p616(v52) p760(v1)
    - neighboring facets: f235 f258 f250
- f257
    - flags: top simplicial
    - normal:         1 0.0006339 0.0005338
    - offset:  -0.124479
    - vertices: p200(v57) p327(v33) p760(v1)
    - neighboring facets: f263 f258 f424
- f258
    - flags: bottom simplicial
    - normal:    0.9991 -0.001668  0.04165
    - offset: -0.1324638
    - vertices: p200(v57) p42(v56) p760(v1)
    - neighboring facets: f252 f257 f426
- f259
    - flags: bottom simplicial
    - normal:    0.9324   0.2357  -0.2738
    - offset: -0.1059333
    - vertices: p878(v58) p431(v29) p98(v8)
    - neighboring facets: f210 f339 f261
- f261
    - flags: bottom simplicial
    - normal:    0.9912  0.05404  -0.1212
    - offset:  -0.108178
    - vertices: p878(v58) p327(v33) p431(v29)
    - neighboring facets: f140 f259 f340
- f262
    - flags: top simplicial
    - normal:    0.9966 -0.0009914 -0.08182
    - offset: -0.1088112
    - vertices: p898(v59) p858(v28) p760(v1)
    - neighboring facets: f108 f263 f264
- f263
    - flags: bottom simplicial
    - normal:    0.9976 0.0009989 -0.06911
    - offset: -0.1110167
    - vertices: p898(v59) p327(v33) p760(v1)
    - neighboring facets: f257 f262 f264
- f264
    - flags: top simplicial
    - normal:    0.9968  0.00225 -0.07954
    - offset: -0.1091267
    - vertices: p898(v59) p327(v33) p858(v28)
    - neighboring facets: f140 f262 f263
- f271
    - flags: top simplicial tested
    - normal:   -0.9976  0.03558 -0.05991
    - offset: -0.1190939
    - center: -0.1257146666666667 0.08246236666666666 0.1543995 
    - vertices: p228(v61) p512(v27) p745(v13)
    - neighboring facets: f102 f386 f389
- f285
    - flags: bottom simplicial
    - normal:   -0.5159  -0.7361  -0.4382
    - offset: -0.1173125
    - vertices: p349(v63) p497(v10) p148(v6)
    - neighboring facets: f164 f286 f323
- f286
    - flags: top simplicial
    - normal:   -0.8122  -0.4147  -0.4104
    - offset: -0.09780884
    - center: -0.0720881 -0.1029238666666667 0.008331199204646662 
    - vertices: p349(v63) p12(v37) p148(v6)
    - neighboring facets: f405 f285 f325
- f308
    - flags: bottom simplicial tested
    - normal:   -0.3176   0.6342   0.7049
    - offset: -0.3922585
    - center: -0.03810440000000002 0.05375670000000003 0.490927 
    - vertices: p93(v68) p373(v42) p340(v9)
    - neighboring facets: f420 f330 f529
- f318
    - flags: bottom simplicial
    - normal:   -0.4416   0.7966  -0.4128
    - offset: -0.1195867
    - vertices: p221(v70) p202(v44) p448(v12)
    - neighboring facets: f192 f319 f463
- f319
    - flags: top simplicial
    - normal:   -0.4091   0.8094  -0.4213
    - offset: -0.1205447
    - vertices: p221(v70) p740(v26) p448(v12)
    - neighboring facets: f99 f318 f321
- f321
    - flags: bottom simplicial
    - normal:   -0.1313   0.8608  -0.4917
    - offset: -0.1237854
    - vertices: p221(v70) p740(v26) p684(v3)
    - neighboring facets: f353 f322 f319
- f322
    - flags: top simplicial
    - normal:   -0.3124   0.0291  -0.9495
    - offset: -0.1081345
    - vertices: p221(v70) p497(v10) p684(v3)
    - neighboring facets: f116 f321 f323
- f323
    - flags: top simplicial
    - normal:   -0.7236 -0.01253  -0.6901
    - offset: -0.0903384
    - vertices: p221(v70) p349(v63) p497(v10)
    - neighboring facets: f285 f322 f325
- f325
    - flags: bottom simplicial
    - normal:   -0.8659 -0.00702  -0.5002
    - offset: -0.0756025
    - vertices: p221(v70) p349(v63) p12(v37)
    - neighboring facets: f286 f462 f323
- f326
    - flags: top simplicial
    - normal:   -0.6294   0.7542   0.1872
    - offset: -0.2333336
    - vertices: p662(v71) p743(v17) p527(v2)
    - neighboring facets: f107 f349 f331
- f330
    - flags: bottom simplicial
    - normal:    -0.248   0.7987   0.5482
    - offset: -0.3246794
    - vertices: p662(v71) p93(v68) p340(v9)
    - neighboring facets: f308 f418 f331
- f331
    - flags: top simplicial
    - normal:   -0.2659   0.7966   0.5428
    - offset: -0.3231787
    - center: -0.05249983333333334 0.1561651 0.3404583333333333 
    - vertices: p662(v71) p93(v68) p743(v17)
    - neighboring facets: f397 f326 f330
- f335
    - flags: top simplicial
    - normal:  -0.05132   0.5336   0.8442
    - offset: -0.4539983
    - vertices: p36(v72) p573(v67) p373(v42)
    - neighboring facets: f479 f421 f337
- f336
    - flags: top simplicial
    - normal:    0.7546   0.2028   0.6241
    - offset: -0.3707999
    - vertices: p36(v72) p627(v32) p860(v5)
    - neighboring facets: f243 f337 f423
- f337
    - flags: bottom simplicial
    - normal:   0.02611   0.1889   0.9817
    - offset: -0.5144933
    - vertices: p36(v72) p573(v67) p860(v5)
    - neighboring facets: f481 f336 f335
- f338
    - flags: top simplicial
    - normal:    0.6985   0.6999  -0.1494
    - offset: -0.1710958
    - vertices: p299(v73) p426(v46) p98(v8)
    - neighboring facets: f202 f339 f494
- f339
    - flags: bottom simplicial
    - normal:    0.9411   0.3078  -0.1397
    - offset: -0.1359934
    - vertices: p299(v73) p878(v58) p98(v8)
    - neighboring facets: f259 f338 f340
- f340
    - flags: top simplicial
    - normal:    0.9421   0.3054  -0.1387
    - offset: -0.1358868
    - vertices: p299(v73) p878(v58) p327(v33)
    - neighboring facets: f261 f425 f339
- f345
    - flags: top simplicial
    - normal:    0.5291   0.7592    0.379
    - offset: -0.2832421
    - vertices: p463(v74) p426(v46) p968(v16)
    - neighboring facets: f493 f346 f351
- f346
    - flags: bottom simplicial
    - normal:     0.469    0.769   0.4345
    - offset: -0.2935131
    - vertices: p463(v74) p627(v32) p968(v16)
    - neighboring facets: f491 f345 f347
- f347
    - flags: bottom simplicial
    - normal:    0.4648   0.7707   0.4359
    - offset: -0.2939505
    - vertices: p463(v74) p121(v45) p627(v32)
    - neighboring facets: f422 f346 f348
- f348
    - flags: bottom simplicial
    - normal:    0.2356   0.9323   0.2743
    - offset: -0.2825704
    - vertices: p463(v74) p662(v71) p121(v45)
    - neighboring facets: f419 f347 f349
- f349
    - flags: top simplicial
    - normal:    0.2034   0.9621   0.1818
    - offset: -0.2678424
    - vertices: p463(v74) p662(v71) p527(v2)
    - neighboring facets: f326 f350 f348
- f350
    - flags: bottom simplicial
    - normal:     0.202   0.9733   0.1092
    - offset: -0.2549821
    - vertices: p463(v74) p740(v26) p527(v2)
    - neighboring facets: f99 f349 f351
- f351
    - flags: bottom simplicial
    - normal:    0.3519   0.9325 -0.08186
    - offset: -0.2145165
    - vertices: p463(v74) p426(v46) p740(v26)
    - neighboring facets: f202 f350 f345
- f352
    - flags: top simplicial
    - normal:    0.7318    0.487  -0.4768
    - offset: -0.09781009
    - vertices: p664(v75) p385(v47) p98(v8)
    - neighboring facets: f210 f354 f357
- f353
    - flags: top simplicial
    - normal:    0.4395   0.7753  -0.4536
    - offset: -0.1150535
    - vertices: p664(v75) p740(v26) p684(v3)
    - neighboring facets: f321 f355 f354
- f354
    - flags: bottom simplicial
    - normal:    0.4405   0.7749  -0.4534
    - offset: -0.1150114
    - vertices: p664(v75) p740(v26) p98(v8)
    - neighboring facets: f202 f352 f353
- f355
    - flags: bottom simplicial
    - normal:    0.8266   0.1087  -0.5522
    - offset: -0.07448078
    - vertices: p664(v75) p440(v49) p684(v3)
    - neighboring facets: f218 f353 f356
- f356
    - flags: top simplicial
    - normal:    0.8279   0.1165  -0.5486
    - offset: -0.07482735
    - vertices: p664(v75) p440(v49) p781(v48)
    - neighboring facets: f217 f358 f355
- f357
    - flags: bottom simplicial
    - normal:    0.8277   0.1794  -0.5318
    - offset: -0.07857128
    - vertices: p664(v75) p385(v47) p431(v29)
    - neighboring facets: f210 f358 f352
- f358
    - flags: top simplicial
    - normal:    0.8279   0.1763  -0.5324
    - offset: -0.07837455
    - vertices: p664(v75) p781(v48) p431(v29)
    - neighboring facets: f217 f357 f356
- f359
    - flags: bottom simplicial
    - normal:    0.9659 9.479e-06  -0.2589
    - offset: -0.0954742
    - vertices: p949(v76) p431(v29) p663(v14)
    - neighboring facets: f115 f360 f361
- f360
    - flags: top simplicial
    - normal:    0.9143 -0.001647  -0.4051
    - offset: -0.08315328
    - vertices: p949(v76) p440(v49) p663(v14)
    - neighboring facets: f216 f359 f361
- f361
    - flags: bottom simplicial
    - normal:    0.9113  0.01346  -0.4114
    - offset: -0.08307539
    - vertices: p949(v76) p440(v49) p431(v29)
    - neighboring facets: f217 f359 f360
- f362
    - flags: bottom simplicial
    - normal:    0.4402  -0.7527  -0.4895
    - offset: -0.1180947
    - vertices: p890(v77) p358(v50) p728(v30)
    - neighboring facets: f221 f363 f435
- f363
    - flags: top simplicial
    - normal:     0.688  -0.5929  -0.4185
    - offset:    -0.1066
    - vertices: p890(v77) p52(v51) p728(v30)
    - neighboring facets: f225 f362 f366
- f366
    - flags: bottom simplicial
    - normal:    0.7529   -0.544  -0.3706
    - offset: -0.1076047
    - vertices: p890(v77) p52(v51) p760(v1)
    - neighboring facets: f373 f369 f363
- f369
    - flags: top simplicial
    - normal:    0.8299  -0.5573  0.02639
    - offset: -0.1939613
    - vertices: p890(v77) p855(v53) p760(v1)
    - neighboring facets: f235 f366 f445
- f372
    - flags: bottom simplicial
    - normal:    0.9935 -0.02066  -0.1121
    - offset: -0.1057352
    - vertices: p224(v78) p663(v14) p760(v1)
    - neighboring facets: f108 f373 f374
- f373
    - flags: top simplicial
    - normal:    0.8037  -0.4716  -0.3628
    - offset: -0.1042658
    - vertices: p224(v78) p52(v51) p760(v1)
    - neighboring facets: f366 f372 f374
- f374
    - flags: bottom simplicial
    - normal:    0.8961  -0.2643  -0.3565
    - offset: -0.09020501
    - vertices: p224(v78) p52(v51) p663(v14)
    - neighboring facets: f225 f372 f373
- f381
    - flags: top simplicial
    - normal:   -0.4049  -0.7931    0.455
    - offset: -0.2949897
    - center: -0.03988796666666667 -0.1466434666666667 0.357221 
    - vertices: p447(v80) p547(v23) p911(v11)
    - neighboring facets: f436 f382 f456
- f382
    - flags: bottom simplicial
    - normal:    -0.405  -0.7932   0.4548
    - offset: -0.2949588
    - center: -0.03460799999999999 -0.203138 0.263435 
    - vertices: p447(v80) p227(v43) p911(v11)
    - neighboring facets: f190 f381 f520
- f386
    - flags: top simplicial tested seen
    - normal:   -0.9979   0.0115 -0.06319
    - offset: -0.1175566
    - center: -0.1273686666666667 0.0274005 0.1561161666666667 
    - vertices: p278(v81) p228(v61) p745(v13)
    - neighboring facets: f271 f536 f387
    - ridges:
- f387
    - flags: bottom simplicial tested seen
    - normal:   -0.9978 0.005812 -0.06654
    - offset: -0.1169608
    - center: -0.1273686666666667 -0.01458786666666667 0.1508665 
    - vertices: p278(v81) p228(v61) p185(v35)
    - neighboring facets: f469 f535 f386
    - ridges:
- f388
    - flags: bottom simplicial
    - normal:   -0.9537   0.2117  -0.2138
    - offset: -0.1121289
    - vertices: p816(v82) p512(v27) p193(v7)
    - neighboring facets: f106 f390 f389
- f389
    - flags: bottom simplicial
    - normal:   -0.9703   0.1643  -0.1773
    - offset: -0.1136927
    - vertices: p816(v82) p228(v61) p512(v27)
    - neighboring facets: f271 f388 f460
- f390
    - flags: top simplicial
    - normal:   -0.9158   0.2691  -0.2981
    - offset:  -0.104747
    - vertices: p816(v82) p202(v44) p193(v7)
    - neighboring facets: f192 f388 f464
- f395
    - flags: bottom simplicial tested seen
    - normal:   -0.9666  0.01274   0.2561
    - offset: -0.2002191
    - center: -0.128565 0.04111986666666666 0.2945076666666667 
    - vertices: p446(v83) p475(v62) p174(v18)
    - neighboring facets: f533 f488 f466
    - ridges:
- f396
    - flags: top simplicial tested
    - normal:   -0.8465   0.4569   0.2732
    - offset: -0.2267426
    - center: -0.1091442666666666 0.1346315333333333 0.266566 
    - vertices: p446(v83) p512(v27) p743(v17)
    - neighboring facets: f107 f397 f468
- f397
    - flags: bottom simplicial tested
    - normal:   -0.8273   0.4392   0.3503
    - offset: -0.2462384
    - center: -0.08906913333333329 0.1047383 0.3613056666666667 
    - vertices: p446(v83) p93(v68) p743(v17)
    - neighboring facets: f331 f396 f489
- f405
    - flags: bottom simplicial tested
    - normal:   -0.8927  -0.3049   -0.332
    - offset: -0.09755676
    - center: -0.1034384 -0.1278205333333333 0.1016619992046467 
    - vertices: p469(v84) p12(v37) p148(v6)
    - neighboring facets: f286 f406 f511
- f406
    - flags: top simplicial tested
    - normal:   -0.6037  -0.7839  -0.1449
    - offset: -0.1698527
    - center: -0.07559646000000002 -0.1890686666666667 0.165669 
    - vertices: p469(v84) p414(v22) p148(v6)
    - neighboring facets: f165 f405 f506
- f418
    - flags: bottom simplicial
    - normal:  -0.03147   0.8205   0.5708
    - offset: -0.3317947
    - vertices: p800(v87) p662(v71) p340(v9)
    - neighboring facets: f330 f420 f419
- f419
    - flags: top simplicial
    - normal:   0.04143   0.8261    0.562
    - offset: -0.3298434
    - vertices: p800(v87) p662(v71) p121(v45)
    - neighboring facets: f348 f422 f418
- f420
    - flags: top simplicial
    - normal:  -0.09935   0.6623   0.7426
    - offset: -0.4071197
    - vertices: p800(v87) p373(v42) p340(v9)
    - neighboring facets: f308 f418 f421
- f421
    - flags: top simplicial
    - normal:  -0.05933   0.6013   0.7968
    - offset: -0.4320305
    - vertices: p800(v87) p36(v72) p373(v42)
    - neighboring facets: f335 f420 f423
- f422
    - flags: top simplicial
    - normal:    0.1609   0.8177   0.5528
    - offset:  -0.328167
    - vertices: p800(v87) p121(v45) p627(v32)
    - neighboring facets: f347 f423 f419
- f423
    - flags: bottom simplicial
    - normal:    0.1703    0.805   0.5683
    - offset: -0.3355089
    - vertices: p800(v87) p36(v72) p627(v32)
    - neighboring facets: f336 f422 f421
- f424
    - flags: bottom simplicial
    - normal:    0.9917   0.1285 0.002596
    - offset: -0.1427371
    - vertices: p343(v88) p200(v57) p327(v33)
    - neighboring facets: f257 f425 f426
- f425
    - flags: top simplicial
    - normal:    0.9714   0.2357 -0.03035
    - offset:  -0.149797
    - vertices: p343(v88) p299(v73) p327(v33)
    - neighboring facets: f340 f424 f495
- f426
    - flags: top simplicial
    - normal:     0.998  0.01365  0.06247
    - offset: -0.1388471
    - vertices: p343(v88) p200(v57) p42(v56)
    - neighboring facets: f258 f429 f424
- f428
    - flags: bottom simplicial
    - normal:    0.9815  0.04849   0.1853
    - offset: -0.1702741
    - vertices: p343(v88) p627(v32) p819(v31)
    - neighboring facets: f244 f429 f492
- f429
    - flags: top simplicial
    - normal:    0.9844  0.03116   0.1731
    - offset: -0.1650955
    - vertices: p343(v88) p42(v56) p819(v31)
    - neighboring facets: f247 f428 f426
- f432
    - flags: bottom simplicial
    - normal:  -0.04211  -0.8734  -0.4852
    - offset: -0.1250081
    - vertices: p575(v89) p414(v22) p497(v10)
    - neighboring facets: f166 f434 f433
- f433
    - flags: bottom simplicial
    - normal:   0.01754  -0.9116  -0.4107
    - offset: -0.1486584
    - vertices: p575(v89) p890(v77) p414(v22)
    - neighboring facets: f439 f432 f435
- f434
    - flags: top simplicial
    - normal:    0.1419  -0.8481  -0.5105
    - offset: -0.1224095
    - vertices: p575(v89) p358(v50) p497(v10)
    - neighboring facets: f221 f432 f435
- f435
    - flags: top simplicial
    - normal:      0.27    -0.82  -0.5047
    - offset: -0.1219552
    - vertices: p575(v89) p890(v77) p358(v50)
    - neighboring facets: f362 f434 f433
- f436
    - flags: bottom simplicial
    - normal:  -0.003105  -0.8198   0.5726
    - offset: -0.3362878
    - vertices: p960(v90) p547(v23) p911(v11)
    - neighboring facets: f381 f438 f437
- f437
    - flags: bottom simplicial
    - normal:  -0.001776  -0.8196   0.5729
    - offset: -0.3363724
    - vertices: p960(v90) p793(v54) p547(v23)
    - neighboring facets: f480 f436 f500
- f438
    - flags: top simplicial
    - normal:  -0.06888  -0.9469   0.3139
    - offset:  -0.296912
    - vertices: p960(v90) p414(v22) p911(v11)
    - neighboring facets: f190 f436 f439
- f439
    - flags: top simplicial
    - normal:    -0.048  -0.9524   0.3012
    - offset: -0.2957452
    - vertices: p960(v90) p890(v77) p414(v22)
    - neighboring facets: f433 f438 f498
- f441
    - flags: top simplicial
    - normal:    0.5671  -0.6716   0.4768
    - offset: -0.3004947
    - vertices: p960(v90) p82(v79) p464(v20)
    - neighboring facets: f447 f497 f501
- f443
    - flags: bottom simplicial
    - normal:     0.888  -0.3717   0.2706
    - offset: -0.2283039
    - vertices: p907(v91) p855(v53) p464(v20)
    - neighboring facets: f232 f444 f445
- f444
    - flags: top simplicial
    - normal:    0.7416  -0.6204    0.255
    - offset: -0.2497884
    - vertices: p907(v91) p890(v77) p464(v20)
    - neighboring facets: f496 f443 f445
- f445
    - flags: bottom simplicial
    - normal:    0.7708  -0.6022   0.2079
    - offset: -0.2376346
    - vertices: p907(v91) p890(v77) p855(v53)
    - neighboring facets: f369 f443 f444
- f446
    - flags: top simplicial
    - normal:     0.803  -0.4535   0.3867
    - offset: -0.2645859
    - vertices: p771(v92) p819(v31) p464(v20)
    - neighboring facets: f232 f447 f448
- f447
    - flags: bottom simplicial
    - normal:    0.6893   -0.575   0.4408
    - offset: -0.2875061
    - vertices: p771(v92) p82(v79) p464(v20)
    - neighboring facets: f441 f446 f449
- f448
    - flags: top simplicial
    - normal:    0.8696  -0.1246   0.4778
    - offset: -0.3053785
    - vertices: p771(v92) p802(v55) p819(v31)
    - neighboring facets: f244 f446 f449
- f449
    - flags: top simplicial
    - normal:    0.8695  -0.1246    0.478
    - offset: -0.3054955
    - vertices: p771(v92) p82(v79) p802(v55)
    - neighboring facets: f451 f448 f447
- f450
    - flags: bottom simplicial
    - normal:    0.8005 -0.02795   0.5986
    - offset: -0.3599724
    - vertices: p991(v93) p802(v55) p860(v5)
    - neighboring facets: f243 f483 f451
- f451
    - flags: bottom simplicial
    - normal:    0.7977 -0.04587   0.6013
    - offset: -0.3612666
    - vertices: p991(v93) p82(v79) p802(v55)
    - neighboring facets: f449 f450 f452
- f452
    - flags: top simplicial
    - normal:    0.3097  -0.3351   0.8898
    - offset: -0.4841196
    - vertices: p991(v93) p82(v79) p793(v54)
    - neighboring facets: f499 f482 f451
- f455
    - flags: top simplicial tested
    - normal:   -0.7897  -0.4913   0.3674
    - offset: -0.2532411
    - center: -0.1030560666666667 -0.0905379 0.3466753333333334 
    - vertices: p966(v94) p894(v60) p547(v23)
    - neighboring facets: f517 f456 f525
- f456
    - flags: bottom simplicial tested
    - normal:   -0.7791  -0.5074   0.3683
    - offset:  -0.254009
    - center: -0.08669130000000003 -0.1107321333333334 0.3537873333333333 
    - vertices: p966(v94) p447(v80) p547(v23)
    - neighboring facets: f381 f455 f522
- f460
    - flags: top simplicial
    - normal:   -0.9045   0.2181  -0.3666
    - offset: -0.09383712
    - vertices: p738(v95) p816(v82) p228(v61)
    - neighboring facets: f389 f461 f464
- f461
    - flags: top simplicial
    - normal:   -0.9064 0.007744  -0.4224
    - offset: -0.07814421
    - vertices: p738(v95) p228(v61) p12(v37)
    - neighboring facets: f471 f462 f460
- f462
    - flags: bottom simplicial
    - normal:   -0.8749 0.007475  -0.4843
    - offset: -0.07542565
    - vertices: p738(v95) p221(v70) p12(v37)
    - neighboring facets: f325 f461 f463
- f463
    - flags: top simplicial
    - normal:   -0.8035   0.4207  -0.4212
    - offset: -0.1004769
    - vertices: p738(v95) p221(v70) p202(v44)
    - neighboring facets: f318 f464 f462
- f464
    - flags: bottom simplicial
    - normal:    -0.886   0.2949  -0.3578
    - offset: -0.09805188
    - vertices: p738(v95) p816(v82) p202(v44)
    - neighboring facets: f390 f463 f460
- f466
    - flags: top simplicial tested seen
    - normal:   -0.9929   0.0485   0.1091
    - offset: -0.1618529
    - center: -0.128565 0.0608817 0.2865713333333333 
    - vertices: p89(v96) p446(v83) p475(v62)
    - neighboring facets: f395 f531 f468
    - ridges:
- f467
    - flags: bottom simplicial tested seen
    - normal:   -0.9987  0.04949 -0.01415
    - offset: -0.1298539
    - center: -0.128346 0.1006824666666667 0.233509 
    - vertices: p89(v96) p512(v27) p1(v0)
    - neighboring facets: f102 f537 f468
    - ridges:
- f468
    - flags: bottom simplicial tested
    - normal:   -0.9828   0.1601  0.09191
    - offset: -0.1645391
    - center: -0.126911 0.1041418 0.2517366666666667 
    - vertices: p89(v96) p446(v83) p512(v27)
    - neighboring facets: f396 f467 f466
- f469
    - flags: top simplicial
    - normal:   -0.9962 -0.009437 -0.08692
    - offset: -0.1143357
    - vertices: p895(v97) p228(v61) p185(v35)
    - neighboring facets: f387 f470 f471
- f470
    - flags: bottom simplicial
    - normal:   -0.9853 -0.08092  -0.1502
    - offset: -0.1075229
    - center: -0.125432 -0.07979952666666666 0.1499462333333333 
    - vertices: p895(v97) p469(v84) p185(v35)
    - neighboring facets: f509 f469 f513
- f471
    - flags: bottom simplicial
    - normal:   -0.9317  -0.0392   -0.361
    - offset: -0.08343604
    - vertices: p895(v97) p228(v61) p12(v37)
    - neighboring facets: f461 f512 f469
- f479
    - flags: bottom simplicial
    - normal:  -0.06167   0.2354   0.9699
    - offset: -0.5092023
    - vertices: p28(v99) p573(v67) p373(v42)
    - neighboring facets: f335 f530 f481
- f480
    - flags: top simplicial
    - normal:  -0.02916  -0.2152   0.9761
    - offset: -0.5104756
    - center: -0.01953703333333333 -0.03505924 0.5146443333333334 
    - vertices: p28(v99) p793(v54) p547(v23)
    - neighboring facets: f437 f485 f482
- f481
    - flags: top simplicial
    - normal:  -0.003412   0.1432   0.9897
    - offset: -0.5168949
    - vertices: p28(v99) p573(v67) p860(v5)
    - neighboring facets: f337 f483 f479
- f482
    - flags: top simplicial
    - normal:  -0.007617  -0.1853   0.9826
    - offset:  -0.512989
    - vertices: p28(v99) p991(v93) p793(v54)
    - neighboring facets: f452 f480 f483
- f483
    - flags: bottom simplicial
    - normal:  -0.003839  -0.1197   0.9928
    - offset: -0.5182094
    - vertices: p28(v99) p991(v93) p860(v5)
    - neighboring facets: f450 f481 f482
- f485
    - flags: top simplicial tested
    - normal:   -0.6383 -0.09055   0.7644
    - offset:  -0.426275
    - center: -0.05104163333333337 -0.02105814000000001 0.5125166666666666 
    - vertices: p416(v100) p28(v99) p547(v23)
    - neighboring facets: f480 f518 f486
- f486
    - flags: bottom simplicial tested
    - normal:   -0.6734 -0.003043   0.7393
    - offset: -0.4147694
    - center: -0.053695 -0.003406290000000001 0.5121063333333334 
    - vertices: p416(v100) p28(v99) p724(v86)
    - neighboring facets: f516 f490 f485
- f487
    - flags: top simplicial tested seen
    - normal:   -0.9523  -0.0285   0.3039
    - offset: -0.2115228
    - center: -0.1067638 -0.03010256666666666 0.3586116666666667 
    - vertices: p416(v100) p894(v60) p174(v18)
    - neighboring facets: f534 f488 f519
    - ridges:
- f488
    - flags: bottom simplicial tested
    - normal:   -0.9515 0.001356   0.3075
    - offset: -0.2129933
    - center: -0.1053288 0.02972206666666667 0.3665483333333333 
    - vertices: p416(v100) p446(v83) p174(v18)
    - neighboring facets: f395 f487 f489
- f489
    - flags: top simplicial tested
    - normal:   -0.9286   0.1162   0.3524
    - offset: -0.2331355
    - center: -0.0835996666666667 0.04524673333333332 0.4263459999999999 
    - vertices: p416(v100) p446(v83) p93(v68)
    - neighboring facets: f397 f490 f488
- f490
    - flags: bottom simplicial tested
    - normal:   -0.9052   0.1413   0.4007
    - offset: -0.2559209
    - center: -0.06099676666666664 0.01751625 0.494677 
    - vertices: p416(v100) p724(v86) p93(v68)
    - neighboring facets: f514 f489 f486
- f491
    - flags: top simplicial
    - normal:    0.7533   0.5537   0.3549
    - offset: -0.2648124
    - vertices: p294(v101) p627(v32) p968(v16)
    - neighboring facets: f346 f493 f492
- f492
    - flags: top simplicial
    - normal:    0.8979   0.3379    0.282
    - offset: -0.2280169
    - vertices: p294(v101) p343(v88) p627(v32)
    - neighboring facets: f428 f491 f495
- f493
    - flags: bottom simplicial
    - normal:    0.6794   0.6979   0.2265
    - offset: -0.2476204
    - vertices: p294(v101) p426(v46) p968(v16)
    - neighboring facets: f345 f491 f494
- f494
    - flags: bottom simplicial
    - normal:    0.7057   0.6856   0.1786
    - offset: -0.2366229
    - vertices: p294(v101) p299(v73) p426(v46)
    - neighboring facets: f338 f493 f495
- f495
    - flags: bottom simplicial
    - normal:    0.7378   0.6511   0.1778
    - offset:  -0.234485
    - vertices: p294(v101) p343(v88) p299(v73)
    - neighboring facets: f425 f494 f492
- f496
    - flags: bottom simplicial
    - normal:    0.6907  -0.6491   0.3187
    - offset: -0.2665841
    - vertices: p129(v102) p890(v77) p464(v20)
    - neighboring facets: f444 f497 f498
- f497
    - flags: top simplicial
    - normal:    0.5816  -0.6784   0.4488
    - offset:  -0.295507
    - vertices: p129(v102) p960(v90) p464(v20)
    - neighboring facets: f441 f496 f498
- f498
    - flags: bottom simplicial
    - normal:    0.5558  -0.7201   0.4154
    - offset: -0.2955769
    - vertices: p129(v102) p960(v90) p890(v77)
    - neighboring facets: f439 f496 f497
- f499
    - flags: bottom simplicial
    - normal:    0.5283  -0.6853   0.5014
    - offset:  -0.310828
    - vertices: p23(v103) p82(v79) p793(v54)
    - neighboring facets: f452 f500 f501
- f500
    - flags: top simplicial
    - normal:    0.5144   -0.697   0.4996
    - offset: -0.3100824
    - vertices: p23(v103) p960(v90) p793(v54)
    - neighboring facets: f437 f499 f501
- f501
    - flags: bottom simplicial
    - normal:    0.5535  -0.6782   0.4834
    - offset: -0.3031626
    - vertices: p23(v103) p960(v90) p82(v79)
    - neighboring facets: f441 f499 f500
- f503
    - flags: bottom simplicial
    - normal:   -0.9368  -0.3353   0.1002
    - offset: -0.1864607
    - center: -0.125227 -0.1437653333333333 0.209005 
    - vertices: p872(v104) p966(v94) p469(v84)
    - neighboring facets: f510 f506 f523
- f505
    - flags: top simplicial
    - normal:    -0.615  -0.7874  0.04228
    - offset: -0.2066906
    - vertices: p872(v104) p227(v43) p414(v22)
    - neighboring facets: f190 f506 f521
- f506
    - flags: bottom simplicial
    - normal:    -0.616  -0.7873 -0.02666
    - offset: -0.1934325
    - vertices: p872(v104) p469(v84) p414(v22)
    - neighboring facets: f406 f505 f503
- f509
    - flags: top simplicial tested seen
    - normal:   -0.9934 -0.08358 -0.07828
    - offset: -0.1220429
    - center: -0.1280633333333333 -0.1178437 0.191956 
    - vertices: p97(v105) p469(v84) p185(v35)
    - neighboring facets: f470 f538 f510
    - ridges:
- f510
    - flags: top simplicial tested
    - normal:   -0.9917  -0.1282 -0.008191
    - offset: -0.1414958
    - center: -0.1278106666666667 -0.1287296666666667 0.2143003333333333 
    - vertices: p97(v105) p966(v94) p469(v84)
    - neighboring facets: f503 f509 f526
- f511
    - flags: top simplicial
    - normal:   -0.9462  -0.1684  -0.2764
    - offset: -0.09320456
    - vertices: p482(v106) p469(v84) p12(v37)
    - neighboring facets: f405 f512 f513
- f512
    - flags: bottom simplicial
    - normal:   -0.9492  -0.1535  -0.2748
    - offset: -0.09248265
    - vertices: p482(v106) p895(v97) p12(v37)
    - neighboring facets: f471 f511 f513
- f513
    - flags: top simplicial
    - normal:   -0.9522  -0.1528  -0.2644
    - offset: -0.09373626
    - vertices: p482(v106) p895(v97) p469(v84)
    - neighboring facets: f470 f511 f512
- f514
    - flags: top simplicial
    - normal:   -0.8684   0.1812   0.4615
    - offset: -0.2846502
    - vertices: p56(v107) p724(v86) p93(v68)
    - neighboring facets: f490 f527 f516
- f516
    - flags: top simplicial
    - normal:   -0.6736   0.2565   0.6932
    - offset: -0.3910446
    - vertices: p56(v107) p28(v99) p724(v86)
    - neighboring facets: f486 f514 f528
- f517
    - flags: bottom simplicial
    - normal:   -0.8857  -0.2895   0.3629
    - offset: -0.2447808
    - vertices: p516(v108) p894(v60) p547(v23)
    - neighboring facets: f455 f518 f519
- f518
    - flags: top simplicial
    - normal:   -0.8995  -0.1812   0.3975
    - offset: -0.2572782
    - vertices: p516(v108) p416(v100) p547(v23)
    - neighboring facets: f485 f517 f519
- f519
    - flags: bottom simplicial
    - normal:   -0.9283   -0.146   0.3418
    - offset: -0.2304566
    - vertices: p516(v108) p416(v100) p894(v60)
    - neighboring facets: f487 f517 f518
- f520
    - flags: top simplicial
    - normal:   -0.6367    -0.73   0.2486
    - offset:  -0.241663
    - vertices: p452(v109) p447(v80) p227(v43)
    - neighboring facets: f382 f521 f522
- f521
    - flags: bottom simplicial
    - normal:   -0.6444  -0.7283   0.2333
    - offset: -0.2380539
    - vertices: p452(v109) p872(v104) p227(v43)
    - neighboring facets: f505 f520 f523
- f522
    - flags: top simplicial
    - normal:   -0.7602  -0.5784   0.2958
    - offset: -0.2419002
    - vertices: p452(v109) p966(v94) p447(v80)
    - neighboring facets: f456 f520 f523
- f523
    - flags: top simplicial
    - normal:   -0.7609  -0.5846   0.2815
    - offset: -0.2391493
    - vertices: p452(v109) p872(v104) p966(v94)
    - neighboring facets: f503 f522 f521
- f525
    - flags: bottom simplicial tested seen
    - normal:   -0.9971 -0.06981  0.02867
    - offset:  -0.144447
    - center: -0.1297473333333334 -0.1069547666666667 0.2651896666666667 
    - vertices: p37(v110) p966(v94) p894(v60)
    - neighboring facets: f455 f534 f526
    - ridges:
- f526
    - flags: bottom simplicial tested seen
    - normal:   -0.9986 -0.05204 0.007626
    - offset: -0.1372226
    - center: -0.1297473333333334 -0.111631 0.2419443333333333 
    - vertices: p37(v110) p97(v105) p966(v94)
    - neighboring facets: f510 f525 f538
    - ridges:
- f527
    - flags: top simplicial
    - normal:   -0.6994   0.3303   0.6339
    - offset: -0.3641727
    - vertices: p734(v111) p56(v107) p93(v68)
    - neighboring facets: f514 f529 f528
- f528
    - flags: bottom simplicial
    - normal:   -0.5569    0.395   0.7307
    - offset: -0.4057534
    - vertices: p734(v111) p56(v107) p28(v99)
    - neighboring facets: f516 f530 f527
- f529
    - flags: top simplicial
    - normal:   -0.4743   0.4809   0.7374
    - offset: -0.4078411
    - vertices: p734(v111) p93(v68) p373(v42)
    - neighboring facets: f308 f530 f527
- f530
    - flags: bottom simplicial
    - normal:   -0.4986   0.4337   0.7505
    - offset: -0.4136547
    - vertices: p734(v111) p28(v99) p373(v42)
    - neighboring facets: f479 f529 f528
- f531
    - flags: top simplicial tricoplanar keepcentrum
    - owner of normal & centrum is facet f531
    - normal:        -1        0        0
    - offset:      -0.13
    - center:  -0.13 -0.008830066666666671 0.2398706666666667 
    - vertices: p37(v110) p89(v96) p475(v62)
    - neighboring facets: f466 f533 f537
- f532
    - flags: top simplicial tricoplanar
    - owner of normal & centrum is facet f531
    - normal:        -1        0        0
    - offset:      -0.13
    - center:  -0.13 -0.008830066666666671 0.2398706666666667 
    - vertices: p37(v110) p745(v13) p1(v0)
    - neighboring facets: f102 f537 f536
- f533
    - flags: top simplicial tricoplanar
    - owner of normal & centrum is facet f531
    - normal:        -1        0        0
    - offset:      -0.13
    - center:  -0.13 -0.008830066666666671 0.2398706666666667 
    - vertices: p37(v110) p475(v62) p174(v18)
    - neighboring facets: f395 f534 f531
- f534
    - flags: bottom simplicial tricoplanar
    - owner of normal & centrum is facet f531
    - normal:        -1        0        0
    - offset:      -0.13
    - center:  -0.13 -0.008830066666666671 0.2398706666666667 
    - vertices: p37(v110) p894(v60) p174(v18)
    - neighboring facets: f487 f533 f525
- f535
    - flags: bottom simplicial tricoplanar
    - owner of normal & centrum is facet f531
    - normal:        -1        0        0
    - offset:      -0.13
    - center:  -0.13 -0.008830066666666671 0.2398706666666667 
    - vertices: p37(v110) p278(v81) p185(v35)
    - neighboring facets: f387 f538 f536
- f536
    - flags: top simplicial tricoplanar
    - owner of normal & centrum is facet f531
    - normal:        -1        0        0
    - offset:      -0.13
    - center:  -0.13 -0.008830066666666671 0.2398706666666667 
    - vertices: p37(v110) p278(v81) p745(v13)
    - neighboring facets: f386 f532 f535
- f537
    - flags: bottom simplicial tricoplanar
    - owner of normal & centrum is facet f531
    - normal:        -1        0        0
    - offset:      -0.13
    - center:  -0.13 -0.008830066666666671 0.2398706666666667 
    - vertices: p37(v110) p89(v96) p1(v0)
    - neighboring facets: f467 f532 f531
- f538
    - flags: top simplicial tricoplanar
    - owner of normal & centrum is facet f531
    - normal:        -1        0        0
    - offset:      -0.13
    - center:  -0.13 -0.008830066666666671 0.2398706666666667 
    - vertices: p37(v110) p97(v105) p185(v35)
    - neighboring facets: f509 f535 f526
