3
1000 172 258
-0.0156106 -0.0569683 0.0599775 
0.00105808 -0.0240693 0.009796310000000001 
-0.021312 0.0336055 0.0802013 
0.008561940000000001 -0.00649958 0.093886 
0.0222907 0.00577652 0.08358599999999999 
0.0377611 0.00219701 -0.00292514 
-0.0290705 0.0485559 0.0270899 
-0.0366966 -0.009017580000000001 0.00568462 
0.0317099 0.0390947 0.0316333 
0.0207863 -0.07358149999999999 0.0432564 
-0.00264127 0.0107763 0.09998600000000001 
-0.0119719 -0.0132573 0.08358599999999999 
-0.0175777 -0.0334388 -0.00547077 
 0.015 -0.0165725 0.0831134 
-0.009503289999999999 -0.029668 0.090586 
-0.00670734 -0.0261102 0.098986 
0.00618327 -0.0470907 0.0660275 
0.0142903 -0.0689998 0.0212472 
0.000272155 0.0210375 0.098986 
0.0358588 0.06800009999999999 0.0558649 
0.0102876 -0.0559999 0.0930743 
0.0132018 -0.0171792 0.072586 
0.0201368 0.0183128 0.0407995 
-0.0242986 0.016035 0.08458599999999999 
-0.0186176 0.0215429 -0.008 
0.0113699 -0.0180263 0.0149926 
-0.0168754 -0.0373497 0.06570090000000001 
0.0183475 0.0310001 0.0612235 
0.024152 -0.0142488 0.08458599999999999 
0.0191649 -0.00126231 0.0545103 
-0.0306292 -0.0175343 0.0169151 
-0.00358831 -0.000805074 0.0716986 
0.0309013 0.0170478 0.0123085 
0.0014084 -0.0300102 0.0252025 
0.0191041 0.00514311 0.0372826 
0.021737 0.0612667 0.00779585 
0.017652 0.0186057 0.08358599999999999 
0.0239643 -0.00253005 0.00607231 
0.00748223 0.00107054 0.0654343 
0.0192091 0.0119661 0.0964044 
-0.0171347 -0.0433677 0.0577852 
-0.00558718 0.0155696 0.09998600000000001 
-0.0360477 0.0720001 0.0272903 
-0.024829 0.00750332 0.072586 
0.0134536 -0.0305695 0.08458599999999999 
0.0177149 0.0019657 0.06502570000000001 
0.0178362 -0.0308446 0.00599998 
0.0175255 0.00377781 0.077586 
-0.00940881 -0.0220872 0.078586 
0.00451412 -0.0640791 0.0190451 
0.0184456 0.0154926 0.0115917 
-0.019363 0.0350001 0.0184987 
0.0208707 0.06600010000000001 0.0606202 
-0.0315198 0.0401098 0.03109 
0.0274559 -0.0219807 0.00748617 
0.009941480000000001 -0.0494942 0.072586 
0.00568133 -0.0428342 0.08458599999999999 
-0.008977189999999999 -0.00409862 0.078586 
-0.0386413 0.0327385 0.057358 
-0.0129763 -0.0666954 0.0622601 
-0.02538 0.0154279 0.0514385 
0.0279306 -0.0644752 0.0452773 
0.0133679 -0.00304269 0.090586 
0.0295132 0.0221804 0.0709661 
-0.00107354 -0.0368966 0.07193239999999999 
 0.015 -0.0208534 0.0861267 
0.00113067 -0.0138176 0.093886 
-0.0131982 0.0657235 0.00402916 
0.0187999 0.0260001 0.0421499 
0.018711 -0.00416735 0.077586 
-0.00130337 -0.0418844 0.089586 
0.0162206 0.0260001 0.0573156 
0.0295276 0.0532497 0.0749107 
0.00697225 0.0602232 0.06371060000000001 
-0.0168175 0.0309841 0.00658711 
-0.0111174 0.00679067 0.089586 
0.0384761 0.0392657 0.0579545 
-0.0383051 0.0720001 0.0248687 
-0.00597731 -0.0189162 0.0814018 
0.0236658 -0.013856 0.075586 
0.00655393 -0.0170756 0.0149926 
-0.0288977 0.037632 0.0180093 
-0.0163706 -0.0101194 0.08458599999999999 
-0.00198136 -0.0294814 0.0667151 
0.0119753 0.053742 0.08579639999999999 
-0.0117251 -0.0378469 0.08458599999999999 
0.009384399999999999 0.0310001 0.0280407 
0.0322839 0.06800009999999999 0.0542641 
-0.0110893 -0.0388569 0.06378689999999999 
-0.0147213 -0.0192073 0.00310552 
-0.0238117 -0.00428763 0.00376487 
0.00503069 -0.0016839 0.08358599999999999 
-0.0329071 0.0395917 0.0691821 
-0.000644804 0.0186553 0.08358599999999999 
0.00645477 -0.0363281 0.077586 
-0.0346041 -0.00705241 0.0186436 
-0.0207133 -0.0440923 0.078586 
0.0182871 -0.0156871 0.0130453 
-0.0366082 0.0720001 0.0707793 
0.0135146 -0.00961886 0.078586 
-0.0272723 -0.0234578 0.090586 
0.0125104 -0.027301 0.089586 
0.0246016 -0.0461534 0.0376263 
0.00285714 0.0378292 -0.00509887 
0.0264853 -0.06405669999999999 0.0532356 
-0.00869958 0.0184917 0.08458599999999999 
0.009623059999999999 0.0161865 0.072586 
0.00150592 0.000271971 0.090586 
0.0252104 -0.0311238 0.090586 
0.0054538 0.0563658 0.0802804 
0.00159915 -0.0379193 0.00568363 
0.0207863 -0.0446432 0.0472342 
-0.0196569 0.0293781 0.0107131 
0.00162503 -0.0209457 0.086086 
0.00570784 -0.0507888 0.08358599999999999 
0.0064888 -0.0145336 0.08458599999999999 
-0.0015707 -0.0668231 0.0667741 
-0.0170143 0.0152763 0.09386120000000001 
0.00523972 0.023722 0.00315599 
-0.00420075 0.0377224 0.000285098 
-0.0267935 -0.0142776 -0.00800001 
-0.022402 -0.0464525 0.075586 
-0.0391958 0.0421977 0.055066 
-0.0261071 0.0310001 0.0525463 
-0.0353479 0.07033440000000001 0.0468508 
0.00353742 0.0461315 0.0115037 
-0.0157484 -0.0411131 0.072586 
-0.00687407 -0.06840889999999999 0.0181139 
0.0140809 0.00498754 0.093886 
-0.00273963 -0.00279248 0.078586 
0.0132006 -0.0254982 0.078586 
0.0119415 -0.0391708 0.0288432 
-0.0353944 0.0720001 0.030072 
-0.0370079 0.0463997 0.0617863 
-0.0241962 0.0650718 0.0095075 
0.0195857 0.0201906 0.089586 
-0.0251935 -0.0265175 0.0396783 
-0.0247211 -0.009441089999999999 0.0538651 
0.00146181 -0.00392371 0.075586 
-0.0240437 -0.0261541 0.0557428 
0.0340969 0.0549602 0.0530825 
0.010882 -0.0459502 0.096286 
-0.0232333 -0.00070877 0.078586 
-0.000296724 0.063447 0.0899698 
0.0111272 0.0350001 0.0206231 
0.000520166 0.0310001 0.0374421 
0.0109369 -0.0572331 0.0225773 
-0.00822428 0.0222518 0.0269046 
0.0355054 0.0720001 0.0259979 
0.00765925 -0.0178459 0.075586 
0.00119283 -0.0365288 0.072586 
-0.0303572 0.0720001 0.0775793 
0.038171 0.06800009999999999 0.0368138 
-0.00278188 -0.00702547 0.0718429 
-0.0207862 0.0175135 0.0432373 
-0.0102539 -0.0363592 -0.00593089 
-0.0244253 0.07191649999999999 0.00770468 
-0.0178612 -0.0511574 0.090586 
-0.0145145 0.0310001 0.0238622 
-0.00261279 -0.0330308 0.077586 
0.0271792 0.0597008 0.054186 
0.000956321 -0.0524435 0.0719434 
-0.0317817 -0.0206155 -0.00170282 
-0.0281976 0.0682217 0.0104788 
0.011531 0.0320406 -0.008 
0.000573294 0.06800009999999999 0.0776135 
-0.0106007 0.021627 0.000224192 
-0.0204833 0.0570143 0.00715543 
0.0163294 0.00284661 0.0329617 
0.0194408 -0.0351027 0.0289326 
0.000283793 0.0162351 0.093886 
-0.00607854 0.00404213 0.072586 
-0.0203046 -0.0238922 0.089586 
-0.0275 -0.0145907 0.0898577 
0.0162704 -0.0179965 -0.00680907 
-0.0101046 -0.0171961 0.071586 
-0.00209939 0.0680002 0.00739212 
-0.00679854 0.0310001 0.0680178 
-0.007824569999999999 -0.0759999 0.0238204 
0.0227718 -0.030202 0.00254623 
0.0270562 0.0513706 0.0679824 
-0.015 0.00566389 0.07364800000000001 
-0.0183219 -0.0553594 0.08358599999999999 
0.0257227 -0.0129782 0.089586 
-0.0162397 0.0160726 0.077586 
-0.011161 -0.0213436 0.000363759 
-0.0104171 0.0543075 0.079092 
0.0224175 -0.0199975 0.090586 
-0.021006 0.0220614 -0.008 
-0.00941821 -0.0528841 0.072586 
0.0240407 0.008975479999999999 0.09998600000000001 
0.0142855 -0.0216218 0.072586 
0.0213389 0.0392147 0.0184556 
0.0140132 -0.0479125 0.0306383 
-0.0145457 -0.0134006 0.08458599999999999 
0.0187135 -0.048865 0.072586 
0.0279745 0.0587157 0.0253456 
0.0346301 0.0155339 -0.00119583 
0.00729208 0.0597007 0.0717227 
-0.0334423 0.0357802 0.0685014 
-0.0106735 0.0720001 0.0055236 
0.0120087 0.000371024 0.090586 
-0.0233571 -0.0614213 0.0573923 
0.0105807 0.06800009999999999 0.0802766 
0.0110456 -0.0265025 0.0694579 
-0.0130457 -0.0159762 0.0298 
0.0275 0.0214576 0.0737411 
0.0142994 -0.0220422 0.0611137 
0.0225577 0.0310001 0.0485187 
0.024982 -0.0320805 0.0530902 
0.012384 0.00800843 0.0149926 
0.0379147 -0.000783828 -0.00414897 
-0.00748676 0.026131 0.0332651 
0.0257212 -0.0278698 0.078586 
0.000141372 0.06600010000000001 0.0713429 
-0.0222352 -0.0689999 0.0582767 
-0.0243943 -0.00653695 0.09609769999999999 
0.0121864 0.054134 0.0135272 
-0.0341324 0.0420661 0.0527669 
-0.000499229 -0.0353088 0.0155897 
-0.00732726 0.0139402 0.072586 
-0.0258966 -0.00122742 0.0354259 
-0.0201602 -0.00333552 0.0511206 
0.0174235 0.0507429 0.00966622 
0.014378 0.0690978 0.0136724 
-0.0165341 -0.0708247 0.0587198 
0.008681919999999999 -0.0293002 0.089586 
-1.34325e-05 -0.00533027 0.078586 
-0.00877028 -0.0447845 0.0217064 
0.0142189 -0.0319362 -0.00600002 
0.0246317 -0.047628 0.08458599999999999 
0.00413769 0.0153849 0.098986 
-0.0240856 0.00225849 0.0117725 
-0.000249311 -2.71076e-05 0.071586 
-0.0401801 0.0335458 0.0427358 
-0.0227171 0.0597007 0.06930269999999999 
0.024529 0.0350001 0.0269357 
0.0175832 0.0177993 -0.00800001 
-0.00215084 -0.00966914 0.09998600000000001 
-0.0155984 0.0122054 0.078586 
0.01925 0.0132354 0.0804081 
0.0149633 -0.00359135 0.0314616 
0.0275 0.0126649 0.0999452 
-0.0277058 0.0170271 0.0449774 
-0.00749999 0.00853344 0.09903099999999999 
0.0120626 -0.00313258 0.072586 
0.00104421 -0.0204695 0.086086 
-0.0226477 0.0444366 0.0196092 
-0.0102772 0.0385414 0.084937 
 0.015 -0.0145887 0.0757216 
0.0114666 0.06800009999999999 0.0839622 
-0.0292848 0.020018 0.0286017 
0.0110047 0.0310001 0.0572178 
0.0166234 0.0310001 0.0483999 
-0.0046939 -0.0152639 0.071586 
-0.0213134 -0.00916544 0.089586 
0.0437194 0.0720001 0.0581806 
0.0150589 0.0386415 0.0774677 
0.00687556 -0.0463409 0.090586 
0.0158549 -0.0401654 0.0597658 
0.0377662 0.00215006 0.00375611 
0.0207863 -0.06537419999999999 0.0475404 
-0.0244361 -0.0502472 0.0840481 
0.0271065 -0.0689999 0.0439271 
0.0227897 0.0115257 0.072586 
0.00121206 0.0350001 0.0217287 
-0.00147271 0.0230001 0.09054039999999999 
0.0135569 -0.0378189 0.0238969 
-0.0191614 -0.0117819 0.0545223 
0.0196487 0.0310001 0.0468695 
-0.0133482 -0.00284565 0.0300621 
0.036878 0.0680002 0.0248841 
-0.0154786 -0.00623185 0.06676020000000001 
-0.008204349999999999 0.06600010000000001 0.0687938 
-0.00426419 0.000175508 0.098986 
-0.0113472 -0.0152255 0.090586 
0.020484 -0.0117732 0.08358599999999999 
-0.0394545 0.06800009999999999 0.0267758 
-0.0162494 -0.0177801 0.00636527 
0.0260223 0.0221197 0.07449169999999999 
-0.0187206 0.0307963 -0.006 
0.0247389 -0.0215968 0.0381226 
-0.0313877 0.0240967 0.071214 
-0.0218082 -0.0310417 -0.00351663 
-0.00366022 0.0079358 0.077586 
0.0124515 -0.0374341 0.090586 
0.035862 0.0671852 0.0207806 
0.00675634 -0.0231601 0.009756829999999999 
0.0163241 -0.0445158 0.075586 
0.0152584 0.0478139 0.014635 
-0.00852673 -0.00206931 0.071586 
-0.007883070000000001 0.0412458 0.00646646 
-0.0104563 -0.01376 0.06407599999999999 
-0.0056775 0.0125317 0.089586 
0.00286605 0.0680002 0.00546537 
0.0052551 0.0290001 0.0598836 
-0.00565311 0.0371542  0.006 
0.0270551 -0.00806341 0.078586 
0.0234674 -0.0689999 0.0585275 
-0.0403201 0.0720001 0.057786 
-0.00479091 0.0345223 0.0230936 
0.0197135 0.0145384 0.098986 
0.0373127 0.00631963 0.000341085 
-0.0136272 0.0261563 0.08391759999999999 
0.00167614 -0.0492621 0.025241 
0.0262819 -0.0311868 0.090586 
-0.0180852 -0.0365648 0.0273477 
0.039478 0.0584625 0.0649166 
0.0336501 0.0355071 0.06816999999999999 
0.0163348 0.0141941 0.0149926 
-0.020738 -0.0539542 0.0785809 
-0.0282402 0.0367119 0.0257685 
-0.0343628 0.0420698 0.0412772 
0.0041788 0.069984 0.0911665 
0.0193041 -0.0689999 0.0630449 
-0.0259859 0.000664451 0.0339733 
-0.0194682 0.0557346 0.00749102 
0.0226993 0.0148143 0.089586 
-0.0128157 -0.0403519 0.077586 
0.00210788 0.0271119 0.0312501 
0.0129529 0.0160838 0.08528959999999999 
-0.0128904 0.00490915 0.08358599999999999 
-0.0210503 -0.0170565 0.078586 
0.0287166 0.06600010000000001 0.0468566 
0.0267193 -0.0474307 0.089586 
-0.00825741 0.0310001 0.0426927 
-0.0152944 -0.0759999 0.0275262 
-0.00521261 -0.0552631 0.0257494 
-0.009249169999999999 0.056856 0.0795006 
0.00554791 -0.0132515 0.077586 
-0.00737633 -0.00427626 0.093886 
-0.00981021 -0.000777158 0.090586 
0.0330656 0.050887 0.0230633 
-0.0134877 0.0290001 0.0449749 
-0.00586021 -0.0400233 0.06615740000000001 
-0.00978157 0.0329343 0.0850709 
0.0352854 0.06884129999999999 0.0174274 
-0.0290703 0.0589032 0.0649105 
0.0114229 -0.0258757 0.098986 
0.0181376 0.0219637 0.0357752 
0.0117313 -0.043707 0.08358599999999999 
0.00748821 0.0274569 -0.008 
0.0261202 0.00604936 0.078586 
0.0259221 0.06800009999999999 0.0794919 
0.0379357 0.000591472 0.00538007 
-0.007843060000000001 0.0310001 0.0311624 
0.0208344 0.06600010000000001 0.0270753 
-0.0370902 0.00722999 -0.00296587 
-0.00323636 0.0200334 0.086086 
0.0212106 0.0597008 0.0578065 
0.008713500000000001 -0.0255162 0.0917651 
0.0170178 0.06600010000000001 0.0607783 
0.0256519 -0.0161422 -0.00800001 
-0.0181688 -0.030305 0.0109771 
-0.0340852 0.0515912 0.0388138 
0.0267534 -0.0266894 0.00252154 
-0.0268518 0.04488 0.0238132 
-0.0163335 -0.0689698 0.032968 
0.009259119999999999 0.0597008 0.0147892 
-0.0308064 0.06800009999999999 0.01917 
0.0134997 0.0230001 0.0737717 
-0.0326775 -0.0115469 0.0232799 
-0.00871856 0.0117704 0.090586 
-0.0264464 -0.0141915 0.0273402 
0.0118507 -0.0120068 0.090586 
-0.0192068 -0.0473015 0.0634813 
-0.0221898 0.00527301 0.0595099 
-0.0377772 0.00214475 0.00426075 
0.0250105 0.0163861 0.0378978 
0.0348146 0.0680002 0.0295593 
0.00103004 -0.0165169 0.08358599999999999 
-0.0144621 -0.0404008 0.078586 
0.0277479 0.0432602 0.0750943 
0.0163827 0.0175848 0.08458599999999999 
0.00827521 -0.0189162 0.0745847 
0.0227478 -0.0409251 0.08358599999999999 
0.0125787 0.00171436 0.077586 
-0.00651205 -0.046576 0.089586 
-0.0192 -0.0261478 0.0543909 
0.0177875 -0.0554438 0.090586 
-0.0163245 -0.0400968 0.032954 
-0.0100005 0.010728 0.0277158 
0.0149262 -0.0759999 0.0280717 
-0.00517766 0.00146878 0.098986 
-0.0161385 -0.0689999 0.0657008 
0.0220667 0.06600010000000001 0.0452573 
-0.0287141 0.0472037 0.0178221 
-0.0183091 -0.0454463 0.0802194 
0.00515305 -0.0349743 0.0155602 
0.00143511 -0.0536266 0.075586 
0.016321 0.0310001 0.0286065 
0.00574597 0.0274384 0.0597399 
0.0439222 0.0642952 0.0441913 
0.0173948 -0.030101 -0.00600002 
-0.00142693 -0.0189162 0.0737408 
0.0189161 -0.0104195 0.0550135 
0.0225561 -0.0301743 0.08458599999999999 
-0.015233 -0.0192174 0.08458599999999999 
-0.0211793 0.0337652 0.0286784 
-0.0345719 0.0401243 0.0431336 
0.0284661 -0.0248813 0.00477512 
-0.0205661 -0.0142604 0.0618544 
0.0118875 0.071779 0.00221494 
-0.0171887 0.0207753 0.078586 
0.0109444 0.0230001 0.0898402 
-0.019324 0.06600010000000001 0.0476698 
0.0232764 0.0144298 0.08458599999999999 
0.0268769 0.0286382 0.0160182 
0.00491354 -0.0277682 0.090586 
0.0196925 0.0241051 0.0392866 
-0.0100591 -0.0503083 0.08458599999999999 
0.00187353 -0.0710932 0.0252693 
-0.0288449 -0.0656736 0.0470166 
0.008383649999999999 0.0158934 0.093886 
-0.0147128 0.0186155 0.078586 
0.0242105 -0.0269999 0.099007 
0.0246844 -0.00358384 0.08458599999999999 
-0.0323465 -0.008941879999999999 0.0241798 
0.0274659 0.0656361 0.0801133 
0.00130169 -0.00833949 0.09998600000000001 
0.016952 -0.0175893 0.0339304 
0.009657249999999999 0.0176334 0.0149926 
0.0364094 0.0216361 0.0549907 
-0.0185934 0.0116107 0.0824471 
0.00470305 -0.00467641 0.093886 
-0.032953 0.06800009999999999 0.0397434 
0.0139934 -0.0286947 0.075586 
0.0203599 0.0168603 0.0415593 
-0.0240699 0.0152948 0.0288025 
0.0204297 -0.0286833 0.00674348 
-0.00397384 0.000813561 0.08358599999999999 
-0.0133011 0.0260001 0.0388563 
0.0120585 -0.07476869999999999 0.0289445 
0.0334687 0.056081 0.0735705 
-0.015152 -0.0326324 0.089586 
0.0400915 0.0251345 0.0503287 
0.0402404 0.0299986 0.0438991 
0.00645826 0.06600010000000001 0.0171113 
0.0419802 0.069396 0.0284856 
0.0277543 0.06800009999999999 0.0275626 
0.0390766 0.06800009999999999 0.0633657 
0.013668 0.0260481 0.0403618 
0.009105220000000001 0.00600011 0.102347 
-0.0254513 0.053409 0.0132643 
-0.0221489 -0.0054246 0.078586 
0.0312994 0.06800009999999999 0.0732194 
-0.0170366 -0.00538753 0.0149926 
-0.015 0.00689196 0.0866397 
-0.0019115 -0.0348483 0.075586 
-0.00782298 0.06800009999999999 0.0172006 
0.0247942 -0.0757792 0.0475634 
-0.00382583 0.0260001 0.064181 
-0.0100024 0.0185555 0.086086 
0.00412001 -0.012745 0.07161240000000001 
0.0155611 0.06800009999999999 0.0806764 
0.00273975 -0.0187624 0.08358599999999999 
0.0230513 0.0300128 -0.00453579 
-0.0184878 -0.0373133 0.0277242 
0.0253576 -0.0413806 0.078586 
0.0364809 0.0720001 0.0257588 
0.00227826 -0.0239859 0.000452098 
-0.0177407 0.0310001 0.0370785 
-0.0119759 -0.0121285 0.071586 
0.008545799999999999 -0.0289418 0.075586 
0.0243747 -0.0499319 0.0371415 
-0.00598034 -0.0474138 0.07125339999999999 
-0.00610626 -0.0225263 0.090586 
0.0313645 0.04851 0.07113369999999999 
0.0245757 0.06800009999999999 0.07425080000000001 
0.0199385 -0.012093 0.040124 
-0.0166554 0.0642137 0.0549872 
0.0188735 0.0312795 -0.006 
0.0259428 -0.00518222 0.0450732 
-0.00178572 0.06800009999999999 0.0123449 
-0.0454939 0.06989910000000001 0.0455451 
0.0229502 -0.00761886 0.011199 
-0.0241753 -0.00490441 0.089586 
0.0107848 0.000772318 0.063926 
-0.0330334 0.06800009999999999 0.0608413 
-0.00680703 -0.0106841 0.077586 
-0.0147431 0.0194919 0.0312708 
0.0254576 -0.0327082 0.078586 
0.0127636 0.0034283 0.071586 
0.008251710000000001 0.0515721 0.0798497 
0.0383998 0.0368043 0.0336958 
0.0186645 -0.0329868 0.0052769 
0.000565147 -0.0244781 0.090586 
-0.00294181 0.00575355 0.078586 
0.0118071 -0.009549469999999999 0.071586 
-0.015 -0.0102176 0.0729308 
-0.0137829 0.0353797 -0.000750124 
-0.0107944 -0.0363871 0.06952460000000001 
0.0141986 -0.0259566 -0.00800002 
-0.0193583 -0.0498725 0.0633148 
-0.0207862 -0.0675081 0.044607 
-0.00408493 -0.0186674 0.078586 
0.00743635 -0.0734143 0.069748 
-0.0255579 -0.0044527 0.0404027 
-0.0130697 0.000718847 0.08358599999999999 
0.000123999 0.0224477 0.0852837 
-0.0443362 0.06800009999999999 0.0530302 
-0.0316571 0.0227035 0.0700871 
0.0394976 0.0396836 0.0384091 
0.0123852 0.0128166 0.078586 
-0.0166896 0.0720001 0.0863497 
0.00471647 0.0013488 0.093886 
0.0228287 -0.0292333 0.077586 
-0.0207862 -0.0624608 0.0432222 
-0.00422592 0.00285598 0.093886 
-0.0168079 -0.0172586 -0.00175265 
-0.0338894 0.0538561 0.0378619 
0.0121547 -0.000930308 0.077586 
0.0149418 -0.0109915 0.071586 
0.0172286 0.00726377 0.0576392 
-0.0216175 -0.0575273 0.0603041 
0.0181893 0.0350001 0.0211796 
0.0211234 -0.0450173 0.08458599999999999 
-0.0243158 0.06800009999999999 0.084219 
0.0253085 -0.0243391 0.09998600000000001 
0.0183564 0.0655464 0.0414869 
-0.0281428 0.000500558 -0.00800001 
-0.029206 0.046237 0.0182982 
-0.0259127 -0.0263752 0.0445857 
-0.008148499999999999 0.0196002 0.0781669 
0.0102656 0.0186359 0.0149926 
-0.0163573 -0.0133798 0.089586 
-0.0262817 0.0447977 0.07642060000000001 
0.0103922 -0.00840104 0.075586 
-0.0113004 -0.0300358 0.089586 
0.0224353 0.06600010000000001 0.0411689 
-0.0166882 0.0116653 0.0584801 
-0.0135413 -0.0325352 0.0131595 
-0.0333248 -0.0118273 0.00629138 
-0.0207862 0.00279575 0.0465378 
0.0110228 -0.0255162 0.0870525 
-0.00407061 0.0640742 0.00222576 
0.020113 0.00813183 0.078586 
-0.0193047 0.0256257 0.0540343 
-0.015 -0.0123988 0.0895671 
-0.00454792 0.0142812 0.077586 
-0.0154895 -0.0124666 0.0319176 
-0.0266484 0.06800009999999999 0.0241786 
0.00542649 -0.0324291 0.090586 
-0.01617 0.06600010000000001 0.0583835 
-0.00274829 0.0310001 0.0309067 
-0.00644265 0.0322311 0.0725026 
0.00315646 -0.00307479 0.093886 
-0.000327079 -0.0511692 0.08458599999999999 
0.00186689 -0.0759999 0.0699809 
-0.0124616 -0.0167027 0.090586 
0.0111591 -0.0392355 0.075586 
-0.0247845 -0.0490861 0.0536629 
-0.0257119 0.0327692 0.0553145 
0.0196542 -0.0343766 0.0391558 
0.0207912 0.00205461 0.072586 
0.00673811 0.0310001 0.0658617 
-0.0275 -0.0505164 0.07424020000000001 
0.0293639 -0.00333722 -0.00800001 
-0.007948200000000001 -0.00870055 0.08358599999999999 
-0.0222703 -0.0263346 0.0326126 
7.78586e-05 -0.0403807 0.075586 
-0.0364365 0.0362446 0.06310109999999999 
0.0438384 0.0655215 0.0458438 
0.000539329 -0.0063311 0.08358599999999999 
-0.0329294 0.069801 0.0588523 
0.0104342 0.06800009999999999 0.0111687 
0.0401193 0.036833 0.0498154 
0.00395547 -0.0303478 0.075586 
0.00817672 0.0564491 0.0798759 
-0.0195949 0.00593314 0.0389542 
 0.015 0.0137162 0.0778985 
0.0379667 0.0587312 0.0241573 
-0.0254244 -0.0689999 0.0585357 
0.00537726 0.0178331 0.08358599999999999 
-0.0419618 0.0646191 0.0585752 
0.0221537 -0.000375315 0.078586 
-0.0157028 -0.0111165 0.0598975 
-0.0154686 0.0222352 0.089586 
-0.03458 0.06800009999999999 0.0705957 
0.0209654 0.06600010000000001 0.0633563 
-0.015345 0.0174376 0.077586 
-0.0189309 -0.0107951 0.078586 
-0.0233105 0.0100405 -0.00800001 
0.00345592 0.0290001 0.0319915 
-0.00520294 -0.0459816 0.08358599999999999 
0.0220772 -0.0273627 0.072586 
0.0275 0.0198953 0.0727363 
-0.0183191 0.06800009999999999 0.0117141 
0.00653295 0.0138789 0.0711516 
-0.0180083 -0.0393977 0.0564259 
-0.012339 -0.034966 0.0628123 
-0.0168744 -0.0718728 0.0581903 
-0.009454550000000001 -0.0381889 0.072586 
0.00194225 -0.0240089 0.00646362 
0.0287859 0.0209371 0.0242793 
-0.00540779 -0.0325176 0.0952518 
0.00104575 -0.0470731 0.077586 
-0.0207862 -0.00256295 0.0453608 
0.0168472 -0.00946058 0.089586 
0.0173763 -0.0105567 0.0574094 
-0.00439437 0.0129782 0.0663682 
0.0146946 0.0383869 0.0835026 
0.035044 0.06800009999999999 0.0542357 
0.0158502 -0.0336155 0.0597698 
0.00111328 0.0213957 0.078586 
-0.0342471 0.0464352 0.040251 
-0.01925 -0.0471109 0.0826606 
-0.0141683 -0.0252703 0.093886 
0.0354864 0.0213686 0.0562951 
-0.0437751 0.0691672 0.0579709 
0.0172699 0.0511296 0.0823541 
-0.0168425 0.0172265 -0.00733687 
-0.0134343 -0.00461444 0.08358599999999999 
0.0268978 -0.0246901 0.00599998 
0.000857433 -0.0290133 0.077586 
-0.0387854 0.06800009999999999 0.0372175 
-0.00620831 0.0720001 0.0819923 
-0.015 0.0116803 0.0843589 
-0.0272566 0.0572157 0.06778190000000001 
-0.0389262 0.0438928 0.035505 
-0.0241086 0.0597007 0.0506828 
-0.0205154 0.00282643 0.0499111 
-0.00815225 0.0214528 0.0651283 
0.00318062 0.0219839 0.00801896 
0.0142074 -0.0540708 0.08458599999999999 
-0.0341944 0.06800009999999999 0.038064 
0.0244843 -0.004122 0.0544853 
-0.00176273 0.0128044 0.08358599999999999 
0.0201141 -0.0475086 0.089586 
-0.0141746 -0.0257378 0.075586 
-0.018991 0.0151262 0.00513835 
0.0220658 0.0109011 0.09998600000000001 
0.01697 0.0173064 0.0140868 
-0.0407744 0.0527056 0.0474109 
0.018915 0.0149157 0.000289052 
0.0305008 0.0225825 -0.00389521 
0.0273677 0.00641783 0.08458599999999999 
-0.00758293 -0.0123269 0.06538819999999999 
-0.00649204 -0.0143815 0.09998600000000001 
-0.00715835 0.054618 0.08770070000000001 
-0.0348539 0.049033 0.0456364 
0.0352587 0.0319032 0.0264679 
-0.0178519 -0.0562635 0.0648468 
0.0251275 0.0552735 0.08075010000000001 
0.00652589 -0.0541508 0.090586 
-0.0307239 0.0720001 0.06936349999999999 
0.00220314 0.055917 0.0113533 
-0.0088308 0.0290001 0.0373951 
0.0205666 0.0285615 0.00629473 
-0.00125738 0.00727859 0.0719296 
-0.00715791 0.0186583 0.0655824 
-0.008683629999999999 0.0616455 0.0030955 
0.017989 -0.0556991 0.056456 
0.0146701 -0.00602609 0.098986 
-0.00870692 -0.0218968 0.089586 
0.00950001 -0.00929547 0.10096 
0.0118912 0.0290001 0.0376075 
0.0388621 0.0233558 0.0564969 
-0.00296268 0.0188602 0.0146683 
-0.0235751 0.0498951 0.0132853 
0.0344819 -0.0137228 0.00599999 
0.0241313 0.0680002 0.0178283 
-0.00527609 -0.0263313 0.075586 
0.00492975 0.0260001 0.0259644 
0.0169548 -0.0339099 -0.000405308 
0.0182034 0.06600010000000001 0.0583783 
0.0143565 -0.00649106 0.093886 
-0.00737374 0.0183083 0.077586 
-0.0195152 -0.0689999 0.028629 
0.0172767 0.00544341 0.072586 
-0.0291798 0.0540656 0.0160439 
0.0219043 0.0597008 0.044171 
0.0037623 0.0704391 0.0108482 
0.0231325 0.0714196 0.0191711 
-0.00324587 0.0596189 0.0114708 
-0.0155357 -0.0759999 0.0317994 
0.000773647 0.0350001 0.022423 
0.0287082 -0.0204359 -0.00600002 
-0.0139636 -0.00637059 0.072586 
0.0332876 0.06800009999999999 0.0527521 
0.00717669 -0.0485948 0.0264262 
0.00616812 -0.06841750000000001 0.0179326 
-0.0133024 -0.000735561 0.0683203 
0.0186148 0.0651129 0.0487986 
-0.0355286 0.0131758 -0.00142971 
0.0185725 0.0162487 0.055548 
-0.0176891 0.01566 0.0350773 
0.0233729 0.0597007 0.0650723 
-0.0169791 -0.00489195 0.0580274 
0.0176072 -0.0149316 0.0570501 
0.00156275 -0.050863 0.08358599999999999 
0.008430119999999999 -0.030397 0.077586 
0.0206148 0.0597007 0.0608972 
0.017174 -0.0255428 0.077586 
0.00787731 0.0109402 0.071586 
0.0174443 0.0110116 0.0852468 
0.0159709 0.0310001 0.0322755 
-0.0245237 -0.0105931 0.0544359 
0.0440223 0.06800009999999999 0.0353384 
0.0199265 0.0126587 0.0519165 
-0.0031639 -0.0569268 0.089586 
-0.024124 -0.0261854 0.0555233 
0.00921958 0.031999 -0.008 
0.0397695 0.0334582 0.052489 
-0.00617226 0.00918362 0.098986 
-0.0110606 0.00643149 0.093886 
-0.0104084 -0.0323225 0.0950522 
0.0125489 0.0325092 0.0702361 
0.007972699999999999 -0.0416153 0.08358599999999999 
0.017591 0.0364211 0.0161006 
-0.0217023 0.0350001 0.0241772 
-0.0119277 -0.0255162 0.0905605 
0.029229 0.0240763 -0.00174774 
0.0212839 0.0114554 0.00476893 
-0.0016366 -0.0217769 0.0252353 
0.00383822 0.0239133 -0.00581256 
 0.015 -0.0242471 0.0877622 
-0.0183368 -0.00566206 0.08458599999999999 
-0.0307007 0.0302329 0.0198893 
0.0164663 0.0595501 0.0766061 
-0.017434 0.00968049 0.0346804 
-0.0271263 0.0597007 0.0466126 
-0.0218909 0.0223185 0.0782451 
-0.0342457 0.0355508 0.0517617 
0.0162641 -0.0541164 0.08458599999999999 
-0.0170752 0.0597007 0.0628071 
-0.0319701 -0.0143176 0.0228952 
0.0246948 -0.0164123 0.08358599999999999 
0.0262847 0.0597007 0.06614730000000001 
0.00178798 -0.0221337 0.072586 
-0.0157899 0.0350001 0.0731127 
0.043924 0.0573855 0.0441559 
0.0229398 -0.00368966 0.089586 
0.0212266 -0.0545163 0.0608562 
0.0105243 -0.0276286 0.08458599999999999 
-0.0293418 0.0180897 0.0399141 
-0.00320731 -0.0037989 0.078586 
0.0268136 0.00350537 0.090586 
-0.0120835 -0.0358512 -0.00341573 
0.00428838 0.0229132 0.0256166 
0.0118782 -0.0120409 0.075586 
0.0154582 0.00241567 0.0667555 
0.0152982 0.0150577 0.098986 
-0.015 0.00410692 0.081331 
-0.0114837 0.0310001 0.0451473 
-0.0152615 -0.0187028 0.00744339 
0.00593518 0.0310001 0.0502675 
0.0230907 0.0561206 0.0827828 
0.0256728 0.0322338 0.0363007 
-0.0229397 -0.0267087 0.096286 
0.0194976 -0.0740701 0.0613059 
0.0278596 0.0680002 0.013729 
-0.00812746 0.00159659 0.0706799 
-0.000869359 0.0160838 0.0784004 
-0.0163966 0.0446991 0.0153502 
0.0171112 0.0144733 0.0341782 
0.011044 -0.0335935 0.0138038 
0.0257356 0.00456709 0.0424369 
0.0040877 0.00282342 0.071586 
0.00886169 0.0459161 0.0123638 
-0.0106215 -0.0262903 0.0279994 
0.0115502 -0.0360293 0.089586 
0.00588778 0.0310001 0.0590429 
-0.0207862 -0.0356361 0.0444834 
-0.0159953 -0.0287769 0.089586 
-0.013968 0.0305879 0.0837899 
0.0170657 -0.0592042 0.0265028 
0.00141113 0.0163765 0.0722836 
0.0219509 0.0597008 0.0585428 
0.000430419 -0.0543816 0.077586 
-0.0132376 0.0597008 0.0199866 
-0.0157141 -0.009202689999999999 0.08458599999999999 
-0.000699738 -0.00258596 0.098986 
0.008655070000000001 -0.0139999 0.100983 
0.00825731 0.0644724 0.0891603 
-0.0149483 -0.0480843 0.072586 
0.011489 0.00402317 0.098986 
0.00642031 0.0160838 0.07601189999999999 
-0.0116981 -0.0425964 0.0286323 
-0.013839 -0.0171924 0.077586 
-0.0156554 -0.0356303 0.08358599999999999 
0.0254365 -0.026405 0.041213 
-0.0185377 0.0115785 0.087951 
0.0190195 -0.0417231 0.078586 
0.0268162 0.0301717 0.0159887 
0.0120233 -0.00427376 0.098986 
-0.0339328 0.0491846 0.037986 
0.0114044 0.0598556 0.08830010000000001 
0.0357586 0.0516262 0.0273967 
-0.0354072 0.06800009999999999 0.0433452 
0.0173149 0.0597007 0.0588424 
0.0275 -0.0372372 0.0732217 
0.0242161 0.00571139 0.090586 
-0.0197999 0.0112225 0.08458599999999999 
0.00190045 0.000532615 0.105386 
0.0208492 -0.0283669 0.008516859999999999 
0.0206967 -0.0176043 0.072586 
0.0222072 -0.0125917 0.09998600000000001 
-0.0009069529999999999 0.0350001 0.0224661 
-0.0237704 -0.0410349 0.0564536 
0.0170849 -0.0125448 0.08358599999999999 
-0.0348851 0.0549107 0.0702583 
0.0002286 -0.00208182 0.08458599999999999 
-0.0212835 0.0597007 0.0541142 
-0.0158597 -0.062145 0.0256035 
0.0331711 0.0204713 0.0347995 
0.0162368 -0.0732252 0.0272167 
-0.022846 -0.00773422 0.00842382 
-0.00193742 0.0214578 0.086086 
-0.0226294 -0.00372193 0.078586 
0.0175473 -0.0283285 0.0244748 
-0.00490365 -0.0444285 0.072586 
-0.000935996 0.00551873 0.098986 
0.0398452 0.052034 0.0397079 
-0.0273402 -0.024911 0.090586 
-0.009498080000000001 -0.0154681 0.071586 
-0.0192888 -0.032112 0.06339119999999999 
0.0206571 -0.0547802 0.0616755 
0.011533 -0.0381127 0.089586 
0.009245730000000001 0.00579104 0.08458599999999999 
-0.01575 -0.0480093 0.0854758 
0.000415778 0.0566164 0.0899238 
-0.0199954 -0.0284662 0.075586 
0.0270966 0.06800009999999999 0.08117240000000001 
-0.0178499 0.0107123 0.0353276 
0.0191332 -0.036447 0.0373816 
0.0290457 0.0578943 0.01302 
-0.0400812 0.0672454 0.0281826 
-0.00425565 0.0597008 0.025216 
-0.0226234 -0.0177337 0.090586 
0.0347617 0.0381099 0.0471824 
-0.0108116 0.0608914 0.00353281 
-0.0084461 0.0621754 0.062907 
-0.0253294 -0.0399105 0.0403752 
-0.0111568 0.0310001 0.026937 
-0.0212933 -0.0166525 0.075586 
0.0330715 0.0262256 0.0230659 
-0.015 -0.0109708 0.0889436 
0.0196766 0.00497471 0.0392322 
0.0396817 0.0623227 0.06450119999999999 
0.0298673 0.018951 0.0129144 
-0.0305843 0.0337452 0.0722185 
-0.0176886 0.06800009999999999 0.0726629 
-0.00419164 -0.0407229 0.08458599999999999 
-0.0227515 -0.0195226 -0.00800002 
0.00620163 -0.0510907 0.094695 
-0.00581289 0.06600010000000001 0.0213286 
-0.00023831 0.0260001 0.0310703 
0.0243253 -0.0256281 0.011977 
0.0138345 -0.0100301 0.0304835 
-0.0214469 0.0350001 0.0697995 
0.03804 0.06800009999999999 0.0667507 
0.00271613 0.0310001 0.0581703 
-0.0145263 0.0175371 0.07090340000000001 
0.00672872 -0.0325338 0.075586 
-0.0281882 0.0180781 0.0360311 
0.0149387 0.0597007 0.063836 
0.00734496 0.0371966 0.00238501 
-0.0284402 0.06800009999999999 0.0723089 
-0.0227624 -0.0637239 0.060638 
-0.0210536 -0.00133658 0.08358599999999999 
0.00772612 0.0601341 0.0287246 
-0.0398616 0.0558439 0.0627153 
-0.0221123 -0.0474181 0.075586 
0.00128637 -0.0221459 0.066815 
-0.0148041 -0.0237788 0.0606763 
0.0221836 -0.0297543 0.089586 
-0.0376112 0.0295996 0.0316693 
0.018969 -0.00373772 0.078586 
0.0173393 0.0062497 0.06535100000000001 
-0.0158922 -0.0364846 0.09162820000000001 
0.00656364 -0.0747589 0.07010950000000001 
0.0129713 -0.0121732 0.0297356 
0.00247194 -0.0216987 0.086086 
-0.0309978 0.0374418 0.0202444 
-0.000272652 0.0310001 0.0666667 
0.0401439 0.0467161 0.0489046 
0.0252312 -0.0261119 0.077586 
0.00108836 -0.0423548 0.0251565 
-0.0308612 0.0228436 0.07155889999999999 
0.025712 0.0277891 9.21721e-05 
-0.00424803 -0.0202112 0.077586 
-0.043428 0.06800009999999999 0.0575652 
-0.0217904 -0.00503359 0.0927082 
0.00584271 -0.0465663 0.078586 
0.00320931 -0.0170554 0.09998600000000001 
-0.0219748 0.0720001 0.0124092 
-0.0131938 0.0607459 0.0877387 
0.0178681 -0.0666664 0.0686954 
0.00769465 0.0148253 0.0149926 
-0.0142305 -0.0563387 0.078586 
0.0257475 -0.0337027 0.0486701 
-0.000385538 -0.00423513 0.0149926 
-0.00740705 0.0318383 -0.008 
0.0237767 -0.00389461 0.00492476 
 0.015 0.0143701 0.0903365 
-0.0298762 0.0597007 0.033685 
-0.0119922 -0.0255162 0.0894995 
 0.015 -0.0138269 0.07824970000000001 
-0.0221182 -0.00376244 0.0596216 
0.025681 0.0406483 0.0226424 
0.0187932 -0.00560526 0.0552047 
-0.0345505 0.0483619 0.0667908 
0.0205819 -0.0494545 0.0303576 
-0.00930547 -0.00593622 0.072586 
-0.00165721 0.00419013 0.0149926 
0.00864939 -0.0425743 0.08358599999999999 
-0.0385707 0.0227058 0.0361166 
-0.00540475 -0.0286028 0.095251 
0.00269132 -0.0128506 0.0149926 
-0.0350714 -0.00452193 0.0137301 
0.0134707 0.0158925 0.078586 
0.01575 0.0123642 0.0882313 
0.0138528 0.0279606 0.0408696 
-0.0186146 0.0651337 0.0857332 
0.01925 -0.0476933 0.0850221 
-0.0146374 -0.0192856 -0.00627476 
0.0210912 0.0720001 0.00968462 
0.0233762 -0.0417111 0.072586 
-0.025844 -0.0196229 0.0432692 
0.0157841 0.0350001 0.0698358 
-0.0119566 0.000596896 0.075586 
0.0166294 0.0219149 0.0334284 
-0.00361901 -0.0188255 0.078586 
-0.025908 0.0122091 0.089586 
-0.0104554 0.0121337 0.089586 
0.0275271 0.0592146 0.0800607 
0.0173314 0.00713482 0.078586 
0.0206305 0.0261457 0.08063430000000001 
-0.000979087 -0.01964 0.077586 
0.0130098 -0.0149637 0.089586 
-0.0038662 0.0116014 0.077586 
0.000971125 -0.0208732 0.072586 
-0.0184849 -0.06553920000000001 0.0237967 
-0.0137144 0.0528864 0.00739425 
-0.0415534 0.06800009999999999 0.0340624 
-0.0306867 0.0274786 0.019873 
0.0147537 -0.0211632 0.078586 
-0.0156366 -0.042133 0.089586 
-0.028802 -0.066022 0.0457967 
-0.0246784 -0.0498516 0.072586 
0.0151922 -0.0651422 0.0216418 
0.000934845 0.06800009999999999 0.0852793 
-0.0238894 -0.0156107 0.0948927 
0.0165675 0.0357742 0.0154575 
-0.0157834 -0.022346 0.0598277 
-0.0132393 -0.0160995 0.093886 
0.0278691 0.017191 0.0434601 
0.00660051 -0.0225685 0.093886 
-0.0172975 0.0260001 0.0485604 
0.0396702 0.06800009999999999 0.0431753 
0.0196469 -0.0245345 0.0391309 
-0.0263663 0.0308199 0.015638 
-0.0103776 -0.014817 0.072586 
0.0134476 -0.0062811 0.089586 
-0.00282811 -0.0212353 0.072586 
-0.033541 0.0380752 0.06835189999999999 
-0.00801843 -0.0175435 0.078586 
-0.0211013 0.0250743 0.0803331 
-0.0257525 -0.0612522 0.0431521 
0.00974065 0.0134549 0.078586 
0.0353614 0.0720001 0.0349072 
-0.00399372 -0.0237701 0.0103686 
0.0247609 0.000337469 0.072586 
-0.00478688 -0.06527959999999999 0.0744717 
-0.0133125 -0.0432227 0.0300312 
-0.025514 0.0133238 -0.00800001 
0.00605535 0.0191299 0.0775984 
-0.0349518 0.0720001 0.0586182 
-0.0012045 0.0597007 0.0720206 
0.0138047 -0.07036969999999999 0.0304577 
0.008162890000000001 -0.06459230000000001 0.0651234 
-0.0148901 0.0144713 0.0149926 
-0.0243797 -0.07137499999999999 0.0412881 
0.00638082 -0.0484663 0.077586 
-0.021 -0.0418081 0.0612241 
-0.0172965 -0.0554447 0.090586 
0.0204428 -0.0129849 0.077586 
0.0293534 0.0350001 0.0498249 
-0.0368061 0.008520420000000001 0.0017055 
-0.0250698 -0.0283857 0.072586 
0.0289417 0.0193677 0.0307709 
0.0394975 0.022742 0.0515152 
-0.00325946 -0.0483036 0.078586 
-0.0072049 -0.0127576 0.077586 
-0.010922 0.0447286 0.0130847 
-0.0246872 -0.0213821 0.0250138 
0.0154865 0.06800009999999999 0.0203979 
0.007956049999999999 0.0310001 0.0687646 
0.0093273 -0.0241745 0.07022340000000001 
-0.00487001 0.0279255 0.0318447 
0.009337989999999999 0.00673797 0.08458599999999999 
0.00668145 0.07095600000000001 0.0908907 
0.00477984 -0.0209992 0.078586 
-0.0398959 0.029247 0.0516933 
-0.011248 0.06600010000000001 0.0710877 
-0.0265881 0.0310001 0.041918 
0.0158819 -0.00325098 0.0664555 
0.0292405 0.06800009999999999 0.0231888 
-0.0265423 0.0508602 0.0235037 
3 313 992 794 
3 216 517 794 
3 518 256 324 
3 256 435 324 
3 992 242 794 
3 242 518 794 
3 242 256 518 
3 435 61 324 
3 256 731 435 
3 211 731 698 
3 313 504 992 
3 517 504 794 
3 504 313 794 
3 256 823 992 
3 823 242 992 
3 242 823 256 
3 976 20 548 
3 379 518 324 
3 379 20 518 
3 518 141 794 
3 20 141 518 
3 556 814 262 
3 939 162 7 
3 162 347 7 
3 77 347 163 
3 77 299 474 
3 156 77 163 
3 280 156 188 
3 347 156 163 
3 263 450 324 
3 61 263 324 
3 263 61 211 
3 677 263 211 
3 263 806 450 
3 263 677 806 
3 61 344 211 
3 344 61 435 
3 344 731 211 
3 731 344 435 
3 438 211 698 
3 438 336 211 
3 256 438 698 
3 336 635 211 
3 635 336 402 
3 216 609 98 
3 814 609 216 
3 609 299 98 
3 299 609 474 
3 556 609 814 
3 392 256 698 
3 731 392 698 
3 392 731 256 
3 616 256 992 
3 504 616 992 
3 151 504 517 
3 216 151 517 
3 151 216 98 
3 814 749 262 
3 749 976 262 
3 749 814 216 
3 749 216 794 
3 750 450 548 
3 450 750 324 
3 750 379 324 
3 20 871 548 
3 379 871 20 
3 871 750 548 
3 750 871 379 
3 675 591 548 
3 572 591 675 
3 976 572 262 
3 572 556 262 
3 591 572 548 
3 572 976 548 
3 556 412 994 
3 994 412 474 
3 572 412 556 
3 412 572 939 
3 412 7 474 
3 412 939 7 
3 7 367 474 
3 367 347 474 
3 347 367 7 
3 347 827 474 
3 827 77 474 
3 827 347 77 
3 966 347 520 
3 156 966 188 
3 966 156 347 
3 886 156 200 
3 156 886 77 
3 155 229 492 
3 459 438 256 
3 438 459 336 
3 164 471 402 
3 471 635 402 
3 500 994 474 
3 609 500 474 
3 500 556 994 
3 500 609 556 
3 749 15 976 
3 141 15 794 
3 15 749 794 
3 326 973 675 
3 973 572 675 
3 572 973 939 
3 939 973 162 
3 973 326 162 
3 326 283 162 
3 844 155 492 
3 844 966 520 
3 237 844 492 
3 966 844 237 
3 557 237 492 
3 557 677 211 
3 635 557 211 
3 237 557 164 
3 557 471 164 
3 471 557 635 
3 893 237 164 
3 893 966 237 
3 966 893 188 
3 893 280 188 
3 893 164 402 
3 893 402 200 
3 156 893 200 
3 893 156 280 
3 402 917 200 
3 336 917 402 
3 459 917 336 
3 15 845 976 
3 845 15 141 
3 976 845 20 
3 845 141 20 
3 12 283 326 
3 12 326 178 
3 155 12 178 
3 844 12 155 
3 283 12 162 
3 120 844 520 
3 120 347 162 
3 347 120 520 
3 12 120 162 
3 120 12 844 
3 677 352 492 
3 352 557 492 
3 557 352 677 
3 677 382 806 
3 17 382 677 
3 806 382 450 
3 450 382 548 
3 393 17 677 
3 17 393 229 
3 393 677 492 
3 229 393 492 
3 681 229 155 
3 681 17 229 
3 681 155 178 
3 382 681 178 
3 681 382 17 
3 917 459 256 
3 917 151 98 
3 917 886 200 
3 616 917 256 
3 299 917 98 
3 917 299 77 
3 917 616 504 
3 151 917 504 
3 886 917 77 
3 382 675 548 
3 326 382 178 
3 382 326 675 
Vertices and facets:
- p313(v23): 0.0042  0.07 0.091
  neighbors: f79 f173 f175
- p992(v6): 0.0067 0.071 0.091
  neighbors: f173 f94 f79 f177 f176 f283 f284
- p794(v4): 0.0019 0.00053  0.11
  neighbors: f83 f95 f79 f175 f94 f191 f174 f295 f381 f382
- p216(v24): -0.024 -0.0065 0.096
  neighbors: f273 f83 f288 f287 f272 f294 f295
- p517(v12): -0.024 0.068 0.084
  neighbors: f174 f83 f286 f287
- p256(v25): 0.044 0.072 0.058
  neighbors: f93 f178 f97 f167 f92 f281 f262 f176 f283 f279 f367 f457 f460
- p518(v13): 0.025 -0.024   0.1
  neighbors: f92 f97 f95 f188 f187 f191 f192
- p324(v8): 0.027 -0.047  0.09
  neighbors: f93 f92 f187 f141 f250 f249 f300 f301
- p435(v20):  0.04 0.025  0.05
  neighbors: f167 f93 f141 f256 f258
- p242(v26): 0.028 0.013   0.1
  neighbors: f94 f95 f97 f177 f178
- p61(v36): 0.028 -0.064 0.045
  neighbors: f141 f251 f250 f255 f256
- p731(v41): 0.044 0.057 0.044
  neighbors: f258 f167 f168 f257 f280 f281
- p211(v11): 0.038 -0.00078 -0.0041
  neighbors: f260 f252 f168 f265 f259 f257 f251 f255 f401 f402
- p698(v2): 0.044 0.068 0.035
  neighbors: f168 f262 f259 f279 f280
- p504(v42): -0.017 0.072 0.086
  neighbors: f175 f284 f173 f174 f286 f463 f464
- p823(v43): 0.027 0.068 0.081
  neighbors: f176 f177 f178
- p976(v44): -0.017 -0.055 0.091
  neighbors: f179 f321 f380 f293 f317 f424 f426
- p20(v28):  0.01 -0.056 0.093
  neighbors: f303 f188 f179 f192 f302 f426 f427
- p548(v14): 0.0019 -0.076  0.07
  neighbors: f304 f321 f298 f179 f306 f302 f320 f447 f468
- p379(v45): 0.018 -0.055 0.091
  neighbors: f301 f187 f188 f303 f305
- p141(v46): 0.011 -0.046 0.096
  neighbors: f191 f192 f381 f425 f427
- p556(v48): -0.028 -0.051 0.074
  neighbors: f324 f318 f202 f276 f322 f377 f378
- p814(v40): -0.027 -0.025 0.091
  neighbors: f276 f273 f202 f292 f294
- p262(v7): -0.024 -0.05 0.084
  neighbors: f293 f292 f202 f317 f318
- p939(v49): -0.029 -0.066 0.046
  neighbors: f205 f327 f325 f385 f386
- p162(v18): -0.032 -0.021 -0.0017
  neighbors: f387 f205 f218 f432 f386 f390 f435 f437
- p7(v10): -0.037 -0.009 0.0057
  neighbors: f327 f205 f218 f326 f341 f343
- p347(v51): -0.037 0.0072 -0.003
  neighbors: f218 f234 f349 f343 f346 f342 f225 f344 f347 f435 f436
- p77(v33): -0.038 0.072 0.025
  neighbors: f225 f228 f230 f346 f345 f356 f462 f465
- p163(v15): -0.028 0.068  0.01
  neighbors: f225 f230 f234
- p299(v52): -0.04 0.072 0.058
  neighbors: f228 f274 f275 f461 f462
- p474(v1): -0.045  0.07 0.046
  neighbors: f345 f342 f275 f341 f326 f228 f323 f344 f375 f376
- p156(v53): -0.024 0.072 0.0077
  neighbors: f349 f230 f356 f232 f234 f348 f355 f412 f413
- p280(v38): -0.019 0.031 -0.006
  neighbors: f232 f409 f413
- p188(v5): -0.021 0.022 -0.008
  neighbors: f232 f348 f408 f409
- p263(v57): 0.027 -0.069 0.044
  neighbors: f249 f250 f251 f252 f253 f254
- p450(v21): 0.025 -0.076 0.048
  neighbors: f300 f298 f253 f249 f445 f447
- p677(v55): 0.029 -0.02 -0.006
  neighbors: f254 f252 f401 f443 f442 f441 f439 f448 f450
- p806(v54): 0.016 -0.073 0.027
  neighbors: f253 f254 f442 f445
- p344(v58): 0.038 0.00059 0.0054
  neighbors: f255 f256 f257 f258
- p438(v59): 0.042 0.069 0.028
  neighbors: f259 f260 f262 f367 f371
- p336(v37): 0.035 0.069 0.017
  neighbors: f266 f260 f265 f371 f422 f423
- p635(v60): 0.031 0.023 -0.0039
  neighbors: f265 f266 f373 f402 f405
- p402(v22): 0.012 0.072 0.0022
  neighbors: f373 f372 f411 f266 f410 f421 f422
- p609(v62): -0.044 0.069 0.058
  neighbors: f272 f273 f274 f275 f276 f376 f378
- p98(v16): -0.037 0.072 0.071
  neighbors: f274 f272 f288 f458 f461
- p392(v63): 0.044 0.064 0.044
  neighbors: f279 f280 f281
- p616(v64): -0.0062 0.072 0.082
  neighbors: f283 f284 f460 f463
- p151(v65): -0.03 0.072 0.078
  neighbors: f286 f287 f288 f458 f464
- p749(v67): -0.023 -0.027 0.096
  neighbors: f292 f293 f294 f295 f380 f382
- p750(v68): 0.019 -0.074 0.061
  neighbors: f298 f301 f300 f304 f305
- p871(v69): 0.0066 -0.075  0.07
  neighbors: f302 f303 f304 f305
- p591(v70): -0.017 -0.072 0.058
  neighbors: f306 f316 f320
- p675(v47): -0.016 -0.076 0.032
  neighbors: f316 f306 f383 f384 f468 f470
- p572(v72): -0.025 -0.069 0.059
  neighbors: f325 f316 f317 f318 f321 f320 f324 f384 f385
- p412(v73): -0.029 -0.066 0.047
  neighbors: f322 f323 f324 f325 f326 f327
- p994(v19): -0.04 0.029 0.052
  neighbors: f323 f322 f375 f377
- p367(v76): -0.038 0.0021 0.0043
  neighbors: f341 f342 f343
- p827(v77): -0.04 0.067 0.028
  neighbors: f344 f345 f346
- p966(v78): -0.026 0.013 -0.008
  neighbors: f347 f348 f349 f396 f393 f407 f408
- p520(v50): -0.028 0.0005 -0.008
  neighbors: f347 f393 f434 f436
- p886(v79): -0.022 0.072 0.012
  neighbors: f355 f356 f459 f465
- p200(v9): -0.011 0.072 0.0055
  neighbors: f412 f355 f411 f421 f459
- p229(v81): 0.014 -0.032 -0.006
  neighbors: f451 f362 f449 f452 f453
- p155(v74): -0.01 -0.036 -0.0059
  neighbors: f431 f430 f392 f362 f452 f454
- p492(v35): 0.014 -0.026 -0.008
  neighbors: f362 f440 f395 f392 f400 f439 f450 f451
- p459(v82): 0.036 0.072 0.026
  neighbors: f367 f371 f423 f457
- p471(v83): 0.019 0.031 -0.006
  neighbors: f372 f373 f404 f405
- p164(v39): 0.012 0.032 -0.008
  neighbors: f404 f403 f372 f406 f410
- p500(v84): -0.044 0.068 0.053
  neighbors: f375 f376 f377 f378
- p15(v85): -0.0067 -0.026 0.099
  neighbors: f382 f380 f381 f424 f425
- p973(v86): -0.024 -0.071 0.041
  neighbors: f383 f384 f385 f386 f387
- p326(v71): -0.015 -0.076 0.028
  neighbors: f390 f387 f383 f428 f429 f469 f470
- p283(v87): -0.022 -0.031 -0.0035
  neighbors: f390 f428 f432
- p844(v88): -0.023 -0.02 -0.008
  neighbors: f392 f393 f431 f395 f396 f434 f438
- p237(v75): 0.018 0.018 -0.008
  neighbors: f396 f395 f403 f400 f406 f407
- p557(v89): 0.029 -0.0033 -0.008
  neighbors: f405 f400 f401 f402 f403 f404 f440 f441
- p893(v90): -0.0074 0.032 -0.008
  neighbors: f406 f407 f408 f409 f410 f411 f412 f413
- p917(v92): 0.021 0.072 0.0097
  neighbors: f421 f422 f423 f457 f458 f459 f460 f461 f462 f463 f464 f465
- p845(v93): 0.0062 -0.051 0.095
  neighbors: f424 f425 f426 f427
- p12(v94): -0.018 -0.033 -0.0055
  neighbors: f428 f429 f430 f431 f432 f437 f438
- p178(v3): -0.0078 -0.076 0.024
  neighbors: f430 f429 f454 f455 f469
- p120(v95): -0.027 -0.014 -0.008
  neighbors: f434 f435 f436 f437 f438
- p352(v96): 0.026 -0.016 -0.008
  neighbors: f439 f440 f441
- p382(v97): 0.015 -0.076 0.028
  neighbors: f442 f443 f447 f445 f455 f456 f468 f469 f470
- p17(v91): 0.014 -0.069 0.021
  neighbors: f449 f448 f443 f453 f456
- p393(v98): 0.017 -0.03 -0.006
  neighbors: f448 f449 f450 f451
- p681(v99): 0.0062 -0.068 0.018
  neighbors: f452 f453 f454 f455 f456
- f79
    - flags: top simplicial
    - normal:   0.03044   0.1995   0.9794
    - offset: -0.1033812
    - center: 0.004253566666666667 0.04715753833333333 0.09581440000000001 
    - vertices: p313(v23) p992(v6) p794(v4)
    - neighboring facets: f94 f175 f173
- f83
    - flags: top simplicial
    - normal:   -0.3643   0.1469   0.9196
    - offset: -0.0962988
    - center: -0.01560321666666667 0.020665255 0.09523423333333332 
    - vertices: p216(v24) p517(v12) p794(v4)
    - neighboring facets: f174 f295 f287
- f92
    - flags: bottom simplicial tested
    - normal:    0.9596 -0.06463   0.2737
    - offset: -0.05322475
    - center: 0.03191573333333333 7.676666666666526e-05 0.0825842 
    - vertices: p256(v25) p518(v13) p324(v8)
    - neighboring facets: f187 f93 f97
- f93
    - flags: top simplicial tested
    - normal:    0.9838   -0.101   0.1484
    - offset: -0.04436917
    - center: 0.03684340000000001 0.01656796666666667 0.06603176666666667 
    - vertices: p256(v25) p435(v20) p324(v8)
    - neighboring facets: f141 f92 f167
- f94
    - flags: bottom simplicial
    - normal:    0.1158   0.1927   0.9744
    - offset: -0.1030112
    - vertices: p242(v26) p992(v6) p794(v4)
    - neighboring facets: f79 f95 f177
- f95
    - flags: top simplicial
    - normal:    0.2131 -0.01154    0.977
    - offset: -0.1033568
    - vertices: p242(v26) p518(v13) p794(v4)
    - neighboring facets: f191 f94 f97
- f97
    - flags: top simplicial
    - normal:    0.9551 -0.05624    0.291
    - offset: -0.05463623
    - vertices: p242(v26) p256(v25) p518(v13)
    - neighboring facets: f92 f95 f178
- f141
    - flags: bottom simplicial
    - normal:    0.9871  -0.1385  0.08026
    - offset: -0.04013311
    - vertices: p61(v36) p435(v20) p324(v8)
    - neighboring facets: f93 f250 f256
- f167
    - flags: bottom simplicial
    - normal:    0.9889 -0.09567   0.1141
    - offset: -0.0429833
    - vertices: p731(v41) p256(v25) p435(v20)
    - neighboring facets: f93 f258 f281
- f168
    - flags: bottom simplicial
    - normal:    0.9968 -0.05611 -0.05644
    - offset: -0.03807257
    - center: 0.04195366666666667 0.041533924 0.02511511 
    - vertices: p731(v41) p211(v11) p698(v2)
    - neighboring facets: f259 f280 f257
- f173
    - flags: bottom simplicial tested
    - normal:   -0.1321   0.5701   0.8109
    - offset: -0.1132721
    - center: -0.001943116666666665 0.07098003333333333 0.08946896666666665 
    - vertices: p504(v42) p313(v23) p992(v6)
    - neighboring facets: f79 f284 f175
- f174
    - flags: bottom simplicial tested
    - normal:   -0.3417   0.1579   0.9265
    - offset: -0.09707087
    - center: -0.01303498333333334 0.04684427166666666 0.09198490000000001 
    - vertices: p504(v42) p517(v12) p794(v4)
    - neighboring facets: f83 f175 f286
- f175
    - flags: top simplicial tested
    - normal:   -0.2016   0.2028   0.9582
    - offset: -0.1007105
    - center: -0.003536783333333333 0.04750557166666666 0.09430073333333333 
    - vertices: p504(v42) p313(v23) p794(v4)
    - neighboring facets: f79 f174 f173
- f176
    - flags: bottom simplicial
    - normal:    0.3043   0.8767   0.3725
    - offset: -0.09810009
    - center: 0.02583248333333333 0.07031873333333333 0.07674789999999999 
    - vertices: p823(v43) p256(v25) p992(v6)
    - neighboring facets: f283 f177 f178
- f177
    - flags: top simplicial
    - normal:    0.4452   0.2906   0.8469
    - offset: -0.1005727
    - vertices: p823(v43) p242(v26) p992(v6)
    - neighboring facets: f94 f176 f178
- f178
    - flags: bottom simplicial
    - normal:    0.7751    0.208   0.5966
    - offset: -0.0835768
    - vertices: p823(v43) p242(v26) p256(v25)
    - neighboring facets: f97 f176 f177
- f179
    - flags: top simplicial
    - normal:  -0.07518  -0.7401   0.6683
    - offset: -0.1028741
    - vertices: p976(v44) p20(v28) p548(v14)
    - neighboring facets: f302 f321 f426
- f187
    - flags: top simplicial
    - normal:    0.4111  -0.3534   0.8403
    - offset: -0.1030252
    - vertices: p379(v45) p518(v13) p324(v8)
    - neighboring facets: f92 f301 f188
- f188
    - flags: top simplicial
    - normal:    0.3186   -0.344   0.8833
    - offset: -0.1047511
    - vertices: p379(v45) p20(v28) p518(v13)
    - neighboring facets: f192 f187 f303
- f191
    - flags: bottom simplicial
    - normal:   0.02802  -0.1868    0.982
    - offset:  -0.103442
    - vertices: p141(v46) p518(v13) p794(v4)
    - neighboring facets: f95 f381 f192
- f192
    - flags: bottom simplicial
    - normal:    0.2254  -0.3087   0.9241
    - offset: -0.1056121
    - vertices: p141(v46) p20(v28) p518(v13)
    - neighboring facets: f188 f191 f427
- f202
    - flags: top simplicial
    - normal:   -0.9367  -0.1842   0.2977
    - offset: -0.05716436
    - center: -0.02642543333333333 -0.04189153333333333 0.08295809999999999 
    - vertices: p556(v48) p814(v40) p262(v7)
    - neighboring facets: f292 f318 f276
- f205
    - flags: top simplicial
    - normal:   -0.9414  -0.2713  -0.2003
    - offset: -0.03585439
    - center: -0.03242676666666667 -0.03188502666666666 0.01659283333333333 
    - vertices: p939(v49) p162(v18) p7(v10)
    - neighboring facets: f218 f327 f386
- f218
    - flags: bottom simplicial
    - normal:   -0.9288  -0.1915  -0.3173
    - offset: -0.03400569
    - vertices: p347(v51) p162(v18) p7(v10)
    - neighboring facets: f205 f343 f435
- f225
    - flags: bottom simplicial
    - normal:   -0.7625   0.2433  -0.5995
    - offset: -0.03181882
    - center: -0.03453096666666666 0.04915059666666666 0.01079387666666667 
    - vertices: p347(v51) p77(v33) p163(v15)
    - neighboring facets: f230 f234 f346
- f228
    - flags: bottom simplicial tested
    - normal:   -0.3342   0.9423 -0.02046
    - offset: -0.08013745
    - center: -0.04137303333333333 0.07129976666666665 0.04273326666666667 
    - vertices: p299(v52) p77(v33) p474(v1)
    - neighboring facets: f345 f275 f462
    - ridges:
- f230
    - flags: top simplicial tested
    - normal:   -0.7398    0.305  -0.5997
    - offset: -0.03538539
    - center: -0.03030933333333333 0.07071276666666666 0.01435072666666667 
    - vertices: p156(v53) p77(v33) p163(v15)
    - neighboring facets: f225 f234 f356
- f232
    - flags: bottom simplicial tested
    - normal:   -0.2423   0.2763    -0.93
    - offset: -0.01862659
    - center: -0.02138396666666667 0.04159139999999999 -0.00209844 
    - vertices: p156(v53) p280(v38) p188(v5)
    - neighboring facets: f409 f348 f413
- f234
    - flags: bottom simplicial tested
    - normal:   -0.7197   0.2479  -0.6485
    - offset: -0.03040977
    - center: -0.02990436666666667 0.04912273 0.005072536666666667 
    - vertices: p156(v53) p347(v51) p163(v15)
    - neighboring facets: f225 f230 f349
- f249
    - flags: top simplicial
    - normal:    0.9576  -0.2571   0.1296
    - offset: -0.04939278
    - vertices: p263(v57) p450(v21) p324(v8)
    - neighboring facets: f300 f250 f253
- f250
    - flags: bottom simplicial
    - normal:    0.9721   -0.209    0.107
    - offset: -0.04546562
    - vertices: p263(v57) p61(v36) p324(v8)
    - neighboring facets: f141 f249 f251
- f251
    - flags: top simplicial
    - normal:    0.9847  -0.1724 -0.02326
    - offset: -0.03756813
    - vertices: p263(v57) p61(v36) p211(v11)
    - neighboring facets: f255 f252 f250
- f252
    - flags: bottom simplicial
    - normal:    0.8648  -0.3735  -0.3356
    - offset: -0.0344734
    - vertices: p263(v57) p677(v55) p211(v11)
    - neighboring facets: f401 f251 f254
- f253
    - flags: top simplicial
    - normal:    0.7866   -0.478  -0.3908
    - offset: -0.03713319
    - center: 0.0227125 -0.0726681 0.03956906666666666 
    - vertices: p263(v57) p806(v54) p450(v21)
    - neighboring facets: f445 f249 f254
- f254
    - flags: top simplicial
    - normal:    0.7981  -0.4445  -0.4068
    - offset: -0.0344364
    - center: 0.02401716666666667 -0.05422033333333334 0.02171459333333333 
    - vertices: p263(v57) p677(v55) p806(v54)
    - neighboring facets: f442 f253 f252
- f255
    - flags: bottom simplicial
    - normal:    0.9898  -0.1411  0.01818
    - offset: -0.03756442
    - vertices: p344(v58) p61(v36) p211(v11)
    - neighboring facets: f251 f257 f256
- f256
    - flags: top simplicial
    - normal:    0.9904  -0.1359  0.02671
    - offset: -0.03763337
    - vertices: p344(v58) p61(v36) p435(v20)
    - neighboring facets: f141 f258 f255
- f257
    - flags: top simplicial
    - normal:    0.9933  -0.1145  0.01434
    - offset: -0.03769158
    - vertices: p344(v58) p731(v41) p211(v11)
    - neighboring facets: f168 f255 f258
- f258
    - flags: bottom simplicial
    - normal:    0.9932  -0.1151  0.01522
    - offset: -0.03769287
    - vertices: p344(v58) p731(v41) p435(v20)
    - neighboring facets: f167 f256 f257
- f259
    - flags: top simplicial tested
    - normal:    0.9598   0.0707  -0.2716
    - offset: -0.03746223
    - center: 0.04130573333333334 0.04553742399999999 0.01989167666666667 
    - vertices: p438(v59) p211(v11) p698(v2)
    - neighboring facets: f168 f262 f260
- f260
    - flags: top simplicial tested
    - normal:    0.8354   0.1912  -0.5153
    - offset: -0.03366115
    - center: 0.03839343333333333 0.04581782400000001 0.01392134333333333 
    - vertices: p438(v59) p336(v37) p211(v11)
    - neighboring facets: f265 f259 f371
- f262
    - flags: bottom simplicial tested
    - normal:    0.7687   0.6316  -0.1004
    - offset: -0.07324433
    - center: 0.04324063333333333 0.06979873333333332 0.04066819999999999 
    - vertices: p438(v59) p256(v25) p698(v2)
    - neighboring facets: f279 f259 f367
- f265
    - flags: bottom simplicial
    - normal:    0.7105   0.2326  -0.6641
    - offset: -0.02951111
    - vertices: p635(v60) p336(v37) p211(v11)
    - neighboring facets: f260 f402 f266
- f266
    - flags: top simplicial
    - normal:    0.5459   0.3035   -0.781
    - offset: -0.02654556
    - center: 0.02589123333333333 0.05440093333333332 0.005249043333333332 
    - vertices: p635(v60) p336(v37) p402(v22)
    - neighboring facets: f422 f373 f265
- f272
    - flags: bottom simplicial tested
    - normal:   -0.8744   0.0203   0.4848
    - offset: -0.0677839
    - center: -0.03492586666666667 0.04487678333333334 0.0749493 
    - vertices: p609(v62) p216(v24) p98(v16)
    - neighboring facets: f288 f274 f273
- f273
    - flags: bottom simplicial tested
    - normal:   -0.8879 0.004366     0.46
    - offset: -0.06583729
    - center: -0.03183653333333333 0.01257308333333333 0.08155153333333333 
    - vertices: p609(v62) p814(v40) p216(v24)
    - neighboring facets: f294 f272 f276
- f274
    - flags: top simplicial tested
    - normal:   -0.6184   0.7657   0.1767
    - offset: -0.09027656
    - center: -0.04023446666666666 0.0710558 0.06217873333333333 
    - vertices: p609(v62) p299(v52) p98(v16)
    - neighboring facets: f461 f272 f275
    - ridges:
- f275
    - flags: bottom simplicial tested
    - normal:   -0.6243     0.77   0.1317
    - offset: -0.08822297
    - center: -0.04319636666666667 0.07035546666666667 0.05376733333333333 
    - vertices: p609(v62) p299(v52) p474(v1)
    - neighboring facets: f228 f376 f274
- f276
    - flags: bottom simplicial tested
    - normal:   -0.9777  -0.1085   0.1796
    - offset: -0.04570379
    - center: -0.03287176666666666 -0.002086733333333335 0.0742657 
    - vertices: p609(v62) p556(v48) p814(v40)
    - neighboring facets: f202 f273 f378
- f279
    - flags: top simplicial
    - normal:    0.9999 0.003291  0.01268
    - offset: -0.04469049
    - vertices: p392(v63) p256(v25) p698(v2)
    - neighboring facets: f262 f280 f281
- f280
    - flags: bottom simplicial
    - normal:    0.9999 0.0002021  0.01139
    - offset: -0.04443572
    - vertices: p392(v63) p731(v41) p698(v2)
    - neighboring facets: f168 f279 f281
- f281
    - flags: top simplicial
    - normal:    0.9999 0.0001867  0.01439
    - offset: -0.04456568
    - vertices: p392(v63) p731(v41) p256(v25)
    - neighboring facets: f167 f279 f280
- f283
    - flags: top simplicial tested
    - normal:     0.033   0.9971  0.06919
    - offset: -0.07725646
    - center: 0.01473084666666667 0.07165206666666665 0.0770212 
    - vertices: p616(v64) p256(v25) p992(v6)
    - neighboring facets: f176 f284 f460
    - ridges:
- f284
    - flags: bottom simplicial tested
    - normal:   0.03035   0.9969    0.073
    - offset: -0.07757211
    - center: -0.005405486666666666 0.07165206666666668 0.0864109 
    - vertices: p616(v64) p504(v42) p992(v6)
    - neighboring facets: f173 f283 f463
    - ridges:
- f286
    - flags: top simplicial tested
    - normal:   -0.4669   0.5026   0.7276
    - offset: -0.1068073
    - center: -0.02378753333333333 0.07066676666666666 0.082716 
    - vertices: p151(v65) p504(v42) p517(v12)
    - neighboring facets: f174 f287 f464
    - ridges:
- f287
    - flags: bottom simplicial tested
    - normal:      -0.7   0.1131   0.7051
    - offset: -0.08409544
    - center: -0.02635576666666667 0.04448774999999999 0.08596533333333334 
    - vertices: p151(v65) p216(v24) p517(v12)
    - neighboring facets: f83 f286 f288
- f288
    - flags: top simplicial tested
    - normal:   -0.7323   0.1031   0.6732
    - offset: -0.08187785
    - center: -0.03045323333333333 0.04582108333333332 0.08148543333333334 
    - vertices: p151(v65) p216(v24) p98(v16)
    - neighboring facets: f272 f458 f287
    - ridges:
- f292
    - flags: bottom simplicial
    - normal:   -0.8039  -0.2333   0.5471
    - offset: -0.07734733
    - vertices: p749(v67) p814(v40) p262(v7)
    - neighboring facets: f202 f293 f294
- f293
    - flags: top simplicial
    - normal:   -0.7494  -0.2673   0.6058
    - offset: -0.0826605
    - vertices: p749(v67) p976(v44) p262(v7)
    - neighboring facets: f317 f292 f380
- f294
    - flags: top simplicial
    - normal:   -0.7983 -0.05197   0.5999
    - offset: -0.07746858
    - vertices: p749(v67) p814(v40) p216(v24)
    - neighboring facets: f273 f295 f292
- f295
    - flags: top simplicial
    - normal:   -0.3295 -0.01494   0.9441
    - offset: -0.09885582
    - vertices: p749(v67) p216(v24) p794(v4)
    - neighboring facets: f83 f382 f294
- f298
    - flags: top simplicial
    - normal:     0.202  -0.9593   0.1972
    - offset: -0.08708418
    - center: 0.01538623 -0.07528306666666668 0.05961673333333334 
    - vertices: p750(v68) p450(v21) p548(v14)
    - neighboring facets: f447 f304 f300
- f300
    - flags: bottom simplicial
    - normal:    0.7357  -0.5766   0.3553
    - offset: -0.07883482
    - vertices: p750(v68) p450(v21) p324(v8)
    - neighboring facets: f249 f301 f298
- f301
    - flags: top simplicial
    - normal:    0.6252  -0.6414   0.4446
    - offset: -0.08695639
    - vertices: p750(v68) p379(v45) p324(v8)
    - neighboring facets: f187 f300 f305
- f302
    - flags: bottom simplicial
    - normal:    0.1884  -0.7753   0.6028
    - offset: -0.1014619
    - vertices: p871(v69) p20(v28) p548(v14)
    - neighboring facets: f179 f304 f303
- f303
    - flags: bottom simplicial
    - normal:    0.2519  -0.7691   0.5874
    - offset: -0.1003321
    - vertices: p871(v69) p379(v45) p20(v28)
    - neighboring facets: f188 f302 f305
- f304
    - flags: top simplicial
    - normal:    0.2383  -0.9307   0.2773
    - offset: -0.09058918
    - vertices: p871(v69) p750(v68) p548(v14)
    - neighboring facets: f298 f302 f305
- f305
    - flags: bottom simplicial
    - normal:    0.3884  -0.7671   0.5106
    - offset: -0.09569449
    - vertices: p871(v69) p750(v68) p379(v45)
    - neighboring facets: f301 f303 f304
- f306
    - flags: bottom simplicial
    - normal:   -0.2924   -0.947   0.1333
    - offset: -0.08074973
    - center: -0.01018107 -0.07462419999999999 0.05332353333333334 
    - vertices: p591(v70) p675(v47) p548(v14)
    - neighboring facets: f468 f320 f316
    - ridges:
- f316
    - flags: top simplicial
    - normal:    -0.311  -0.9413   0.1314
    - offset: -0.08054826
    - center: -0.01927816666666666 -0.07229086666666666 0.04950846666666667 
    - vertices: p572(v72) p591(v70) p675(v47)
    - neighboring facets: f306 f384 f320
- f317
    - flags: bottom simplicial
    - normal:   -0.7515  -0.5173   0.4094
    - offset: -0.07876703
    - vertices: p572(v72) p976(v44) p262(v7)
    - neighboring facets: f293 f318 f321
- f318
    - flags: top simplicial
    - normal:    -0.893  -0.3454   0.2885
    - offset: -0.06342034
    - vertices: p572(v72) p556(v48) p262(v7)
    - neighboring facets: f202 f317 f324
- f320
    - flags: bottom simplicial
    - normal:   -0.3084  -0.9373   0.1621
    - offset: -0.08200698
    - vertices: p572(v72) p591(v70) p548(v14)
    - neighboring facets: f306 f321 f316
- f321
    - flags: top simplicial
    - normal:    -0.392  -0.8074   0.4409
    - offset: -0.09148736
    - vertices: p572(v72) p976(v44) p548(v14)
    - neighboring facets: f179 f320 f317
- f322
    - flags: bottom simplicial
    - normal:   -0.9859  -0.1205   0.1158
    - offset: -0.04179659
    - vertices: p412(v73) p556(v48) p994(v19)
    - neighboring facets: f377 f323 f324
- f323
    - flags: bottom simplicial
    - normal:   -0.9872  -0.1201   0.1048
    - offset: -0.04128985
    - vertices: p412(v73) p994(v19) p474(v1)
    - neighboring facets: f375 f326 f322
- f324
    - flags: bottom simplicial
    - normal:   -0.9404  -0.2753   0.1997
    - offset: -0.05459655
    - vertices: p412(v73) p572(v72) p556(v48)
    - neighboring facets: f318 f322 f325
- f325
    - flags: top simplicial
    - normal:   -0.8603  -0.4974   0.1118
    - offset: -0.06273921
    - center: -0.02769043333333333 -0.0668985 0.05044966666666667 
    - vertices: p412(v73) p572(v72) p939(v49)
    - neighboring facets: f385 f327 f324
- f326
    - flags: top simplicial
    - normal:   -0.9923  -0.1216  0.02179
    - offset: -0.03763603
    - vertices: p412(v73) p7(v10) p474(v1)
    - neighboring facets: f341 f323 f327
- f327
    - flags: top simplicial
    - normal:   -0.9909  -0.1347 0.003619
    - offset: -0.03759709
    - vertices: p412(v73) p939(v49) p7(v10)
    - neighboring facets: f205 f326 f325
- f341
    - flags: bottom simplicial
    - normal:   -0.9948 -0.09925 -0.02306
    - offset: -0.03726946
    - vertices: p367(v76) p7(v10) p474(v1)
    - neighboring facets: f326 f342 f343
- f342
    - flags: top simplicial
    - normal:   -0.9918 -0.03885  -0.1216
    - offset: -0.03686647
    - vertices: p367(v76) p347(v51) p474(v1)
    - neighboring facets: f344 f341 f343
- f343
    - flags: bottom simplicial
    - normal:   -0.9775   -0.117  -0.1753
    - offset: -0.03593138
    - vertices: p367(v76) p347(v51) p7(v10)
    - neighboring facets: f218 f341 f342
- f344
    - flags: bottom simplicial
    - normal:   -0.9433   0.1147  -0.3116
    - offset: -0.03673944
    - vertices: p827(v77) p347(v51) p474(v1)
    - neighboring facets: f342 f345 f346
- f345
    - flags: top simplicial
    - normal:   -0.9403   0.1328  -0.3134
    - offset:  -0.037784
    - vertices: p827(v77) p77(v33) p474(v1)
    - neighboring facets: f228 f344 f346
- f346
    - flags: top simplicial
    - normal:   -0.9373   0.1227  -0.3263
    - offset: -0.03661791
    - vertices: p827(v77) p347(v51) p77(v33)
    - neighboring facets: f225 f345 f344
- f347
    - flags: top simplicial
    - normal:   -0.4364  0.08947  -0.8953
    - offset: -0.01948932
    - vertices: p966(v78) p347(v51) p520(v50)
    - neighboring facets: f436 f393 f349
- f348
    - flags: bottom simplicial
    - normal:   -0.4608   0.2377  -0.8551
    - offset: -0.02176524
    - vertices: p966(v78) p156(v53) p188(v5)
    - neighboring facets: f232 f408 f349
- f349
    - flags: top simplicial
    - normal:   -0.4888   0.2343  -0.8403
    - offset: -0.02231577
    - vertices: p966(v78) p156(v53) p347(v51)
    - neighboring facets: f234 f347 f348
- f355
    - flags: top simplicial tested
    - normal:  -0.008218   0.9999 -0.01349
    - offset: -0.07200433
    - center: -0.01902453333333333 0.07197223333333332 0.008545826666666667 
    - vertices: p886(v79) p156(v53) p200(v9)
    - neighboring facets: f412 f459 f356
    - ridges:
- f356
    - flags: bottom simplicial tested
    - normal:  -0.009701   0.9999 -0.01271
    - offset: -0.07204629
    - center: -0.02823506666666667 0.07197223333333334 0.01499419333333333 
    - vertices: p886(v79) p156(v53) p77(v33)
    - neighboring facets: f230 f465 f355
    - ridges:
- f362
    - flags: bottom simplicial
    - normal:   0.05454  -0.3166   -0.947
    - offset: -0.01656721
    - center: 0.006054533333333334 -0.03141733333333333 -0.006643643333333331 
    - vertices: p229(v81) p155(v74) p492(v35)
    - neighboring facets: f392 f451 f452
- f367
    - flags: top simplicial tested
    - normal:    0.4674   0.8778  -0.1044
    - offset: -0.07756927
    - center: 0.04072683333333333 0.07113206666666666 0.037475 
    - vertices: p459(v82) p438(v59) p256(v25)
    - neighboring facets: f262 f457 f371
    - ridges:
- f371
    - flags: bottom simplicial tested
    - normal:    0.5401   0.7583   -0.365
    - offset: -0.06490054
    - center: 0.0379155 0.07007913333333333 0.0238906 
    - vertices: p459(v82) p438(v59) p336(v37)
    - neighboring facets: f260 f423 f367
- f372
    - flags: bottom simplicial
    - normal:    0.2781   0.2368  -0.9309
    - offset: -0.01824128
    - vertices: p471(v83) p164(v39) p402(v22)
    - neighboring facets: f410 f373 f404
- f373
    - flags: top simplicial
    - normal:    0.3461   0.2435   -0.906
    - offset: -0.01958522
    - vertices: p471(v83) p635(v60) p402(v22)
    - neighboring facets: f266 f372 f405
- f375
    - flags: top simplicial
    - normal:   -0.9855  -0.1172   0.1227
    - offset: -0.04223422
    - vertices: p500(v84) p994(v19) p474(v1)
    - neighboring facets: f323 f376 f377
- f376
    - flags: bottom simplicial
    - normal:   -0.9878 -0.08287   0.1318
    - offset: -0.04514792
    - vertices: p500(v84) p609(v62) p474(v1)
    - neighboring facets: f275 f375 f378
- f377
    - flags: top simplicial
    - normal:    -0.985  -0.1172   0.1268
    - offset: -0.04242234
    - vertices: p500(v84) p556(v48) p994(v19)
    - neighboring facets: f322 f375 f378
- f378
    - flags: top simplicial
    - normal:   -0.9836  -0.1149   0.1388
    - offset: -0.04316121
    - vertices: p500(v84) p609(v62) p556(v48)
    - neighboring facets: f276 f377 f376
- f380
    - flags: bottom simplicial
    - normal:   -0.1521   -0.221   0.9634
    - offset: -0.1021477
    - vertices: p15(v85) p749(v67) p976(v44)
    - neighboring facets: f293 f424 f382
- f381
    - flags: bottom simplicial
    - normal:   -0.0839   -0.207   0.9747
    - offset:  -0.102453
    - vertices: p15(v85) p141(v46) p794(v4)
    - neighboring facets: f191 f382 f425
- f382
    - flags: top simplicial
    - normal:   -0.1547  -0.1832   0.9708
    - offset: -0.1019192
    - vertices: p15(v85) p749(v67) p794(v4)
    - neighboring facets: f295 f381 f380
- f383
    - flags: bottom simplicial tested
    - normal:   -0.4862  -0.8734 -0.02745
    - offset: -0.0730599
    - center: -0.01840326666666667 -0.07445826666666666 0.0335379 
    - vertices: p973(v86) p326(v71) p675(v47)
    - neighboring facets: f470 f384 f387
    - ridges:
- f384
    - flags: top simplicial tested
    - normal:   -0.3704   -0.923   0.1047
    - offset: -0.07922786
    - center: -0.02177993333333333 -0.07212493333333332 0.0438744 
    - vertices: p973(v86) p572(v72) p675(v47)
    - neighboring facets: f316 f383 f385
- f385
    - flags: bottom simplicial tested
    - normal:   -0.7511  -0.6586   0.0452
    - offset: -0.06718629
    - center: -0.02620203333333334 -0.06879896666666667 0.04854016666666667 
    - vertices: p973(v86) p572(v72) p939(v49)
    - neighboring facets: f325 f386 f384
- f386
    - flags: bottom simplicial tested
    - normal:   -0.8454  -0.4116  -0.3405
    - offset: -0.03593293
    - center: -0.02832113333333333 -0.05267083333333333 0.02846066 
    - vertices: p973(v86) p939(v49) p162(v18)
    - neighboring facets: f205 f387 f385
- f387
    - flags: top simplicial tested
    - normal:   -0.8091   -0.444  -0.3849
    - offset: -0.0355242
    - center: -0.0238186 -0.05599679999999999 0.02237049333333334 
    - vertices: p973(v86) p326(v71) p162(v18)
    - neighboring facets: f390 f386 f383
- f390
    - flags: bottom simplicial
    - normal:   -0.6311  -0.5006  -0.5926
    - offset: -0.03138593
    - center: -0.02296143333333334 -0.04255236666666667 0.007435583333333334 
    - vertices: p283(v87) p326(v71) p162(v18)
    - neighboring facets: f387 f432 f428
- f392
    - flags: top simplicial
    - normal:  -0.02433  -0.1397  -0.9899
    - offset: -0.01120017
    - center: -0.006268933333333335 -0.02727946666666667 -0.00731031 
    - vertices: p844(v88) p155(v74) p492(v35)
    - neighboring facets: f362 f395 f431
- f393
    - flags: top simplicial
    - normal:  -1.053e-06 2.159e-07       -1
    - offset: -0.00800004
    - vertices: p844(v88) p966(v78) p520(v50)
    - neighboring facets: f347 f434 f396
- f395
    - flags: bottom simplicial
    - normal:  3.927e-08 2.255e-07       -1
    - offset: -0.008000015
    - vertices: p844(v88) p237(v75) p492(v35)
    - neighboring facets: f400 f392 f396
- f396
    - flags: bottom simplicial
    - normal:  -3.134e-08 3.018e-07       -1
    - offset: -0.008000015
    - vertices: p844(v88) p966(v78) p237(v75)
    - neighboring facets: f407 f395 f393
- f400
    - flags: top simplicial
    - normal:  3.601e-07 2.007e-07       -1
    - offset: -0.00800002
    - vertices: p557(v89) p237(v75) p492(v35)
    - neighboring facets: f395 f440 f403
- f401
    - flags: top simplicial
    - normal:    0.4374   -0.121  -0.8911
    - offset: -0.02037743
    - vertices: p557(v89) p677(v55) p211(v11)
    - neighboring facets: f252 f402 f441
- f402
    - flags: bottom simplicial
    - normal:     0.375   0.1289   -0.918
    - offset: -0.01792407
    - vertices: p557(v89) p635(v60) p211(v11)
    - neighboring facets: f265 f401 f405
- f403
    - flags: bottom simplicial
    - normal:  5.304e-06 2.956e-06       -1
    - offset: -0.008000156
    - vertices: p557(v89) p237(v75) p164(v39)
    - neighboring facets: f406 f404 f400
- f404
    - flags: top simplicial
    - normal:    0.2736   0.1379  -0.9519
    - offset: -0.01518854
    - vertices: p557(v89) p471(v83) p164(v39)
    - neighboring facets: f372 f403 f405
- f405
    - flags: bottom simplicial
    - normal:    0.2758   0.1385  -0.9512
    - offset: -0.01524585
    - vertices: p557(v89) p471(v83) p635(v60)
    - neighboring facets: f373 f402 f404
- f406
    - flags: top simplicial
    - normal:  -7.467e-09 6.99e-07       -1
    - offset: -0.008000022
    - vertices: p893(v90) p237(v75) p164(v39)
    - neighboring facets: f403 f410 f407
- f407
    - flags: top simplicial
    - normal:  -6.243e-08 6.012e-07       -1
    - offset: -0.00800002
    - vertices: p893(v90) p966(v78) p237(v75)
    - neighboring facets: f396 f406 f408
- f408
    - flags: bottom simplicial
    - normal:  -1.308e-06 1.819e-06       -1
    - offset: -0.008000068
    - vertices: p893(v90) p966(v78) p188(v5)
    - neighboring facets: f348 f409 f407
- f409
    - flags: top simplicial
    - normal:   -0.1915   0.2664  -0.9446
    - offset: -0.0174576
    - vertices: p893(v90) p280(v38) p188(v5)
    - neighboring facets: f232 f408 f413
- f410
    - flags: top simplicial
    - normal:  -0.00266    0.249  -0.9685
    - offset: -0.01569491
    - vertices: p893(v90) p164(v39) p402(v22)
    - neighboring facets: f372 f411 f406
- f411
    - flags: top simplicial
    - normal:   -0.1352   0.3063  -0.9423
    - offset: -0.01829169
    - center: -0.00206435 0.05853913333333333 -8.715333333333542e-05 
    - vertices: p893(v90) p402(v22) p200(v9)
    - neighboring facets: f421 f412 f410
- f412
    - flags: bottom simplicial
    - normal:    -0.151   0.3044  -0.9405
    - offset: -0.01833438
    - vertices: p893(v90) p156(v53) p200(v9)
    - neighboring facets: f355 f411 f413
- f413
    - flags: top simplicial
    - normal:   -0.1923   0.2862  -0.9387
    - offset:  -0.018045
    - vertices: p893(v90) p156(v53) p280(v38)
    - neighboring facets: f232 f409 f412
- f421
    - flags: bottom simplicial tested
    - normal:  0.004621   0.9994 -0.03527
    - offset: -0.07171036
    - center: 0.007435066666666666 0.0719264 0.00580772 
    - vertices: p917(v92) p402(v22) p200(v9)
    - neighboring facets: f411 f459 f422
    - ridges:
- f422
    - flags: bottom simplicial tested
    - normal:     0.471   0.6471  -0.5995
    - offset: -0.05071642
    - center: 0.0227547 0.07087346666666666 0.009775653333333332 
    - vertices: p917(v92) p336(v37) p402(v22)
    - neighboring facets: f266 f421 f423
- f423
    - flags: bottom simplicial tested
    - normal:    0.3915   0.8404  -0.3748
    - offset: -0.06513553
    - center: 0.0309525 0.07094716666666666 0.01762360666666667 
    - vertices: p917(v92) p459(v82) p336(v37)
    - neighboring facets: f371 f422 f457
    - ridges:
- f424
    - flags: bottom simplicial
    - normal:   -0.1259  -0.2308   0.9648
    - offset: -0.1023743
    - vertices: p845(v93) p15(v85) p976(v44)
    - neighboring facets: f380 f426 f425
- f425
    - flags: top simplicial
    - normal:   -0.0938  -0.2154    0.972
    - offset: -0.1024689
    - vertices: p845(v93) p15(v85) p141(v46)
    - neighboring facets: f381 f427 f424
- f426
    - flags: bottom simplicial
    - normal:   -0.0907  -0.3795   0.9208
    - offset:  -0.106015
    - vertices: p845(v93) p976(v44) p20(v28)
    - neighboring facets: f179 f427 f424
- f427
    - flags: top simplicial
    - normal:   0.01127   -0.305   0.9523
    - offset: -0.1058293
    - vertices: p845(v93) p141(v46) p20(v28)
    - neighboring facets: f192 f426 f425
- f428
    - flags: top simplicial tested
    - normal:   -0.5827  -0.5173  -0.6269
    - offset: -0.0309676
    - center: -0.01822676666666666 -0.0468268 0.006179600000000004 
    - vertices: p12(v94) p283(v87) p326(v71)
    - neighboring facets: f390 f429 f432
- f429
    - flags: top simplicial tested
    - normal:   -0.3609  -0.5834  -0.7276
    - offset: -0.02983386
    - center: -0.01356555666666667 -0.06181286666666667 0.01529194333333334 
    - vertices: p12(v94) p326(v71) p178(v3)
    - neighboring facets: f469 f430 f428
    - ridges:
- f430
    - flags: bottom simplicial tested
    - normal:   -0.2817  -0.5869   -0.759
    - offset: -0.02873118
    - center: -0.01188539 -0.04859929999999999 0.004139580000000001 
    - vertices: p12(v94) p155(v74) p178(v3)
    - neighboring facets: f454 f429 f431
- f431
    - flags: bottom simplicial tested
    - normal:   -0.1526  -0.2314  -0.9608
    - offset: -0.01567595
    - center: -0.01686103333333333 -0.02977353333333333 -0.006467226666666664 
    - vertices: p12(v94) p844(v88) p155(v74)
    - neighboring facets: f392 f430 f438
- f432
    - flags: bottom simplicial tested
    - normal:    -0.565  -0.4166  -0.7122
    - offset: -0.02775823
    - center: -0.02372253333333333 -0.02836533333333333 -0.003563406666666668 
    - vertices: p12(v94) p283(v87) p162(v18)
    - neighboring facets: f390 f437 f428
- f434
    - flags: top simplicial
    - normal:  -2.807e-06 -2.562e-07       -1
    - offset: -0.008000089
    - vertices: p120(v95) p844(v88) p520(v50)
    - neighboring facets: f393 f436 f438
- f435
    - flags: top simplicial
    - normal:   -0.6869  -0.1631  -0.7082
    - offset: -0.02639827
    - vertices: p120(v95) p347(v51) p162(v18)
    - neighboring facets: f218 f437 f436
- f436
    - flags: bottom simplicial
    - normal:   -0.5165 -0.04716   -0.855
    - offset: -0.02135235
    - vertices: p120(v95) p347(v51) p520(v50)
    - neighboring facets: f347 f434 f435
- f437
    - flags: bottom simplicial
    - normal:   -0.5255  -0.3548  -0.7733
    - offset: -0.02533087
    - vertices: p120(v95) p12(v94) p162(v18)
    - neighboring facets: f432 f435 f438
- f438
    - flags: top simplicial
    - normal:    -0.395  -0.3044  -0.8668
    - offset: -0.02186324
    - vertices: p120(v95) p12(v94) p844(v88)
    - neighboring facets: f431 f434 f437
- f439
    - flags: bottom simplicial
    - normal:    0.2317  -0.2704  -0.9345
    - offset: -0.01778293
    - vertices: p352(v96) p677(v55) p492(v35)
    - neighboring facets: f450 f440 f441
- f440
    - flags: top simplicial
    - normal:  1.162e-06 -3.368e-07       -1
    - offset: -0.008000045
    - vertices: p352(v96) p557(v89) p492(v35)
    - neighboring facets: f400 f439 f441
- f441
    - flags: bottom simplicial
    - normal:    0.4185  -0.1213  -0.9001
    - offset: -0.01989519
    - vertices: p352(v96) p557(v89) p677(v55)
    - neighboring facets: f401 f439 f440
- f442
    - flags: bottom simplicial tested
    - normal:     0.702  -0.4906  -0.5162
    - offset: -0.0332775
    - center: 0.01995706666666667 -0.05655366666666667 0.01642946 
    - vertices: p382(v97) p677(v55) p806(v54)
    - neighboring facets: f254 f445 f443
- f443
    - flags: bottom simplicial tested
    - normal:    0.6257  -0.5147  -0.5862
    - offset: -0.03199739
    - center: 0.01930823333333333 -0.05514520000000001 0.01443962666666667 
    - vertices: p382(v97) p17(v91) p677(v55)
    - neighboring facets: f448 f442 f456
- f445
    - flags: bottom simplicial tested
    - normal:    0.7806  -0.4888  -0.3896
    - offset: -0.03785872
    - center: 0.0186524 -0.07500143333333333 0.03428393333333333 
    - vertices: p382(v97) p806(v54) p450(v21)
    - neighboring facets: f253 f447 f442
- f447
    - flags: bottom simplicial tested
    - normal:   0.01384  -0.9999 0.004314
    - offset: -0.07631962
    - center: 0.01386243 -0.07592633333333333 0.04853866666666667 
    - vertices: p382(v97) p450(v21) p548(v14)
    - neighboring facets: f298 f468 f445
    - ridges:
- f448
    - flags: top simplicial
    - normal:    0.4567  -0.5346  -0.7111
    - offset: -0.02830136
    - vertices: p393(v98) p17(v91) p677(v55)
    - neighboring facets: f443 f450 f449
- f449
    - flags: bottom simplicial
    - normal:    0.3236    -0.56  -0.7626
    - offset: -0.02706279
    - center: 0.01530133333333333 -0.043679 0.003082386666666672 
    - vertices: p393(v98) p17(v91) p229(v81)
    - neighboring facets: f453 f451 f448
- f450
    - flags: top simplicial
    - normal:    0.2321  -0.2717   -0.934
    - offset:   -0.01782
    - vertices: p393(v98) p677(v55) p492(v35)
    - neighboring facets: f439 f451 f448
- f451
    - flags: bottom simplicial
    - normal:      0.18  -0.3115  -0.9331
    - offset: -0.01810464
    - vertices: p393(v98) p229(v81) p492(v35)
    - neighboring facets: f362 f450 f449
- f452
    - flags: top simplicial tested
    - normal:   0.09907   -0.561  -0.8219
    - offset: -0.02425665
    - center: 0.003377706666666667 -0.04557096666666666 0.00200056333333333 
    - vertices: p681(v99) p229(v81) p155(v74)
    - neighboring facets: f362 f454 f453
- f453
    - flags: top simplicial tested
    - normal:    0.2754  -0.5691  -0.7748
    - offset: -0.02673844
    - center: 0.01155910666666666 -0.05645116666666666 0.01105992666666667 
    - vertices: p681(v99) p17(v91) p229(v81)
    - neighboring facets: f449 f452 f456
- f454
    - flags: top simplicial tested
    - normal:  -0.01089  -0.6007  -0.7994
    - offset: -0.02669255
    - center: -0.003970116666666666 -0.06025886666666667 0.01194070333333333 
    - vertices: p681(v99) p155(v74) p178(v3)
    - neighboring facets: f430 f455 f452
- f455
    - flags: bottom simplicial tested
    - normal:    0.1234  -0.7406  -0.6605
    - offset: -0.03958921
    - center: 0.004423250000000001 -0.07347243333333334 0.02327489999999999 
    - vertices: p681(v99) p382(v97) p178(v3)
    - neighboring facets: f469 f454 f456
    - ridges:
- f456
    - flags: top simplicial tested
    - normal:    0.2403  -0.6663  -0.7059
    - offset: -0.03441312
    - center: 0.01179487333333333 -0.07113906666666667 0.02241716666666666 
    - vertices: p681(v99) p382(v97) p17(v91)
    - neighboring facets: f443 f453 f455
- f457
    - flags: top simplicial tricoplanar keepcentrum
    - owner of normal & centrum is facet f457
    - normal:         0        1        0
    - offset: -0.0720001
    - center: -0.01112013444444445 0.0720001 0.05532963333333334 
    - vertices: p917(v92) p459(v82) p256(v25)
    - neighboring facets: f367 f460 f423
- f458
    - flags: top simplicial tricoplanar
    - owner of normal & centrum is facet f457
    - normal:         0        1        0
    - offset: -0.0720001
    - center: -0.01112013444444445 0.0720001 0.05532963333333334 
    - vertices: p917(v92) p151(v65) p98(v16)
    - neighboring facets: f288 f461 f464
- f459
    - flags: top simplicial tricoplanar
    - owner of normal & centrum is facet f457
    - normal:         0        1        0
    - offset: -0.0720001
    - center: -0.01112013444444445 0.0720001 0.05532963333333334 
    - vertices: p917(v92) p886(v79) p200(v9)
    - neighboring facets: f355 f421 f465
- f460
    - flags: bottom simplicial tricoplanar
    - owner of normal & centrum is facet f457
    - normal:         0        1        0
    - offset: -0.0720001
    - center: -0.01112013444444445 0.0720001 0.05532963333333334 
    - vertices: p917(v92) p616(v64) p256(v25)
    - neighboring facets: f283 f457 f463
- f461
    - flags: bottom simplicial tricoplanar
    - owner of normal & centrum is facet f457
    - normal:         0        1        0
    - offset: -0.0720001
    - center: -0.01112013444444445 0.0720001 0.05532963333333334 
    - vertices: p917(v92) p299(v52) p98(v16)
    - neighboring facets: f274 f458 f462
- f462
    - flags: top simplicial tricoplanar
    - owner of normal & centrum is facet f457
    - normal:         0        1        0
    - offset: -0.0720001
    - center: -0.01112013444444445 0.0720001 0.05532963333333334 
    - vertices: p917(v92) p299(v52) p77(v33)
    - neighboring facets: f228 f465 f461
- f463
    - flags: top simplicial tricoplanar
    - owner of normal & centrum is facet f457
    - normal:         0        1        0
    - offset: -0.0720001
    - center: -0.01112013444444445 0.0720001 0.05532963333333334 
    - vertices: p917(v92) p616(v64) p504(v42)
    - neighboring facets: f284 f464 f460
- f464
    - flags: bottom simplicial tricoplanar
    - owner of normal & centrum is facet f457
    - normal:         0        1        0
    - offset: -0.0720001
    - center: -0.01112013444444445 0.0720001 0.05532963333333334 
    - vertices: p917(v92) p151(v65) p504(v42)
    - neighboring facets: f286 f463 f458
- f465
    - flags: bottom simplicial tricoplanar
    - owner of normal & centrum is facet f457
    - normal:         0        1        0
    - offset: -0.0720001
    - center: -0.01112013444444445 0.0720001 0.05532963333333334 
    - vertices: p917(v92) p886(v79) p77(v33)
    - neighboring facets: f356 f462 f459
- f468
    - flags: top simplicial tricoplanar keepcentrum
    - owner of normal & centrum is facet f468
    - normal:         0       -1        0
    - offset: -0.0759999
    - center: -0.004372315999999999 -0.0759999 0.03623972 
    - vertices: p382(v97) p675(v47) p548(v14)
    - neighboring facets: f306 f447 f470
- f469
    - flags: bottom simplicial tricoplanar
    - owner of normal & centrum is facet f468
    - normal:         0       -1        0
    - offset: -0.0759999
    - center: -0.004372315999999999 -0.0759999 0.03623972 
    - vertices: p382(v97) p326(v71) p178(v3)
    - neighboring facets: f429 f455 f470
- f470
    - flags: top simplicial tricoplanar
    - owner of normal & centrum is facet f468
    - normal:         0       -1        0
    - offset: -0.0759999
    - center: -0.004372315999999999 -0.0759999 0.03623972 
    - vertices: p382(v97) p326(v71) p675(v47)
    - neighboring facets: f383 f468 f469
