3
1000 206 309
0.0196296 0.0317712 0.0790001 
0.107046 0.000779435 0.0119954 
0.0158228 -0.047993 0.00199536 
0.09636 -0.0490278 0.0554689 
0.00663675 0.0590326 0.0231037 
-0.0356949 0.0558389 0.0497276 
0.0415428 0.0101982 0.0210915 
-0.0406814 0.0745165 0.0664699 
0.0253952 0.0131925 0.0859954 
0.019021 -0.00439303 0.0359954 
0.0426431 0.070632 0.0121581 
-0.0634649 -0.00251106 0.000363293 
-0.0282065 0.06291860000000001 0.025456 
-0.0929205 -0.0174278 0.0483606 
0.07487829999999999 0.0524559 0.0555402 
0.09920329999999999 0.0357226 0.07899539999999999 
-0.0319869 0.0286742 0.0279817 
0.121043 -0.0213855 0.0260566 
0.08773839999999999 0.0278181 0.07699540000000001 
0.0133507 -0.0438755 0.0186789 
-0.07128619999999999 -0.0485053 0.0173183 
0.0802378 -0.0253101 0.07699540000000001 
0.00641278 0.0198587 0.0407864 
0.049759 0.0596127 -4.64298e-06 
0.108488 0.0453602 0.0759384 
0.0521168 0.0762825 0.0425916 
-0.0024957 -0.0351447 0.00609146 
-0.0186378 0.0408797 0.0360752 
-0.111614 0.000376877 0.00317557 
-0.0207245 0.00860792 0.0359954 
0.0644851 0.0490556 0.0702334 
-0.0542548 -0.0316749 0.0510648 
0.0353522 0.0531498 0.0279953 
-0.00100163 -0.0343979 0.0748481 
0.0180698 -0.0105319 0.0438949 
-0.0289781 0.0356347 0.0267357 
-0.0809202 0.00403777 0.00199536 
0.0421612 0.06937939999999999 0.0119954 
-0.0129998 0.033317 0.0339954 
0.0673295 0.0350093 0.0822251 
-0.0359477 0.0104395 0.0657988 
0.123415 0.0164077 0.0155956 
-0.122174 -0.00169019 0.0616056 
0.106424 0.0460937 0.0777417 
0.0478223 0.0275992 0.000414935 
-0.0896002 0.0397702 0.0180837 
-0.0568442 0.06504790000000001 0.0325571 
0.08582239999999999 0.0295764 0.0119954 
-0.100338 0.0399076 0.0839954 
-0.0636934 0.0642411 0.0719954 
0.07147290000000001 0.0337485 0.0119954 
-0.0456316 -0.00532591 0.0333152 
0.131754 0.00447988 0.0669954 
0.0328135 0.0276727 0.0224559 
0.0482552 0.0664983 0.0491711 
0.0881754 0.0207625 0.0728401 
-0.0452546 0.0341553 0.0119954 
-0.117038 0.0375926 0.0839954 
0.000212774 0.051656 0.00376958 
0.00502438 0.0370485 0.0603253 
-0.00829002 0.0343846 0.00604694 
0.037431 -0.00700152 0.06731769999999999 
-0.0866012 -0.028 0.0196581 
0.0266758 -0.0211367 0.00799536 
-0.0441729 -0.0264942 0.0696845 
-0.0790564 -0.0161603 0.0256735 
-0.125866 -0.028721 0.0522215 
-0.0436204 0.0143872 0.0355992 
-0.0364562 0.0217835 0.0569764 
0.100576 0.0195298 0.0119954 
-0.00663283 0.07198599999999999 0.0721146 
-0.0163099 0.0390545 0.0575688 
-0.0231962 -0.0298528 0.0625565 
0.0483686 -0.0217063 0.0678042 
0.0490951 0.0371799 0.0700397 
0.05397 -0.0367117 0.0245263 
0.0225949 -0.0407434 0.0109954 
-0.121954 -0.0057288 0.06387669999999999 
-0.07362779999999999 -0.0118532 0.0171518 
-0.108412 0.0137045 0.0709954 
0.0464899 0.0760914 0.030194 
-0.0358947 0.0299241 0.0109954 
-0.055864 0.0597541 0.00199542 
-0.0201544 0.0366823 0.0579954 
-0.00978445 -0.0367914 0.0759683 
0.0628219 0.0578663 0.000846799 
0.0434103 0.0128645 0.0355991 
0.0148208 -0.0432747 0.0170568 
0.0371002 -0.00444235 0.0677876 
-0.09899769999999999 0.0485961 0.0732346 
-0.124178 0.0338188 0.06547169999999999 
-0.11137 0.00217169 0.00251252 
-0.0312239 -0.030472 0.00199536 
-0.0548894 0.0215424 0.00442242 
0.10748 -0.00320583 0.008952409999999999 
-0.061025 0.0421036 0.0168908 
-0.107942 0.0159081 0.07699540000000001 
0.118208 -0.00273444 0.0119954 
-0.118097 0.0141832 0.0604954 
-0.0989218 0.032883 0.07724880000000001 
-0.0781627 0.0475934 0.0504213 
-0.0116389 0.0655 0.058212 
0.0201661 -0.0466425 0.0516751 
-0.0560943 0.0655738 0.0221947 
0.0370368 -0.008511619999999999 0.0601053 
0.0612143 0.0106179 -4.64298e-06 
0.0612812 -0.0421801 0.08140169999999999 
0.0890894 -0.0384044 0.0265039 
0.08896999999999999 -0.0336313 0.0445148 
0.0253603 0.014449 0.0829954 
-0.0743795 0.0545491 0.067535 
-0.0240804 -0.0134175 0.0359954 
0.0485545 0.0370116 0.0287979 
-0.101271 0.0472494 0.053676 
-0.06673809999999999 0.0204144 0.00199536 
-0.0698278 -0.0126007 0.0119954 
0.0123233 -0.0352249 0.0618032 
-0.08891689999999999 -0.028 0.0303537 
-0.0655062 -0.0448673 0.06451229999999999 
-0.0547041 0.06586930000000001 0.0220008 
-0.0601381 0.0416688 0.063277 
-0.09677620000000001 -0.0264434 0.0709954 
-0.0511482 -0.00639003 0.00272558 
0.0123575 -0.0354312 0.0498743 
-0.111983 0.0374181 0.0693394 
-0.00773682 -0.0213583 0.0859954 
0.130654 -0.0245913 0.0815655 
0.0420764 0.0285991 0.0719954 
-0.08762730000000001 0.0472037 0.0517703 
-0.0791034 -0.0417623 0.08399529999999999 
-0.0571503 -0.0196238 0.07899539999999999 
-0.0059417 -0.0264632 0.0413461 
-0.122174 0.00410791 0.0639562 
0.0457155 0.0237119 0.00248582 
-0.0454425 0.00554901 0.0141455 
0.009533649999999999 0.0691884 0.0647037 
-0.0341585 0.025064 0.0170383 
0.0392391 -0.0324572 0.0313354 
-0.0409064 0.0294919 0.0109954 
-0.00516346 0.0504978 0.0141434 
-0.00583561 0.0359559 0.0859954 
-0.05403 -0.0401964 0.0272627 
-0.0818053 0.026167 0.07699540000000001 
0.00502946 -0.0456817 0.0432104 
-0.038812 -0.0243728 0.0289609 
-0.0374077 0.000436273 0.0492627 
0.0212407 0.027334 0.0200712 
-0.0149411 0.03101 0.0801501 
-0.0761652 -0.0318021 0.0604954 
-0.118764 -0.0043321 0.0709954 
0.0733994 -0.0206166 0.07699540000000001 
-0.111699 -0.0155109 0.0604954 
0.104666 0.00655332 0.0363909 
-0.08463329999999999 -0.0432446 0.0494578 
-0.0292202 0.0209355 0.0829954 
-0.0269643 0.060129 0.0459576 
0.07715519999999999 -0.0257826 0.0581669 
0.0654511 -0.028 0.025753 
0.0385683 0.00243362 0.0469663 
0.0596925 0.0128129 0.00707114 
0.0345674 0.0193135 0.07699540000000001 
-0.0558526 -0.02538 0.0364462 
-0.0338229 0.0702489 0.0439157 
0.0738254 -0.024086 0.0536013 
0.134844 -0.0159181 0.07022059999999999 
0.0444808 -0.0112461 0.041525 
-0.0566816 -0.0392827 0.0595409 
-0.0445026 0.0113952 0.0389227 
0.0192731 -0.0150349 0.0431324 
-0.0188192 -0.0290423 0.0187062 
0.119205 -0.0344915 0.0515832 
0.09428830000000001 -0.0493122 0.0794649 
0.00632191  0.051 0.0459191 
0.01497 0.0680848 0.0608925 
0.0735951 -0.0196833 0.0119954 
-0.0889691 -0.0164068 0.0144954 
0.0713336 -0.00850941 0.027463 
0.0411089 0.00987566 0.0511515 
0.113993 -0.0324802 0.0480264 
-0.0403458 0.040691 0.0430582 
-0.0207871 0.0137074 0.0829954 
-0.0731569 -0.0211818 0.0524954 
-0.09546640000000001 0.0055555 0.00199536 
0.04737 -0.0447765 0.0343333 
-0.0119899 0.0490236 0.0718558 
-0.100742 0.0482111 0.0589757 
-0.00354183 -0.0279738 0.0829954 
0.08896999999999999 -0.0302197 0.0338177 
0.103621 0.0472804 0.062263 
0.102799 -0.029028 0.07699540000000001 
-0.124062 -0.00704806 0.0126323 
0.0720664 0.0195859 0.07699540000000001 
0.0193126 0.00196289 0.0859954 
0.0202111 0.016573 0.0413461 
-0.073532 0.0417497 0.00681991 
0.099746 -0.0355273 0.0709954 
0.00482291 -0.0184723 0.0859954 
-0.0360914 0.0570649 0.06879 
-0.112396 0.0180181 0.0119954 
-0.0402027 -0.0233123 0.00199536 
-0.0528863 0.00207956 0.0631627 
-0.0751805 -0.028 0.0421956 
0.0561701 0.0569052 0.0208049 
0.0457395 -2.44222e-05 0.0147348 
-0.124504 0.0150905 0.0377498 
-0.0034318 0.0341425 0.0622755 
0.128478 0.0209411 0.0839954 
-0.0195298 -0.0292225 0.0339954 
0.0401725 -0.0209517 0.0354999 
-0.0122825 -0.0493966 0.06734279999999999 
0.0539184 0.0759871 0.0291719 
-0.0355745 0.054694 0.0223892 
0.0405811 0.0120515 0.0527751 
-0.0963215 0.03924 0.0830699 
0.08446720000000001 -0.0345683 0.0667592 
0.127401 0.00206233 0.0225389 
-0.07605770000000001 -0.0490216 0.0473183 
0.0256762 0.00581755 0.0859954 
-0.037427 -0.00207944 0.0850944 
0.0456225 0.0377377 0.031519 
0.0615494 0.008993640000000001 0.0709954 
-0.0685955 0.0677947 0.0493312 
-0.0326907 -0.0181308 0.0751039 
0.0293952 0.0351761 0.0200559 
-0.0554259 -0.0310966 0.07037649999999999 
-0.0319717 0.0192838 0.0691104 
0.00496857 0.0733 0.0454298 
-0.0464442 -0.0119092 0.0839954 
0.0238934 -0.0249454 0.0158306 
0.065863 -0.0450604 0.0654752 
-0.106929 -0.0141168 0.00582148 
0.09425459999999999 -0.0340245 0.07759969999999999 
-0.134371 0.0174844 0.0696094 
0.0222434 -0.039948 0.0762149 
0.0207749 -0.0471429 0.00778189 
-0.0920127 -0.0246959 0.0119954 
-0.0266992 -0.0372574 0.0175987 
0.137372 -0.000808673 0.0702752 
0.0769989 0.0431914 0.0166132 
-0.0849086 -0.0465704 0.08399529999999999 
0.08608970000000001 -0.0503 0.0280039 
0.0129791 0.0277245 0.0413461 
0.0484397 0.0103842 0.08396679999999999 
0.0158285 -0.0211804 0.0136811 
0.049024 -0.0118435 0.0807185 
0.101435 -0.0150617 0.07494720000000001 
-0.0849628 -0.0480538 0.0523518 
0.0399217 -0.0154431 0.0269525 
0.0441008 0.0240467 0.00199536 
-0.0828532 -0.0175697 0.0333638 
0.0458792 2.66385e-05 0.0388525 
-0.00842888 -0.0381692 0.00599536 
-0.0109831 0.0392695 0.0432624 
0.025548 -0.0332811 0.0410459 
-0.101734 0.00699773 0.0144954 
-0.008036440000000001 0.0660727 0.0175037 
-0.101873 0.0322418 0.0669954 
-0.0281073 -0.0230428 0.0829954 
0.01497 0.0494395 0.0269078 
0.0252142 -0.0322842 0.0339954 
-0.0357788 0.0565234 0.0325633 
-0.0293596 -0.0131031 0.0359954 
0.0463896 -0.0492554 0.0408394 
0.125158 -0.0130576 0.0260511 
0.07693700000000001 -0.0233253 0.0709954 
-0.0234575 -0.0333952 0.0432465 
-0.000913082 0.0534208 0.0581037 
-0.034576 0.0026512 0.0153689 
-0.0368561 -0.00661125 0.066385 
0.0349432 -0.0210784 0.043002 
0.008806370000000001 0.0332056 0.0709521 
0.0369804 -0.027165 0.0340786 
0.114096 -0.0298281 0.0275198 
0.120659 -0.00993377 0.0624394 
0.118318 -0.00973979 0.07699540000000001 
0.0346896 0.038327 0.0110786 
-0.000340479 0.0517032 0.0231037 
-0.0021674 -0.0452249 0.0453762 
-0.09149450000000001 0.0497549 0.06369519999999999 
0.010107 -0.026372 0.00799536 
0.0345407 0.0407972 0.0719953 
0.0114103 -0.0496782 0.0547688 
-0.0455247 -0.0101043 0.00199536 
-0.0289912 0.06448760000000001 0.0411195 
0.101845 0.0129849 0.00727009 
-0.08903 -0.0371079 0.0389797 
-0.018208 0.0421842 0.0325283 
0.0659761 0.0609805 0.0119954 
-0.0985727 0.0195147 0.0709954 
-0.0158083 -0.0265048 0.0859954 
-0.0225908 -0.0397908 0.0762483 
0.0162006 0.0430037 0.0121954 
0.0370382 0.00440364 0.0804725 
-0.00502293  0.051 0.0418897 
0.0699511 -0.0049323 0.0343484 
-0.00430967 -0.039902 0.0579954 
-0.06488480000000001 0.0501008 0.0189363 
-0.128604 -0.0172618 0.0839954 
0.126444 -0.008896009999999999 0.0224898 
-0.0793855 0.0320139 0.0604954 
-0.0212802 -0.0372036 0.033254 
0.127314 0.00420712 0.08065460000000001 
-0.035689 0.0557832 0.0452622 
-0.0250051 -0.0366484 0.00199536 
0.0244331 -0.0222958 0.0462523 
0.08796130000000001 -0.0358206 0.0470371 
0.0326655 -0.0246235 0.0219341 
0.0214273 0.0406411 0.0437674 
0.0376889 0.00133058 0.00599536 
0.0465812 0.031304 0.0119954 
0.04937 -0.0509248 0.0418354 
0.0413379 0.0110429 0.0226017 
0.0178324 0.0389571 0.0251306 
0.0601209 0.00297508 0.0524954 
0.126667 -0.00792932 0.0189031 
-0.0695648 0.06662559999999999 0.0385183 
-0.0045294 0.037777 0.0748521 
0.0672334 -0.028 0.0307578 
0.06935669999999999 0.0109494 0.00199536 
-0.00720618 0.0417031 0.0550637 
-0.114774 0.00477422 0.0581522 
-0.104974 -0.0159035 0.00149106 
-0.0708592 -0.0173648 0.07699540000000001 
0.104869 0.0332106 0.0669954 
-0.0134292  0.051 0.0538223 
-0.0335842 0.0246964 0.0498743 
0.116763 -0.0284411 0.0460036 
-0.0339177 -0.0055977 0.0552682 
0.0334914 0.00294345 0.0829954 
0.09759900000000001 0.0243171 0.00636023 
-0.0833178 0.0400729 0.0226842 
-0.0524312 0.0713826 0.0120309 
0.044652 -0.0102453 0.0307062 
0.023719 0.0321904 0.0579954 
0.0395279 0.0142402 0.0579954 
0.0411464 0.0168019 0.00199536 
0.110559 0.0156008 0.0565239 
0.0242049 0.0285853 0.084409 
0.08838600000000001 0.0361967 0.07899539999999999 
0.0056671 0.0239857 0.0423446 
-0.0891038 0.00289027 -4.64298e-06 
0.134035 -0.0179662 0.0718514 
-0.07078379999999999 -0.0364152 0.0839852 
0.0976919 -0.0149922 0.0158507 
-0.0356747 0.0556466 0.0322879 
0.0432664 -0.00216731 0.0388364 
0.06353789999999999 0.0294761 0.0669954 
-0.0475421 0.0762007 0.06828629999999999 
0.0746076 0.0487482 0.0225898 
-0.0715879 -0.0148806 0.0119954 
0.0157711 0.0488972 0.0291985 
0.130238 0.0111951 0.0669954 
-0.128264 -0.0288992 0.0730519 
0.06406920000000001 0.0567867 0.047462 
0.0184801 0.0386978 0.0157421 
-0.0396259 0.0414904 0.0638251 
0.0426696 0.00323849 0.0328161 
0.0253164 0.023348 0.0527664 
-0.0604041 0.0377764 0.0119954 
0.104394 -0.00260371 0.0144954 
0.0691449 -0.0375241 0.0839954 
0.0590411 0.04001 0.0458459 
-0.0719069 0.0614258 0.0146802 
0.0611139 0.0422697 0.0460319 
-0.06541 -0.028 0.0359689 
0.062809 0.0500171 0.0239954 
0.0567148 0.0476348 0.0190786 
-0.0422563 0.075073 0.0357628 
0.034052 -0.00707509 0.00680393 
0.101722 0.0113299 0.040823 
-0.0703404 0.0165243 -4.64298e-06 
-0.0638642 -0.0159305 0.07699540000000001 
0.0262511 -0.029957 0.00318261 
-0.0373675 0.0445416 0.00982823 
-0.0747985 -0.0133153 0.0265195 
-0.01503 0.0530111 0.052683 
0.0535288 0.0243812 0.00746362 
-0.0137523 0.0733 0.0325331 
-0.0336146 -0.0162473 0.0617954 
0.0592709 -0.028 0.0292426 
0.0273567 0.0206788 0.0655155 
-0.027783 0.0201746 0.0697903 
0.0510154 -0.0251528 0.0465179 
0.117267 -0.0166658 0.07699540000000001 
0.127008 0.00528178 0.0333964 
0.0881701 0.0351426 0.0669954 
-0.00432107 0.0483872 0.0109954 
0.0625542 -0.0503 0.0445079 
0.0390355 0.0420795 0.0227866 
-0.0561795 -0.0120368 0.0709954 
0.0259863 -0.0326208 0.041496 
0.0125183 0.0405484 0.0502267 
-0.00341033 0.0457261 0.0192238 
0.06269479999999999 -0.0433384 0.0688867 
-0.0742944 -0.0128508 0.0489667 
0.029924 -0.00848018 0.0359954 
-0.111557 -0.00146455 0.00517982 
-0.0659179 -0.0106705 0.00499781 
-0.0318177 -0.0298679 0.0383047 
0.0171412 0.0392338 0.0324225 
-0.0375236 0.0438253 0.0247368 
0.0431338 0.0469666 0.0239954 
0.111074 -0.01459 0.0546945 
-0.0740741 0.0158253 0.0758538 
-0.00743192 0.0614804 0.0581037 
0.06955359999999999 0.0299033 0.0665905 
0.0641422 0.0452653 -4.64298e-06 
0.0410631 0.0206403 0.0146296 
0.000412033  0.051 0.0310683 
0.0111302 0.0176282 0.0421869 
0.0730367 0.0433944 -4.64298e-06 
0.008236510000000001 0.0321787 0.0490132 
0.0427276 0.07337399999999999 0.0719954 
-0.0840098 0.0400476 0.0385715 
-0.0846069 -0.0205386 0.0716821 
0.0473571 0.00216104 0.082941 
-0.0810713 0.0411744 0.009010290000000001 
0.0598534 0.0409122 0.0156657 
0.0253041 0.0382021 0.0150981 
0.07430290000000001 0.0444333 0.0136076 
-0.0170743 0.0170899 0.0444912 
0.0518162 0.0762964 0.0465523 
0.0265246 -0.0102277 0.00799536 
0.0787403 -0.0503 0.0236178 
-0.13243 -0.0132227 0.0515568 
-0.0180378 -0.0419378 0.0449522 
-0.125473 -0.0112339 0.0709954 
0.0206382 -0.00352433 0.0392213 
0.0309682 0.0673482 0.0195432 
0.0549903 0.0657957 0.0436198 
-0.09950000000000001 0.0181301 2.03682e-05 
-0.0371219 -0.0203701 0.054716 
0.0120311 0.0276203 0.0413461 
-0.0335638 -0.0180012 0.065721 
0.0687513 -0.0338015 0.0173183 
-0.0501009 -0.0105109 0.0109954 
0.0152526 -0.0432734 0.0295334 
0.110312 0.0260475 0.0663617 
0.0991457 0.0250892 0.0540317 
0.0367281 -0.027201 0.0132072 
0.101832 -0.0111653 0.0460909 
0.00170255 0.0423076 0.0528368 
-0.0727595 -0.0503 0.0305017 
0.00937401 0.0365969 0.067541 
-0.0789561 0.0239881 0.07699540000000001 
0.0406023 0.0213862 0.0363989 
0.0636437 0.07219109999999999 0.0247682 
-0.08595419999999999 0.0181865 0.0219395 
-0.06634379999999999 0.0164852 0.0709954 
-0.00522929 -0.0421094 0.0518508 
0.101621 0.0372551 0.0393559 
0.0379761 0.00153715 0.0579954 
0.0765919 0.0438989 0.0237534 
-0.125079 -0.0134211 0.0370023 
0.090269 -0.0179432 0.0504814 
-0.07141599999999999 0.0096022 -4.64298e-06 
-0.0403219 0.0629453 0.0681763 
-0.00111624 0.0412583 0.0219341 
-0.101449 0.0375863 0.08119030000000001 
-0.0771213 -0.0315407 0.0604954 
0.0592977 -0.00514339 0.0119954 
-0.00659798 0.0377009 0.0498743 
0.0845084 0.0399721 0.0363279 
-0.116993 -0.00516568 0.0709954 
0.0161642 -0.04803 0.0575849 
-0.112811 -0.0368463 0.0503838 
0.000655492  0.051 0.0570554 
0.017689 0.0323546 0.00599536 
0.043976 0.0126932 0.0237219 
0.0156919 -0.0139006 0.0437315 
0.0860089 0.0448154 0.0696925 
0.08360720000000001 0.0498008 0.0730932 
0.00215554 -0.0507559 0.0262625 
0.00209661 -0.0424157 0.0509396 
0.063735 0.0143334 0.0556493 
0.107004 -0.0131234 0.0119954 
-0.00206403  0.051 0.0464226 
0.000201269 0.0360576 0.0339954 
0.0912106 0.0177559 0.0320001 
0.06992710000000001 0.0449638 0.00423951 
0.00300615 0.0341809 0.0573752 
-0.111303 0.0322423 0.08336499999999999 
-0.103701 0.008457660000000001 0.0327413 
-0.0187097 -0.00456329 0.0829954 
0.0358717 -0.0286066 0.0141284 
-0.0404429 0.0405831 0.0295856 
0.0012232  0.051 0.0607301 
-0.065944 -0.0361211 0.0839954 
-0.0964851 0.0158387 0.0277767 
-0.0668335 -0.0161428 0.0524954 
-0.0636849 0.0721885 0.0191707 
-0.114529 0.0350399 0.0501349 
-0.111582 -0.0438326 0.0726724 
0.0475692 0.0649624 0.0239954 
-0.0148078 0.0326223 0.0829954 
-0.0791882 -0.0478549 0.0839954 
0.123559 0.0167692 0.0218327 
-0.06757680000000001 0.06902320000000001 0.062641 
-0.0463668 0.0274745 0.0022191 
-0.0065914 -0.0227028 0.0106534 
0.09839299999999999 0.0145237 0.0351202 
-0.0277937 -0.0101194 0.0136812 
0.0128884 -0.0439461 0.0217732 
-0.0898186 -0.047071 0.0839954 
-0.07269639999999999 -0.0376038 0.0669954 
-0.0239125 0.0525394 0.0582319 
0.06918299999999999 0.0399124 0.00199536 
0.0135961 -0.0316493 0.068505 
0.0986533 -0.0458376 0.0517863 
-0.08534 0.0499235 0.0581048 
0.026459 0.0338593 0.0161389 
0.0690161 0.0529544 0.00555388 
-0.0800555 -0.0149217 0.0144954 
0.0259583 -0.00602409 0.0359954 
0.0419163 0.0392657 0.0205799 
-0.0337271 -0.0310249 0.0254102 
-0.110416 0.00739406 0.00815637 
0.09057850000000001 0.0181999 0.0524954 
0.123114 -0.0106877 0.0125921 
0.0941984 -0.0427758 0.0669954 
0.126093 0.0316339 0.0687422 
-0.0283148 0.0398069 0.0109954 
0.0415959 -0.00798635 0.0139284 
-0.0137207 0.0193179 0.00849871 
0.0488839 0.07637190000000001 0.0698879 
0.05397 -0.0294569 0.0442548 
-0.0491078 0.013934 0.00199536 
-0.0137925 -0.0445752 0.0109954 
0.0603195 -0.0473578 0.0473183 
0.09263449999999999 0.0436112 0.0669954 
-0.00686347 0.0366829 0.06949379999999999 
0.0624811 0.0595373 0.0621273 
0.0633502 0.0455625 0.045795 
0.0105296 -0.0336635 0.0829954 
0.0214131 0.0503361 0.0190176 
-0.0419505 0.0188321 0.0286325 
-0.0613834 -0.0304212 0.0836496 
-0.0352339 -0.0128763 0.08091660000000001 
-0.0709371 0.00782625 0.0182613 
0.0977576 -0.0184452 0.0119954 
0.00775793 0.0335463 0.0514369 
0.0391013 -0.0167212 0.048647 
0.00629416  0.051 0.0159278 
0.0743987 -0.0266891 0.0604954 
0.0391836 0.00255221 0.0498743 
-0.0436855 -0.0058417 0.0375984 
-0.0258167 0.0562643 0.0359226 
0.0592808 0.0619634 0.00144274 
0.128733 0.0131773 0.0494688 
0.0510368 0.0109859 0.0114563 
-0.0917854 0.049594 0.0800255 
-0.0396829 -0.0320696 0.071878 
-0.0376666 -0.0250463 0.035565 
0.0191127 0.00839877 0.0392982 
0.06979970000000001 -0.010591 0.0721892 
0.0149869 0.0367912 0.0450635 
0.103902 -0.0366153 0.0839954 
0.130907 0.0246901 0.0624346 
-0.0401137 0.0586232 -4.64298e-06 
-0.0388878 -0.012731 0.0219341 
-0.0592176 0.0410283 0.07803300000000001 
0.0511167 -0.00606345 0.00251515 
0.000543589 0.0458359 0.0294016 
-0.0644516 0.053417 -4.64298e-06 
-0.091289 0.0445251 0.0705437 
-0.0407677 -0.0120016 0.0538233 
-8.94644e-05 -0.0459945 0.0238149 
-0.121764 -0.0360636 0.0833619 
-0.0207655 -0.0113751 0.0829954 
0.0162625 -0.0302125 0.07661709999999999 
-0.09696639999999999 -0.0155171 0.0388091 
-0.0165099 0.0429172 0.0262764 
0.109229 0.0333868 0.0415606 
-0.0683647 0.0193401 0.00199536 
-0.0334891 -0.0314348 0.0380163 
-0.0807332 -0.0395026 0.0790854 
-0.00144767 0.0373076 0.07348209999999999 
0.01497 0.0687407 0.0571832 
0.034563 0.0244316 0.0517714 
0.126337 0.0160033 0.0669954 
-0.0222585 0.0497948 0.0719717 
-0.107442 0.0226672 0.07699540000000001 
0.117944 0.0395723 0.07319920000000001 
-0.02004 0.0362264 0.0579954 
-0.07975 0.0090405 -4.64298e-06 
0.0597856 -0.0282432 0.0709954 
0.118075 0.02935 0.0839954 
-0.0999463 0.009795099999999999 0.014133 
-0.124619 -0.0145633 0.0356242 
-0.0327775 0.0179911 0.0699017 
0.032736 0.0179613 0.0715389 
-0.0307229 0.0212873 0.0804217 
0.06788950000000001 0.00623237 0.072408 
0.110888 0.00867626 0.0119954 
-0.0316625 -0.0145317 0.00730019 
-0.136852 -0.00483248 0.0542602 
0.11155 -0.0078622 0.00539314 
-0.0132637 -0.0349487 0.0649455 
0.00122193  0.051 0.0548379 
0.0275886 -0.0102036 0.0359954 
0.022584 0.0350375 0.0579954 
-0.0262302 -0.0300234 0.00210808 
0.105084 -0.00445658 0.0519246 
0.0207889 -0.0330081 0.0339954 
-0.0668396 0.000689123 0.07506069999999999 
0.0222652 0.0365545 0.0287172 
0.0696504 -0.0503 0.0467786 
-0.0255225 0.0553824 0.0485469 
0.0259086 -0.0172053 0.00799536 
0.07397919999999999 0.0241643 0.0601483 
-0.0377003 -0.0130266 0.00406625 
-0.131104 -0.0242674 0.06505 
-0.0648596 0.0552065 0.000237085 
-0.0573046 0.0647134 0.0543134 
0.0536391 0.0241741 0.00207416 
0.0772277 0.0149785 0.0213695 
-0.0576705 -0.0214967 0.0669954 
-0.07812089999999999 0.0175132 0.0524954 
0.0317329 -0.0197419 0.0831443 
0.0360363 0.0367918 0.00745251 
-0.015912 -0.0358186 0.07699540000000001 
-0.0204988 -0.031308 0.08220520000000001 
0.025174 -0.0275323 0.0761773 
-0.119339 0.008006900000000001 0.0119954 
0.0431119 0.0624924 0.000361413 
-0.0278704 -0.0332415 0.0476376 
-0.0224474 -0.0457445 0.0533301 
-0.0647326 0.00617385 0.00199536 
0.04737 -0.0451157 0.0464185 
-0.0744133 0.0345805 0.0709954 
-0.136248 -0.0110494 0.0590951 
-0.0944956 -0.0383026 0.0142293 
0.0810847 0.033912 0.0119954 
0.0261001 0.0273681 0.0685839 
0.0609382 0.0374894 0.0119954 
-0.0396646 0.0624678 0.0119982 
-0.07015780000000001 -0.0165331 0.0117105 
0.0285529 -0.0240235 0.07631830000000001 
0.0953075 -0.0387284 0.0157982 
-0.0231682 -0.0298755 0.0715462 
0.014347 0.0403524 0.025164 
0.043868 -0.0134816 0.0271073 
0.0106471 -0.0336112 0.00603555 
-0.0236441 -0.0294884 0.0605628 
-0.01503 0.0503376 0.063045 
-0.117771 0.00455468 0.0604954 
-0.00229485 -0.0342346 0.0859954 
0.0397957 0.00218811 0.0579954 
0.0354856 0.0489609 0.063458 
-0.0966351 -0.0436527 0.0503215 
0.0256731 -0.0271039 0.0637673 
-0.0422715 0.0180214 0.0397455 
0.033834 0.0189346 0.0339954 
0.121177 -0.0172065 0.07899539999999999 
0.05397 -0.0379689 0.0440309 
-0.0490819 -0.0516378 0.0221876 
0.0259017 -0.033562 0.0520007 
-0.0122734 -0.0451737 0.0109954 
-0.117211 0.0103543 0.0119954 
0.0361742 0.0295409 0.0109954 
-0.0564391 0.0653422 0.0492029 
0.070988 0.007992300000000001 0.0332059 
-0.0658402 0.0382426 0.0709954 
-0.0418287 -0.00656543 0.0508704 
-0.044605 0.0382174 0.0517663 
0.124326 0.0130198 0.0669954 
0.0771486 -0.0487788 0.0556256 
0.0488337 0.0614267 0.0119954 
0.116013 0.0278512 0.033701 
0.06735099999999999 -0.0277336 0.0709954 
0.0112532 0.0360704 0.07319779999999999 
-0.0777953 0.0489331 0.07699540000000001 
-0.0730111 -0.0423654 0.06878289999999999 
-0.0448671 -0.0131718 0.0684953 
0.00736128 -0.0422942 0.0326249 
0.122303 -0.0297132 0.0509929 
-0.0305566 -0.0338861 0.0351201 
0.0571704 -0.0396934 0.0760252 
0.0380196 -0.00637478 0.0819208 
0.0212464 -0.0407262 0.0179178 
-0.0100356 0.0315977 0.0468558 
0.0360266 0.0329709 0.0719954 
0.0945256 -0.0391745 0.0235623 
0.102431 -0.042252 0.0701702 
-0.0491196 0.0763909 0.056788 
0.0279508 -0.0113274 0.0359954 
0.034281 0.00269906 0.0666457 
-0.0955603 0.0184333 0.0119954 
-0.0248329 0.0280575 0.0715112 
0.0226377 0.00880648 0.0359954 
-0.08775380000000001 -0.00217003 0.00199536 
0.0555698 0.0205505 0.006768 
-0.06532010000000001 0.0601182 0.0119954 
0.0766824 0.0411701 0.0119954 
-0.0334357 -0.031385 0.07206609999999999 
0.0694946 -0.0503 0.0345436 
0.0278561 -0.0270722 0.0466116 
0.0405177 -0.0308733 0.0589655 
0.104424 0.00728555 0.016601 
-0.00532867 -0.0298905 0.0359954 
0.00367908 0.0733 0.0435435 
-0.041525 -0.0295687 0.06585779999999999 
0.134077 -0.0178596 0.0565694 
-0.0326152 -0.0368334 0.0109954 
0.115367 0.0139917 0.07699540000000001 
-0.0184855 0.0491594 0.0322497 
-0.0873124 0.0498359 0.0555531 
-0.0365817 0.00907467 0.0486548 
-0.058353 0.0160885 -4.64298e-06 
0.0139944 0.0216256 0.0859954 
-0.0420106 -0.018431 0.0123323 
0.0193424 0.0494652 0.0327746 
-0.0415368 0.063828 0.0270416 
0.0607651 0.0357311 0.0119954 
-0.0210784 -0.027218 0.0706002 
-0.0796852 -0.0492921 0.0645442 
-0.080008 -0.0167962 0.0458518 
0.102974 0.0131384 -4.64298e-06 
-0.0485897 0.00575237 0.0109954 
-0.0148024 -0.0308152 0.0829954 
0.0323759 0.0115719 0.0560623 
0.0355625 -0.0137654 0.07699540000000001 
0.0222294 -0.00794539 0.0111011 
-0.00196848 0.0429077 0.0231838 
0.0357377 0.0497277 0.00178972 
-0.07782940000000001 -0.019609 0.0119954 
0.0604873 0.0414243 0.0749035 
-0.01503 0.0614745 0.0445676 
-0.0642331 -0.0257292 0.0119954 
0.0759398 -0.0253498 0.07699540000000001 
0.000892047 -0.0448608 0.0362811 
-0.00362384 0.0457403 0.0205364 
0.0864805 -0.028 0.0179442 
-0.0326487 -0.0390192 0.0427486 
-0.0635126 0.000770327 0.0119954 
0.018107 -0.0213536 0.0136812 
-0.0531416 0.0244566 0.0839954 
-0.0599923 -0.028 0.044745 
-0.0263625 0.0580825 0.0298107 
-0.00130793 -0.0343657 0.0506356 
-0.0299869 -0.0379014 0.0109954 
-0.109198 0.0335004 0.0337626 
0.0898746 0.0346436 0.07699540000000001 
-0.100726 0.0136066 0.0524954 
-0.0184937 -0.0367518 0.0498743 
-0.09570819999999999 0.0492769 0.0699231 
0.0403246 0.0156783 0.0387946 
-0.0218331 -0.0309617 0.06983209999999999 
-0.0273576 0.026755 0.0474972 
-0.0840172 -0.040766 0.0473183 
0.109815 0.0327932 0.0288148 
-0.027114 0.0324323 0.0560451 
-0.127928 0.000338376 0.0451257 
-0.08557530000000001 -0.0250889 0.0524954 
0.031322 -0.0291834 0.0256797 
0.018679 -0.0153396 0.0442133 
0.0391321 0.0419722 0.0534255 
0.000377536 -0.0259417 0.0136812 
-0.103717 0.008433360000000001 0.0400388 
0.0257904 0.00614947 0.0859954 
-0.0241721 0.0244323 0.0521903 
-0.00674185 0.0737773 0.0725037 
-0.00176781 0.040483 0.0437439 
0.00529626 -0.0339402 0.0700674 
0.05397 -0.0389262 0.0321582 
-0.0202521 -0.0407942 0.00199536 
-0.0329796 -0.0109285 0.0198545 
-0.026858 0.00495011 0.00799536 
-0.0764924 -0.0171489 0.0119954 
0.0423096 0.0348046 0.0114629 
0.0213544 0.0381499 0.07699540000000001 
-0.0453693 0.0613009 0.009722420000000001 
0.105893 0.0266195 0.07699540000000001 
-0.0564358 -0.0503 0.0315647 
0.0405202 0.0215251 0.0234174 
0.109999 -0.0263428 0.0709954 
0.101023 0.0377378 0.0794477 
-0.105697 0.0102684 0.0524954 
-0.0126148 0.0319877 0.0576594 
0.07037350000000001 0.0445166 0.0100661 
-0.0464236 0.0664867 0.0016135 
0.00195917 -0.0507778 0.0619294 
0.06822 -0.0503 0.0236319 
-0.0486791 -0.0108658 0.0830718 
0.0376235 0.0261954 0.0149331 
0.114288 -0.0252464 0.07899539999999999 
0.0225201 0.0363907 0.0206672 
0.0357493 0.0288595 0.0423794 
0.0427951 -0.0162511 0.0123139 
0.0995873 0.0137257 0.0349908 
-0.09970420000000001 0.0257642 0.0119954 
0.10528 0.0410255 0.0839954 
-0.0842873 -0.028 0.0471249 
0.0798505 -0.00808797 -4.64298e-06 
-0.0639836 -0.0503 0.0358986 
0.055894 0.0656036 0.0561042 
0.100446 0.0161222 0.0763963 
0.124872 -0.000360021 0.0127398 
-0.0317138 -0.0238777 0.0452716 
0.0411955 -0.0299669 0.0202569 
-0.0475331 0.0532354 0.00199536 
-0.0368293 0.008695029999999999 0.0596978 
-0.0407296 0.0492571 0.008177739999999999 
-0.06982869999999999 -0.0108315 0.0119954 
0.0325971 0.0220735 0.0219341 
0.00287351 0.0270607 0.00799536 
0.0912356 0.0397071 0.0207424 
-0.129229 0.0275382 0.0703244 
0.0746428 0.0484072 0.0200443 
-0.07720399999999999 0.0192998 0.07699540000000001 
-0.100474 -0.00910646 0.0119954 
0.0940238 -0.0233203 0.0709954 
0.120777 -0.0036807 0.07699540000000001 
-0.0365394 0.0103396 0.0704883 
0.058715 -0.028 0.0459484 
-0.0885005 0.018307 0.0456517 
0.0422248 0.0476082 0.0189954 
-0.0339207 -0.0377641 0.0692035 
0.00541385 0.0655 0.0588918 
-0.0401369 0.0543744 0.0037785 
0.0553415 -0.0503 0.0444074 
-0.0142945 -0.0349909 0.0721203 
-0.09074019999999999 0.0218618 0.0709954 
0.0935743 -0.0172858 0.0331001 
0.0341554 0.00419707 0.0548048 
0.016999 0.0123289 0.0431852 
-0.0247881 0.0385927 0.0210989 
-0.0437502 -0.0142866 0.0173972 
-0.0295537 0.0253941 0.07699540000000001 
-0.0266222 0.0551258 0.0139698 
-0.00433323 0.0180039 0.0859954 
-0.0435537 0.0146539 0.0373516 
0.0559152 0.0318968 0.0686354 
-0.0420638 0.00631939 0.0209592 
0.0456479 -0.0017633 0.0347022 
-0.12152 -0.0256754 0.0709954 
0.0457738 -0.00289815 0.0148637 
-0.0711318 0.008117630000000001 0.0270344 
0.0116996 0.0172819 0.0393157 
0.0137587 0.0436031 0.0133136 
0.0351376 0.0511079 0.0657925 
-0.047102 -0.0163408 0.00199536 
0.004348 0.0419824 0.0564665 
-0.077696 0.0413764 0.0119954 
-0.0586741 0.0406477 0.06546970000000001 
-0.0605938 -0.0490998 0.0173183 
0.122086 -0.00507407 0.0611927 
-0.0274734 -0.0289422 0.0579954 
0.0545369 0.0658921 0.0121722 
-0.0121487 0.027643 0.0413461 
-0.00769047 -0.0430494 0.0383058 
0.0375538 0.0260869 0.0178366 
0.0188232 0.0408777 0.0358678 
0.0231104 -0.00423423 0.00816953 
-0.122399 -0.0353472 0.0815644 
0.0247978 -0.0143955 0.0136812 
-0.0911202 0.0238175 0.0119954 
-0.0472787 0.066278 0.0623874 
0.041329 0.009428489999999999 0.0524469 
0.0204978 -0.0319992 0.0696981 
-0.0984382 0.0142979 0.00199536 
0.08071780000000001 -0.0352516 0.0669954 
0.0357899 0.0129831 0.0752381 
-0.07277690000000001 -0.0166924 0.0709954 
-0.0391263 -0.0178939 0.0169103 
0.00967781 0.0360922 0.0807375 
0.0897775 -0.0425 0.0294214 
0.0108907 0.0504097 0.0105473 
-0.0518629 -0.0185523 0.0833941 
-0.0886979 0.0398297 0.0352087 
-0.0652976 -0.0301112 0.0473183 
0.123464 0.0168677 0.0242095 
0.017641 -0.0267613 0.0413461 
-0.08565589999999999 -0.0477939 0.0521799 
-0.0507092 -0.00726003 0.0109954 
0.0341713 0.0263154 0.0392999 
0.0009458859999999999 -0.0459096 0.0158282 
0.0922254 0.020105 0.00199536 
-0.0044919 -0.034031 0.0740005 
-0.0283294 -0.0143633 0.0136812 
-0.0419937 0.06415990000000001 0.0511506 
0.0537305 0.0247843 0.00199536 
0.0987714 0.0142709 0.0222174 
-0.07855289999999999 -0.0490951 0.0473183 
-0.0626955 0.0207214 0.07699540000000001 
0.0683657 0.06661930000000001 0.0142812 
-0.0817981 -0.0341759 0.065992 
-0.0097102 -0.0448905 0.0445123 
-0.0459172 0.0287361 0.0719954 
0.0548751 0.0758042 0.0230967 
-0.107723 -0.00467619 0.0754097 
-0.0104325 -0.049838 0.0283852 
0.0352619 0.0714323 0.0262196 
0.12429 -0.0336922 0.0683038 
0.108327 0.0257203 0.0119954 
-0.105519 0.00256953 0.0199857 
0.095956 0.043928 0.0690123 
0.0151759 0.0488902 0.0354254 
-0.08210249999999999 -0.0174204 0.0409081 
0.0520439 0.0370302 0.0225685 
0.0285365 -0.0147897 0.0859954 
0.0152142 -0.0291149 0.0348422 
0.0231952 -0.0459725 0.00559252 
-0.0121828 -0.0323751 0.01748 
0.0427266 0.00132443 0.0709954 
0.0728279 0.0606778 0.0458117 
-0.0594775 0.0149904 -4.64298e-06 
0.0214242 -0.0130307 0.0136812 
-0.137371 0.00210157 0.0559759 
0.0736676 0.0581047 0.0448739 
-0.0562661 0.0385786 0.0243661 
-0.112633 -0.0343845 0.0839954 
0.0696657 -0.0503 0.0396056 
-0.000343341 0.0423076 0.0543449 
-0.0103883 -0.0447611 0.0405398 
0.0448053 -0.00698098 0.0839954 
-0.08735610000000001 0.049937 0.0719151 
-0.0651523 0.0167328 0.0532457 
0.11867 -0.0138129 0.0709954 
0.0421395 0.00456156 0.019207 
-0.0451819 0.00773176 0.017349 
-0.07528360000000001 -0.0483448 0.0838655 
-0.00191671 0.0246847 0.0421981 
-0.0875639 0.0484696 0.0839954 
0.00576931  0.051 0.0423686 
-0.00299026  0.051 0.041249 
0.0268816 0.0372951 0.0316947 
-0.0574435 -0.0187551 0.07899539999999999 
-0.0176076 0.0357669 0.00361903 
0.100638 -0.0153836 0.00726287 
0.0131663 0.0655 0.0646018 
0.0485474 0.0369813 0.00199536 
0.0685581 -0.008097439999999999 0.07664319999999999 
-0.0296922 0.0636275 0.0719954 
-0.00175496 0.037777 0.06758260000000001 
-0.00510087 -0.0441257 0.0464839 
-0.0487443 0.00380293 0.0109954 
-0.0528863 0.00300402 0.0775305 
0.07206410000000001 -0.028 0.0196564 
0.0373704 0.0704148 0.0719953 
0.0923074 0.0493993 0.0803652 
-0.0390703 0.0694077 0.0719954 
0.0843887 -0.0178871 0.0351612 
-0.07163070000000001 -0.028 0.0327541 
0.0194907 0.00122224 0.0859954 
0.00495483 0.0370628 0.08196349999999999 
0.134678 -0.0119878 0.0530251 
0.0234561 0.0195126 0.00799536 
-0.112869 0.039445 0.0516029 
-0.0322744 -0.0273934 0.0525178 
0.105967 1.31546e-05 0.0488883 
0.0189699 -0.00883199 0.040427 
-0.0235716 0.0422206 0.0109954 
0.0828127 0.0207413 0.0709954 
0.0699592 -0.0310327 0.0473183 
0.0666249 0.0361316 0.0709954 
-0.0381246 -0.0315295 0.00199536 
-0.0498527 0.0180748 0.0839954 
0.0183389 -0.044833 0.00199536 
0.0139321 0.040016 0.0162817 
-0.0919011 -0.0424583 0.0839954 
-0.0809786 -0.0385884 0.0669954 
0.06502860000000001 -0.00763215 0.0119954 
0.104151 0.0466746 0.0836542 
0.024615 -0.0286496 0.06999470000000001 
-0.0124575 0.0320388 0.06475980000000001 
0.113953 0.0424068 0.064445 
-0.0236168 -0.00403091 0.00799536 
-0.08706079999999999 0.033678 0.0604954 
-0.101055 -0.0231441 0.0119954 
0.0226209 -0.0116431 0.0413461 
-0.0221234 0.0366842 0.0249385 
0.0605396 0.014206 0.0119954 
0.09550400000000001 -0.039645 0.045127 
0.107415 -0.0156253 0.00495168 
0.0595316 0.0633799 0.0223821 
0.0806105 -0.028 0.0434036 
0.0734697 -0.0010364 0.00199536 
-0.0358938 0.0286481 0.0190542 
-0.0449787 0.0758745 0.0328709 
0.106662 0.0459351 0.079827 
0.0347688 0.00370306 0.00726226 
0.0239565 -0.00648959 0.00799536 
-0.0541484 0.00718258 0.07699540000000001 
0.07338020000000001 -0.00439756 0.00199536 
0.0177769 -0.0389787 0.020178 
0.0533108 0.0372895 0.0172172 
-0.0374546 0.0199818 0.054297 
0.0046952 0.0390863 0.0457324 
-0.126644 0.00745459 0.017267 
0.0406432 0.0117956 0.0514071 
-0.106555 0.00146934 0.00993489 
0.0651328 -0.00220643 0.0524954 
-0.0491754 0.008345150000000001 0.07899539999999999 
-0.0494173 -0.0145897 0.0024305 
0.107904 -0.0273582 0.0604954 
-0.038891 0.00672784 0.0498743 
-0.104159 0.0362982 0.0228631 
0.0370447 -0.0270766 0.0349347 
0.0426017 0.00466312 0.0274472 
3 421 524 684 
3 206 557 237 
3 557 41 237 
3 90 497 57 
3 90 989 997 
3 989 232 908 
3 563 430 340 
3 889 547 885 
3 547 41 885 
3 206 520 557 
3 524 347 684 
3 347 497 684 
3 347 923 57 
3 497 347 57 
3 412 524 963 
3 206 791 963 
3 497 490 684 
3 490 497 90 
3 807 90 57 
3 232 807 57 
3 807 989 90 
3 989 807 232 
3 974 793 2 
3 793 974 717 
3 793 340 2 
3 596 974 518 
3 974 596 717 
3 797 41 717 
3 797 596 518 
3 596 797 717 
3 655 423 2 
3 240 423 655 
3 974 638 518 
3 638 423 240 
3 638 974 2 
3 423 638 2 
3 490 780 331 
3 780 889 331 
3 595 989 908 
3 340 765 2 
3 631 190 66 
3 595 190 989 
3 989 198 997 
3 430 198 989 
3 889 446 421 
3 446 524 421 
3 446 889 885 
3 761 347 524 
3 412 761 524 
3 347 761 923 
3 923 761 963 
3 761 412 963 
3 889 979 331 
3 979 490 331 
3 490 979 684 
3 979 80 684 
3 80 979 889 
3 948 90 997 
3 490 948 997 
3 948 490 90 
3 362 490 997 
3 198 362 997 
3 923 140 57 
3 140 923 963 
3 791 140 963 
3 41 215 237 
3 797 215 41 
3 314 797 518 
3 702 314 518 
3 314 215 797 
3 702 164 237 
3 341 164 702 
3 310 240 655 
3 310 655 781 
3 638 272 518 
3 272 638 240 
3 558 612 563 
3 780 612 558 
3 612 780 490 
3 362 612 490 
3 612 362 198 
3 612 430 563 
3 612 198 430 
3 10 547 889 
3 780 10 889 
3 624 558 23 
3 624 780 558 
3 547 624 23 
3 10 624 547 
3 624 10 780 
3 630 611 66 
3 190 630 66 
3 630 190 595 
3 630 595 908 
3 232 630 908 
3 20 765 631 
3 765 20 2 
3 655 20 442 
3 20 655 2 
3 446 24 524 
3 966 446 885 
3 41 966 885 
3 966 24 446 
3 966 41 557 
3 520 966 557 
3 25 421 684 
3 80 25 684 
3 410 85 23 
3 85 547 23 
3 85 410 717 
3 41 85 717 
3 547 85 41 
3 8 791 206 
3 465 631 66 
3 946 702 237 
3 946 314 702 
3 215 946 237 
3 314 946 215 
3 3 171 893 
3 171 310 781 
3 171 3 240 
3 310 171 240 
3 17 702 518 
3 272 17 518 
3 170 272 240 
3 170 3 893 
3 3 170 240 
3 170 17 272 
3 702 170 893 
3 17 170 702 
3 91 430 989 
3 190 91 989 
3 524 980 963 
3 24 980 524 
3 582 966 520 
3 966 582 24 
3 582 980 24 
3 980 582 963 
3 582 206 963 
3 582 520 206 
3 210 80 889 
3 210 25 80 
3 210 889 421 
3 25 210 421 
3 709 140 791 
3 8 709 791 
3 171 126 893 
3 126 702 893 
3 126 341 702 
3 126 206 237 
3 164 126 237 
3 126 164 341 
3 921 171 781 
3 321 91 190 
3 321 190 631 
3 765 321 631 
3 321 765 340 
3 430 321 340 
3 91 321 430 
3 126 556 206 
3 556 126 171 
3 921 556 171 
3 715 655 442 
3 655 715 781 
3 715 921 781 
3 492 715 442 
3 465 492 631 
3 20 492 442 
3 492 20 631 
3 492 465 66 
3 297 630 232 
3 297 232 57 
3 140 297 57 
3 854 492 66 
3 492 854 567 
3 646 556 921 
3 715 503 921 
3 492 503 715 
3 503 492 567 
3 630 352 611 
3 297 352 630 
3 352 297 567 
3 854 352 567 
3 611 352 66 
3 352 854 66 
3 646 900 556 
3 556 900 206 
3 900 8 206 
3 289 297 140 
3 495 646 921 
3 503 495 921 
3 495 503 646 
3 289 911 297 
3 297 911 567 
3 911 503 567 
3 911 289 646 
3 503 911 646 
3 410 563 340 
3 793 410 340 
3 410 558 563 
3 410 793 717 
3 558 410 23 
3 289 709 8 
3 709 289 140 
3 289 900 646 
3 900 289 8 
Vertices and facets:
- p524(v26): 0.049 0.076  0.07
  neighbors: f100 f213 f219 f332 f346 f347 f450 f520 f521
- p421(v8): 0.052 0.076 0.047
  neighbors: f100 f331 f332 f459 f532 f533
- p684(v2): -0.049 0.076 0.057
  neighbors: f100 f213 f215 f225 f356 f357 f459 f460
- p206(v27):  0.13 0.021 0.084
  neighbors: f104 f209 f223 f466 f528 f529 f547 f576 f651 f654
- p557(v13):  0.13 0.025 0.062
  neighbors: f104 f149 f209 f455 f456
- p237(v1):  0.14 -0.00081  0.07
  neighbors: f104 f149 f384 f393 f488 f490 f547 f550
- p41(v35):  0.12 0.016 0.016
  neighbors: f149 f204 f261 f384 f385 f452 f455 f464 f465
- p497(v38): -0.068 0.069 0.063
  neighbors: f168 f215 f217 f225 f228
- p90(v20): -0.12 0.034 0.065
  neighbors: f168 f174 f228 f236 f238 f359 f361
- p57(v6): -0.12 0.038 0.084
  neighbors: f168 f216 f217 f236 f237 f367 f613 f616
- p989(v40): -0.13 0.0075 0.017
  neighbors: f174 f178 f238 f239 f303 f322 f329 f330 f516 f517
- p997(v11):  -0.1 0.036 0.023
  neighbors: f174 f329 f359 f360 f362 f364
- p232(v30): -0.13 0.017  0.07
  neighbors: f178 f237 f239 f432 f612 f613
- p908(v0): -0.14 0.0021 0.056
  neighbors: f178 f303 f431 f432
- p430(v42):  -0.1 0.018 2e-05
  neighbors: f189 f330 f418 f419 f516 f570 f571
- p563(v22): -0.064 0.053 -4.6e-06
  neighbors: f189 f413 f418 f667 f669
- p340(v12): -0.089 0.0029 -4.6e-06
  neighbors: f189 f257 f316 f569 f570 f667 f668
- p547(v44): 0.059 0.062 0.0014
  neighbors: f202 f204 f420 f425 f426 f462 f465
- p889(v43): 0.055 0.076 0.023
  neighbors: f202 f299 f331 f334 f354 f358 f420 f421 f530 f532
- p885(v24): 0.068 0.067 0.014
  neighbors: f202 f204 f334 f451 f452
- p520(v45):  0.13 0.032 0.069
  neighbors: f209 f456 f524 f529
- p347(v46): -0.048 0.076 0.068
  neighbors: f213 f215 f216 f217 f346 f348
- p923(v25): -0.088 0.048 0.084
  neighbors: f216 f348 f349 f367 f371
- p412(v47): 0.043 0.073 0.072
  neighbors: f219 f347 f350
- p963(v14):   0.1 0.047 0.084
  neighbors: f219 f223 f349 f350 f371 f372 f520 f527 f528
- p791(v48):  0.11 0.041 0.084
  neighbors: f223 f372 f466 f534 f535
- p490(v49): -0.064 0.072 0.019
  neighbors: f225 f228 f298 f355 f356 f360 f361 f362 f415 f416
- p807(v51): -0.13 0.028  0.07
  neighbors: f236 f237 f238 f239
- p793(v54):  0.08 -0.0081 -4.6e-06
  neighbors: f253 f254 f257 f668 f670
- p974(v33):  0.11 -0.016 0.005
  neighbors: f253 f254 f259 f260 f290 f294
- p2(v5): 0.016 -0.048 0.002
  neighbors: f253 f257 f286 f294 f295 f316 f439 f441
- p717(v18):   0.1 0.013 -4.6e-06
  neighbors: f254 f260 f261 f263 f463 f464 f670
- p596(v55):  0.11 -0.0079 0.0054
  neighbors: f259 f260 f262 f263
- p518(v10):  0.12 -0.011 0.013
  neighbors: f259 f262 f290 f388 f389 f408 f504 f505
- p797(v56):  0.12 -0.00036 0.013
  neighbors: f261 f262 f263 f385 f388 f390
- p423(v61): 0.079 -0.05 0.024
  neighbors: f286 f287 f293 f295
- p655(v29): -0.049 -0.052 0.022
  neighbors: f286 f287 f404 f406 f440 f441 f584 f585
- p240(v37): 0.086 -0.05 0.028
  neighbors: f287 f293 f404 f412 f497 f500 f508 f510
- p638(v62): 0.095 -0.039 0.016
  neighbors: f290 f293 f294 f295 f408 f412
- p780(v63): -0.046 0.066 0.0016
  neighbors: f298 f299 f414 f415 f421 f424 f427
- p331(v28): -0.052 0.071 0.012
  neighbors: f298 f299 f354 f355
- p595(v64): -0.14 -0.0048 0.054
  neighbors: f303 f322 f430 f431
- p765(v67): -0.02 -0.041 0.002
  neighbors: f316 f437 f439 f568 f569
- p190(v68): -0.12 -0.007 0.013
  neighbors: f320 f322 f429 f430 f517 f566 f567
- p631(v41): -0.094 -0.038 0.014
  neighbors: f320 f437 f485 f567 f568 f607 f609
- p66(v32): -0.13 -0.029 0.052
  neighbors: f320 f428 f429 f485 f610 f622 f644 f645
- p198(v69): -0.11 0.018 0.012
  neighbors: f329 f330 f364 f417 f419
- p446(v70): 0.064 0.072 0.025
  neighbors: f331 f332 f334 f450 f451 f454
- p761(v74): -0.0067 0.074 0.073
  neighbors: f346 f347 f348 f349 f350
- p979(v76): -0.045 0.076 0.033
  neighbors: f354 f355 f356 f357 f358
- p80(v71): 0.046 0.076  0.03
  neighbors: f357 f358 f460 f530 f531
- p948(v77): -0.11 0.039 0.052
  neighbors: f359 f360 f361
- p362(v78): -0.072 0.061 0.015
  neighbors: f362 f364 f416 f417
- p140(v79): -0.0058 0.036 0.086
  neighbors: f367 f371 f372 f534 f616 f656 f675
- p215(v82):  0.13 0.0021 0.023
  neighbors: f384 f385 f390 f490 f491
- p314(v83):  0.13 -0.0079 0.019
  neighbors: f388 f389 f390 f489 f491
- p702(v57):  0.13 -0.018 0.057
  neighbors: f389 f393 f395 f488 f489 f504 f512 f513 f545 f546
- p164(v84):  0.13 -0.016  0.07
  neighbors: f393 f395 f550 f551
- p341(v58):  0.13 -0.018 0.072
  neighbors: f395 f546 f551
- p310(v87): 0.049 -0.051 0.042
  neighbors: f404 f406 f496 f500
- p781(v9): 0.002 -0.051 0.062
  neighbors: f406 f496 f552 f585 f586
- p272(v88):  0.11 -0.03 0.028
  neighbors: f408 f412 f505 f508 f511
- p612(v89): -0.065 0.055 0.00024
  neighbors: f413 f414 f415 f416 f417 f418 f419
- p558(v39): -0.04 0.059 -4.6e-06
  neighbors: f413 f414 f423 f424 f669 f671
- p10(v90): 0.043 0.071 0.012
  neighbors: f420 f421 f426 f427
- p624(v91): 0.043 0.062 0.00036
  neighbors: f423 f424 f425 f426 f427
- p23(v3):  0.05  0.06 -4.6e-06
  neighbors: f423 f425 f461 f462 f671
- p630(v92): -0.14 -0.011 0.059
  neighbors: f428 f429 f430 f431 f432 f612 f640 f641
- p611(v53): -0.13 -0.024 0.065
  neighbors: f428 f640 f644
- p20(v94): -0.071 -0.049 0.017
  neighbors: f437 f439 f440 f441 f608 f609
- p442(v16): -0.073 -0.05 0.031
  neighbors: f440 f584 f604 f608
- p24(v96):  0.11 0.045 0.076
  neighbors: f450 f454 f521 f525 f526
- p966(v97):  0.11 0.042 0.064
  neighbors: f451 f452 f454 f455 f456 f524 f525
- p25(v98): 0.052 0.076 0.043
  neighbors: f459 f460 f531 f533
- p85(v99): 0.063 0.058 0.00085
  neighbors: f461 f462 f463 f464 f465
- p410(v72): 0.073 0.043 -4.6e-06
  neighbors: f461 f463 f667 f668 f669 f670 f671
- p8(v100): 0.025 0.013 0.086
  neighbors: f466 f535 f654 f674 f677
- p465(v103): -0.11 -0.037  0.05
  neighbors: f485 f607 f610
- p946(v104):  0.13 -0.012 0.053
  neighbors: f488 f489 f490 f491
- p171(v105): 0.094 -0.049 0.079
  neighbors: f492 f496 f497 f500 f544 f552 f578 f579
- p3(v85): 0.096 -0.049 0.055
  neighbors: f492 f497 f509 f510
- p893(v36):  0.12 -0.034 0.068
  neighbors: f492 f509 f512 f544 f545
- p17(v106):  0.12 -0.021 0.026
  neighbors: f504 f505 f511 f513
- p170(v107):  0.12 -0.034 0.052
  neighbors: f508 f509 f510 f511 f512 f513
- p91(v108): -0.11 0.0022 0.0025
  neighbors: f516 f517 f566 f571
- p980(v109):  0.11 0.046  0.08
  neighbors: f520 f521 f526 f527
- p582(v110):  0.12  0.04 0.073
  neighbors: f524 f525 f526 f527 f528 f529
- p210(v111): 0.054 0.076 0.029
  neighbors: f530 f531 f532 f533
- p709(v112): 0.014 0.022 0.086
  neighbors: f534 f535 f674 f675
- p126(v115):  0.13 -0.025 0.082
  neighbors: f544 f545 f546 f547 f550 f551 f576 f578
- p921(v116): -0.075 -0.048 0.084
  neighbors: f552 f579 f586 f628 f634 f659 f660
- p321(v117):  -0.1 -0.016 0.0015
  neighbors: f566 f567 f568 f569 f570 f571
- p556(v119):   0.1 -0.037 0.084
  neighbors: f576 f578 f579 f628 f650 f651
- p715(v120): -0.08 -0.049 0.065
  neighbors: f584 f585 f586 f604 f634 f635
- p492(v123): -0.11 -0.044 0.073
  neighbors: f604 f607 f608 f609 f610 f622 f623 f635 f636
- p297(v124): -0.13 -0.017 0.084
  neighbors: f612 f613 f616 f641 f642 f656 f662 f663
- p854(v125): -0.12 -0.035 0.082
  neighbors: f622 f623 f643 f645
- p567(v121): -0.12 -0.036 0.083
  neighbors: f623 f636 f642 f643 f663 f664
- p646(v127): -0.0023 -0.034 0.086
  neighbors: f628 f650 f659 f661 f665 f666 f676
- p503(v128): -0.09 -0.047 0.084
  neighbors: f634 f635 f636 f660 f661 f664 f666
- p352(v129): -0.13 -0.029 0.073
  neighbors: f640 f641 f642 f643 f644 f645
- p900(v131): 0.029 -0.015 0.086
  neighbors: f650 f651 f654 f676 f677
- p289(v132): -0.016 -0.027 0.086
  neighbors: f656 f662 f665 f674 f675 f676 f677
- p495(v133): -0.079 -0.048 0.084
  neighbors: f659 f660 f661
- p911(v134): -0.11 -0.034 0.084
  neighbors: f662 f663 f664 f665 f666
- f100
    - flags: bottom simplicial
    - normal:  0.000616        1 -0.003158
    - offset: -0.07618091
    - vertices: p524(v26) p421(v8) p684(v2)
    - neighboring facets: f459 f213 f332
- f104
    - flags: top simplicial
    - normal:    0.9449   0.2877   0.1565
    - offset: -0.1405605
    - vertices: p206(v27) p557(v13) p237(v1)
    - neighboring facets: f149 f547 f209
- f149
    - flags: bottom simplicial
    - normal:    0.9644   0.1869  -0.1873
    - offset: -0.1191617
    - vertices: p41(v35) p557(v13) p237(v1)
    - neighboring facets: f104 f384 f455
- f168
    - flags: bottom simplicial
    - normal:   -0.5268   0.8494  0.03001
    - offset: -0.09611254
    - vertices: p497(v38) p90(v20) p57(v6)
    - neighboring facets: f236 f217 f228
- f174
    - flags: bottom simplicial
    - normal:   -0.7222   0.6218  -0.3031
    - offset: -0.09085886
    - center: -0.118327 0.02585719666666667 0.0352006 
    - vertices: p989(v40) p90(v20) p997(v11)
    - neighboring facets: f359 f329 f238
- f178
    - flags: top simplicial
    - normal:   -0.9115   0.3578  -0.2031
    - offset: -0.1145904
    - vertices: p989(v40) p232(v30) p908(v0)
    - neighboring facets: f432 f303 f239
- f189
    - flags: bottom simplicial tested seen
    - normal:  -0.001403 0.0006843       -1
    - offset: -0.0001315994
    - center: -0.08435179999999999 0.02481245666666667 3.694079999999974e-06 
    - vertices: p430(v42) p563(v22) p340(v12)
    - neighboring facets: f667 f570 f418
    - ridges:
- f202
    - flags: bottom simplicial tested
    - normal:    0.2542   0.8375  -0.4836
    - offset: -0.06626918
    - center: 0.06084053333333334 0.06812896666666667 0.01294021333333333 
    - vertices: p547(v44) p889(v43) p885(v24)
    - neighboring facets: f334 f204 f420
- f204
    - flags: top simplicial tested
    - normal:    0.5473   0.5843  -0.5992
    - offset: -0.0677866
    - center: 0.08368716666666667 0.04833013333333335 0.01043984666666665 
    - vertices: p547(v44) p41(v35) p885(v24)
    - neighboring facets: f452 f202 f465
- f209
    - flags: bottom simplicial
    - normal:    0.8767   0.4474   0.1766
    - offset: -0.1368396
    - vertices: p520(v45) p206(v27) p557(v13)
    - neighboring facets: f104 f456 f529
- f213
    - flags: bottom simplicial
    - normal:  -0.002055   0.9999  0.01682
    - offset: -0.07743609
    - vertices: p347(v46) p524(v26) p684(v2)
    - neighboring facets: f100 f215 f346
- f215
    - flags: top simplicial
    - normal:   -0.3525   0.9336   0.0638
    - offset: -0.09225808
    - vertices: p347(v46) p497(v38) p684(v2)
    - neighboring facets: f225 f213 f217
- f216
    - flags: top simplicial seen
    - normal:   -0.2738   0.7419   0.6121
    - offset: -0.1113455
    - center: -0.08404800000000001 0.05408763333333332 0.07875903333333333 
    - vertices: p347(v46) p923(v25) p57(v6)
    - neighboring facets: f367 f217 f348
    - ridges:
- f217
    - flags: bottom simplicial
    - normal:   -0.3996   0.8544    0.332
    - offset: -0.1067781
    - vertices: p347(v46) p497(v38) p57(v6)
    - neighboring facets: f168 f216 f215
- f219
    - flags: top simplicial
    - normal:    0.0529   0.4993   0.8648
    - offset: -0.1011591
    - vertices: p412(v47) p524(v26) p963(v14)
    - neighboring facets: f520 f350 f347
- f223
    - flags: bottom simplicial tested
    - normal:   0.06294   0.0727   0.9954
    - offset: -0.09321504
    - center: 0.1126363333333333 0.03621373333333333 0.08388166666666667 
    - vertices: p791(v48) p206(v27) p963(v14)
    - neighboring facets: f528 f372 f466
    - ridges:
- f225
    - flags: bottom simplicial
    - normal:   -0.3607    0.932  0.03556
    - offset: -0.09093465
    - vertices: p490(v49) p497(v38) p684(v2)
    - neighboring facets: f215 f356 f228
- f228
    - flags: top simplicial
    - normal:   -0.5276   0.8494  0.01462
    - offset: -0.09519424
    - vertices: p490(v49) p497(v38) p90(v20)
    - neighboring facets: f168 f361 f225
- f236
    - flags: top simplicial
    - normal:   -0.7174    0.683   0.1374
    - offset: -0.1211716
    - vertices: p807(v51) p90(v20) p57(v6)
    - neighboring facets: f168 f237 f238
- f237
    - flags: bottom simplicial
    - normal:   -0.8112   0.3835   0.4414
    - offset: -0.1464358
    - center: -0.1268793333333333 0.0275384 0.07464306666666666 
    - vertices: p807(v51) p232(v30) p57(v6)
    - neighboring facets: f613 f236 f239
- f238
    - flags: top simplicial
    - normal:   -0.8373   0.4966  -0.2288
    - offset:  -0.105789
    - vertices: p807(v51) p989(v40) p90(v20)
    - neighboring facets: f174 f236 f239
- f239
    - flags: bottom simplicial
    - normal:   -0.8632   0.4568   -0.215
    - offset: -0.1090148
    - vertices: p807(v51) p989(v40) p232(v30)
    - neighboring facets: f178 f237 f238
- f253
    - flags: bottom simplicial tested
    - normal:    0.1117  -0.2277  -0.9673
    - offset: -0.01076332
    - center: 0.0676961 -0.02390209 0.002314132340000001 
    - vertices: p793(v54) p974(v33) p2(v5)
    - neighboring facets: f294 f257 f254
- f254
    - flags: top simplicial tested seen
    - normal:    0.1357  -0.1479  -0.9797
    - offset: -0.01203773
    - center: 0.0967465 -0.003524956666666667 0.00164746468 
    - vertices: p793(v54) p974(v33) p717(v18)
    - neighboring facets: f260 f670 f253
    - ridges:
- f257
    - flags: top simplicial tested seen
    - normal:  -0.002946 -0.04534   -0.999
    - offset: -0.0001361014
    - center: 0.002189833333333337 -0.01773023333333333 0.00066202468 
    - vertices: p793(v54) p340(v12) p2(v5)
    - neighboring facets: f316 f253 f668
    - ridges:
- f259
    - flags: top simplicial
    - normal:      0.48  -0.2072  -0.8524
    - offset: -0.05057957
    - vertices: p596(v55) p974(v33) p518(v10)
    - neighboring facets: f290 f262 f260
- f260
    - flags: bottom simplicial
    - normal:    0.3144  -0.1139  -0.9424
    - offset: -0.03088075
    - vertices: p596(v55) p974(v33) p717(v18)
    - neighboring facets: f254 f263 f259
- f261
    - flags: top simplicial
    - normal:    0.5772   0.1856  -0.7952
    - offset: -0.06188036
    - center: 0.117087 0.009728693 0.009443585673333341 
    - vertices: p797(v56) p41(v35) p717(v18)
    - neighboring facets: f464 f263 f385
- f262
    - flags: top simplicial
    - normal:    0.5137 -0.07522  -0.8547
    - offset: -0.05328351
    - vertices: p797(v56) p596(v55) p518(v10)
    - neighboring facets: f259 f388 f263
- f263
    - flags: bottom simplicial
    - normal:    0.4925 -0.02251    -0.87
    - offset: -0.05042038
    - vertices: p797(v56) p596(v55) p717(v18)
    - neighboring facets: f260 f261 f262
- f286
    - flags: bottom simplicial
    - normal:   0.01193    -0.99  -0.1404
    - offset: -0.04742325
    - vertices: p423(v61) p655(v29) p2(v5)
    - neighboring facets: f441 f295 f287
- f287
    - flags: bottom simplicial
    - normal:   0.01066  -0.9998 -0.01787
    - offset: -0.05070677
    - vertices: p423(v61) p240(v37) p655(v29)
    - neighboring facets: f404 f286 f293
- f290
    - flags: bottom simplicial
    - normal:    0.4976  -0.5684  -0.6552
    - offset: -0.0590912
    - vertices: p638(v62) p974(v33) p518(v10)
    - neighboring facets: f259 f408 f294
- f293
    - flags: top simplicial
    - normal:    0.3104  -0.7958    -0.52
    - offset: -0.05218233
    - vertices: p638(v62) p423(v61) p240(v37)
    - neighboring facets: f287 f412 f295
- f294
    - flags: top simplicial
    - normal:    0.2044  -0.5017  -0.8405
    - offset: -0.02563795
    - vertices: p638(v62) p974(v33) p2(v5)
    - neighboring facets: f253 f295 f290
- f295
    - flags: bottom simplicial
    - normal:    0.1988   -0.728  -0.6561
    - offset: -0.03677501
    - vertices: p638(v62) p423(v61) p2(v5)
    - neighboring facets: f286 f294 f293
- f298
    - flags: bottom simplicial tested
    - normal:   -0.2838   0.7944   -0.537
    - offset: -0.06512589
    - center: -0.0541799 0.07001926666666668 0.01093836666666667 
    - vertices: p780(v63) p490(v49) p331(v28)
    - neighboring facets: f355 f299 f415
- f299
    - flags: top simplicial tested
    - normal:  0.006211   0.9064  -0.4224
    - offset: -0.05929298
    - center: -0.0146599 0.0712245 0.01224703333333334 
    - vertices: p780(v63) p889(v43) p331(v28)
    - neighboring facets: f354 f298 f421
- f303
    - flags: top simplicial
    - normal:   -0.9635 -0.00585  -0.2678
    - offset: -0.1173482
    - vertices: p595(v64) p989(v40) p908(v0)
    - neighboring facets: f178 f431 f322
- f316
    - flags: bottom simplicial
    - normal:   -0.0133 -0.06663  -0.9977
    - offset: -0.0009968599
    - vertices: p765(v67) p340(v12) p2(v5)
    - neighboring facets: f257 f439 f569
- f320
    - flags: bottom simplicial
    - normal:   -0.6611   -0.645  -0.3832
    - offset: -0.08172661
    - vertices: p190(v68) p631(v41) p66(v32)
    - neighboring facets: f485 f429 f567
- f322
    - flags: bottom simplicial
    - normal:   -0.9542 -0.07751   -0.289
    - offset: -0.1152718
    - vertices: p190(v68) p595(v64) p989(v40)
    - neighboring facets: f303 f517 f430
- f329
    - flags: bottom simplicial
    - normal:   -0.6255   0.5873  -0.5137
    - offset: -0.07471888
    - vertices: p198(v69) p989(v40) p997(v11)
    - neighboring facets: f174 f364 f330
- f330
    - flags: bottom simplicial
    - normal:   -0.5968   0.4865  -0.6381
    - offset: -0.06818598
    - center: -0.1128466666666667 0.01453426333333334 0.00976092273333333 
    - vertices: p198(v69) p430(v42) p989(v40)
    - neighboring facets: f516 f329 f419
- f331
    - flags: bottom simplicial
    - normal:     0.376   0.9262   0.0296
    - offset: -0.09152198
    - vertices: p446(v70) p889(v43) p421(v8)
    - neighboring facets: f532 f332 f334
- f332
    - flags: top simplicial
    - normal:    0.4052    0.913  0.04797
    - offset: -0.09288567
    - vertices: p446(v70) p524(v26) p421(v8)
    - neighboring facets: f100 f331 f450
- f334
    - flags: top simplicial
    - normal:    0.4107   0.8688  -0.2767
    - offset: -0.08200537
    - vertices: p446(v70) p889(v43) p885(v24)
    - neighboring facets: f202 f451 f331
- f346
    - flags: top simplicial
    - normal:  -0.01102   0.8172   0.5762
    - offset: -0.1021447
    - vertices: p761(v74) p347(v46) p524(v26)
    - neighboring facets: f213 f347 f348
- f347
    - flags: bottom simplicial
    - normal:   0.01307   0.5569   0.8304
    - offset: -0.1012123
    - vertices: p761(v74) p412(v47) p524(v26)
    - neighboring facets: f219 f346 f350
- f348
    - flags: bottom simplicial
    - normal:  -0.05354   0.5496   0.8337
    - offset: -0.1013551
    - vertices: p761(v74) p347(v46) p923(v25)
    - neighboring facets: f216 f349 f346
- f349
    - flags: bottom simplicial
    - normal:  0.005369   0.3992   0.9169
    - offset: -0.09588969
    - vertices: p761(v74) p923(v25) p963(v14)
    - neighboring facets: f371 f350 f348
- f350
    - flags: top simplicial
    - normal:   0.01276   0.4247   0.9053
    - offset: -0.09687925
    - vertices: p761(v74) p412(v47) p963(v14)
    - neighboring facets: f219 f349 f347
- f354
    - flags: bottom simplicial
    - normal:  -0.01929   0.9788  -0.2041
    - offset: -0.06842297
    - vertices: p979(v76) p889(v43) p331(v28)
    - neighboring facets: f299 f355 f358
- f355
    - flags: top simplicial
    - normal:  -0.05202   0.9799  -0.1926
    - offset: -0.07035802
    - vertices: p979(v76) p490(v49) p331(v28)
    - neighboring facets: f298 f354 f356
- f356
    - flags: bottom simplicial
    - normal:   -0.1586   0.9861 -0.04875
    - offset: -0.08035415
    - vertices: p979(v76) p490(v49) p684(v2)
    - neighboring facets: f225 f357 f355
- f357
    - flags: top simplicial
    - normal:  -0.003018   0.9998 -0.02211
    - offset: -0.07526462
    - vertices: p979(v76) p80(v71) p684(v2)
    - neighboring facets: f460 f356 f358
- f358
    - flags: bottom simplicial
    - normal:  -0.003679    0.999 -0.04477
    - offset: -0.07449169
    - vertices: p979(v76) p80(v71) p889(v43)
    - neighboring facets: f530 f354 f357
- f359
    - flags: top simplicial
    - normal:   -0.6806   0.6769  -0.2804
    - offset: -0.08904951
    - vertices: p948(v77) p90(v20) p997(v11)
    - neighboring facets: f174 f360 f361
- f360
    - flags: bottom simplicial
    - normal:   -0.6518   0.7068  -0.2749
    - offset: -0.08726215
    - vertices: p948(v77) p490(v49) p997(v11)
    - neighboring facets: f362 f359 f361
- f361
    - flags: top simplicial
    - normal:   -0.6368   0.7392  -0.2194
    - offset: -0.08970882
    - vertices: p948(v77) p490(v49) p90(v20)
    - neighboring facets: f228 f359 f360
- f362
    - flags: top simplicial
    - normal:   -0.6197   0.6543  -0.4335
    - offset: -0.07838787
    - center: -0.07991693333333334 0.05663750000000001 0.01890466666666666 
    - vertices: p362(v78) p490(v49) p997(v11)
    - neighboring facets: f360 f364 f416
- f364
    - flags: bottom simplicial
    - normal:   -0.5979   0.5912  -0.5412
    - offset: -0.07136517
    - center: -0.09615396666666667 0.03858070000000001 0.01651289999999999 
    - vertices: p362(v78) p198(v69) p997(v11)
    - neighboring facets: f329 f362 f417
- f367
    - flags: bottom simplicial
    - normal:  -0.01727  0.04681   0.9988
    - offset: -0.08767213
    - center: -0.07014583666666667 0.0406727 0.08466206666666666 
    - vertices: p140(v79) p923(v25) p57(v6)
    - neighboring facets: f216 f616 f371
- f371
    - flags: top simplicial
    - normal:  0.003433   0.1796   0.9837
    - offset: -0.0910351
    - vertices: p140(v79) p923(v25) p963(v14)
    - neighboring facets: f349 f372 f367
- f372
    - flags: bottom simplicial
    - normal:   0.01507  0.06328   0.9979
    - offset: -0.08800069
    - vertices: p140(v79) p791(v48) p963(v14)
    - neighboring facets: f223 f371 f534
- f384
    - flags: bottom simplicial
    - normal:    0.9657   0.1758  -0.1911
    - offset: -0.1190844
    - vertices: p215(v82) p41(v35) p237(v1)
    - neighboring facets: f149 f490 f385
- f385
    - flags: bottom simplicial
    - normal:    0.9518     0.13  -0.2778
    - offset: -0.1152679
    - vertices: p215(v82) p797(v56) p41(v35)
    - neighboring facets: f261 f384 f390
- f388
    - flags: top simplicial
    - normal:    0.8879  -0.1449  -0.4366
    - offset: -0.1053681
    - vertices: p314(v83) p797(v56) p518(v10)
    - neighboring facets: f262 f389 f390
- f389
    - flags: bottom simplicial
    - normal:    0.8497  -0.4441  -0.2842
    - offset: -0.1057752
    - vertices: p314(v83) p702(v57) p518(v10)
    - neighboring facets: f504 f388 f489
- f390
    - flags: top simplicial
    - normal:    0.9667  0.02173  -0.2549
    - offset: -0.1174629
    - vertices: p314(v83) p215(v82) p797(v56)
    - neighboring facets: f385 f388 f491
- f393
    - flags: bottom simplicial
    - normal:    0.9858  -0.1648 -0.03195
    - offset: -0.1333103
    - vertices: p164(v84) p702(v57) p237(v1)
    - neighboring facets: f488 f550 f395
- f395
    - flags: bottom simplicial
    - normal:    0.9301  -0.3674 -6.55e-06
    - offset: -0.1312619
    - vertices: p164(v84) p341(v58) p702(v57)
    - neighboring facets: f546 f393 f551
- f404
    - flags: top simplicial
    - normal:   0.01062  -0.9998 -0.01696
    - offset: -0.05072975
    - vertices: p310(v87) p240(v37) p655(v29)
    - neighboring facets: f287 f406 f500
- f406
    - flags: top simplicial
    - normal:  0.003931  -0.9999  0.01659
    - offset: -0.05180544
    - vertices: p310(v87) p655(v29) p781(v9)
    - neighboring facets: f585 f496 f404
- f408
    - flags: bottom simplicial
    - normal:    0.5997  -0.6483   -0.469
    - offset: -0.07485868
    - vertices: p272(v88) p638(v62) p518(v10)
    - neighboring facets: f290 f505 f412
- f412
    - flags: top simplicial
    - normal:    0.5577  -0.7703  -0.3091
    - offset: -0.07810688
    - vertices: p272(v88) p638(v62) p240(v37)
    - neighboring facets: f293 f508 f408
- f413
    - flags: bottom simplicial tested seen
    - normal:  -0.02732   0.1277  -0.9914
    - offset: -0.008586335
    - center: -0.05647496666666666 0.0557489 7.593301333333298e-05 
    - vertices: p612(v89) p558(v39) p563(v22)
    - neighboring facets: f669 f418 f414
    - ridges:
- f414
    - flags: bottom simplicial tested
    - normal:  -0.03382   0.1753  -0.9839
    - offset: -0.01163983
    - center: -0.05046563333333334 0.06010546666666666 0.0006153140066666662 
    - vertices: p612(v89) p780(v63) p558(v39)
    - neighboring facets: f424 f413 f415
- f415
    - flags: top simplicial tested
    - normal:   -0.3829   0.6994  -0.6035
    - offset: -0.06330037
    - center: -0.05832270000000001 0.06462723333333333 0.007007094999999996 
    - vertices: p612(v89) p780(v63) p490(v49)
    - neighboring facets: f298 f416 f414
- f416
    - flags: bottom simplicial tested
    - normal:   -0.5437   0.6413  -0.5414
    - offset: -0.07053901
    - center: -0.06681713333333333 0.06294026666666667 0.01136266166666667 
    - vertices: p612(v89) p362(v78) p490(v49)
    - neighboring facets: f362 f415 f417
- f417
    - flags: top simplicial tested
    - normal:   -0.5961   0.5897  -0.5448
    - offset: -0.07109335
    - center: -0.08305416666666667 0.04488346666666667 0.008970894999999998 
    - vertices: p612(v89) p362(v78) p198(v69)
    - neighboring facets: f364 f419 f416
- f418
    - flags: top simplicial tested
    - normal:   -0.1099   0.1084   -0.988
    - offset: -0.01287634
    - center: -0.0762704 0.0422512 8.427007333333321e-05 
    - vertices: p612(v89) p430(v42) p563(v22)
    - neighboring facets: f189 f413 f419
- f419
    - flags: top simplicial tested
    - normal:   -0.5749   0.5407  -0.6141
    - offset: -0.06699495
    - center: -0.09225186666666667 0.03045156666666666 0.004084284400000004 
    - vertices: p612(v89) p198(v69) p430(v42)
    - neighboring facets: f330 f418 f417
- f420
    - flags: top simplicial
    - normal:    0.1067   0.8475    -0.52
    - offset: -0.05808563
    - center: 0.05226633333333334 0.06946653333333333 0.01223251333333335 
    - vertices: p10(v90) p547(v44) p889(v43)
    - neighboring facets: f202 f421 f426
- f421
    - flags: bottom simplicial
    - normal:  0.009787   0.8997  -0.4364
    - offset: -0.05866073
    - center: 0.01703153333333333 0.07097429999999999 0.01228943333333334 
    - vertices: p10(v90) p780(v63) p889(v43)
    - neighboring facets: f299 f420 f427
- f423
    - flags: top simplicial tested seen
    - normal:  -0.001354    0.123  -0.9924
    - offset: -0.007270988
    - center: 0.01758573333333333 0.06024276666666666 0.00011737568 
    - vertices: p624(v91) p558(v39) p23(v3)
    - neighboring facets: f671 f425 f424
    - ridges:
- f424
    - flags: top simplicial tested
    - normal:  -0.004884   0.1978  -0.9802
    - offset: -0.01179567
    - center: -0.01447513333333333 0.0625341 0.0006567566733333347 
    - vertices: p624(v91) p780(v63) p558(v39)
    - neighboring facets: f414 f423 f427
- f425
    - flags: bottom simplicial tested
    - normal:   0.07331   0.2905  -0.9541
    - offset: -0.02096931
    - center: 0.05071723333333333 0.06135616666666666 0.0005998366733333345 
    - vertices: p624(v91) p547(v44) p23(v3)
    - neighboring facets: f462 f423 f426
- f426
    - flags: bottom simplicial tested
    - normal:    0.0647   0.8226   -0.565
    - offset: -0.0539887
    - center: 0.04834526666666666 0.06502926666666665 0.00465408433333334 
    - vertices: p624(v91) p10(v90) p547(v44)
    - neighboring facets: f420 f425 f427
- f427
    - flags: top simplicial tested
    - normal:    0.0288   0.8233  -0.5669
    - offset: -0.05248528
    - center: 0.01311046666666667 0.06653703333333333 0.004711004333333331 
    - vertices: p624(v91) p10(v90) p780(v63)
    - neighboring facets: f421 f424 f426
- f428
    - flags: top simplicial
    - normal:   -0.8766  -0.4344  -0.2071
    - offset: -0.1119933
    - center: -0.1310726666666667 -0.02134593333333333 0.05878886666666666 
    - vertices: p630(v92) p611(v53) p66(v32)
    - neighboring facets: f644 f429 f640
- f429
    - flags: bottom simplicial
    - normal:   -0.8729  -0.4101  -0.2643
    - offset: -0.1078501
    - vertices: p630(v92) p190(v68) p66(v32)
    - neighboring facets: f320 f428 f430
- f430
    - flags: top simplicial
    - normal:   -0.9174  -0.2961  -0.2661
    - offset:  -0.112534
    - vertices: p630(v92) p190(v68) p595(v64)
    - neighboring facets: f322 f431 f429
- f431
    - flags: top simplicial
    - normal:   -0.9966 -0.07996  0.02168
    - offset: -0.1379446
    - vertices: p630(v92) p595(v64) p908(v0)
    - neighboring facets: f303 f432 f430
- f432
    - flags: bottom simplicial
    - normal:   -0.9699  -0.0254   0.2421
    - offset: -0.1467369
    - center: -0.1359966666666667 0.002845523333333334 0.06156013333333333 
    - vertices: p630(v92) p232(v30) p908(v0)
    - neighboring facets: f178 f431 f612
- f437
    - flags: top simplicial
    - normal:    -0.151  -0.5847  -0.7971
    - offset: -0.02532068
    - vertices: p20(v94) p765(v67) p631(v41)
    - neighboring facets: f568 f609 f439
- f439
    - flags: bottom simplicial
    - normal:   -0.1287   -0.645  -0.7533
    - offset: -0.0274158
    - vertices: p20(v94) p765(v67) p2(v5)
    - neighboring facets: f316 f441 f437
- f440
    - flags: bottom simplicial
    - normal:   -0.1068  -0.9835  -0.1458
    - offset: -0.05279262
    - vertices: p20(v94) p655(v29) p442(v16)
    - neighboring facets: f584 f608 f441
- f441
    - flags: top simplicial
    - normal:  -0.05571  -0.9358   -0.348
    - offset: -0.04333785
    - vertices: p20(v94) p655(v29) p2(v5)
    - neighboring facets: f286 f439 f440
- f450
    - flags: bottom simplicial
    - normal:    0.4552   0.8879  0.06664
    - offset:  -0.094719
    - vertices: p24(v96) p446(v70) p524(v26)
    - neighboring facets: f332 f521 f454
- f451
    - flags: top simplicial
    - normal:    0.5908   0.7919  -0.1547
    - offset: -0.09093357
    - vertices: p966(v97) p446(v70) p885(v24)
    - neighboring facets: f334 f452 f454
- f452
    - flags: bottom simplicial
    - normal:    0.6554    0.712   -0.252
    - offset: -0.08864196
    - vertices: p966(v97) p41(v35) p885(v24)
    - neighboring facets: f204 f451 f455
- f454
    - flags: top simplicial
    - normal:    0.5003   0.8657  0.01545
    - offset: -0.09472109
    - vertices: p966(v97) p24(v96) p446(v70)
    - neighboring facets: f450 f451 f525
- f455
    - flags: top simplicial
    - normal:    0.6896   0.6862  -0.2316
    - offset: -0.0927499
    - vertices: p966(v97) p41(v35) p557(v13)
    - neighboring facets: f149 f456 f452
- f456
    - flags: bottom simplicial
    - normal:    0.6902   0.6865  -0.2289
    - offset: -0.09300602
    - vertices: p966(v97) p520(v45) p557(v13)
    - neighboring facets: f209 f455 f524
- f459
    - flags: top simplicial
    - normal:  0.0005848        1 -0.003465
    - offset: -0.07616493
    - vertices: p25(v98) p421(v8) p684(v2)
    - neighboring facets: f100 f460 f533
- f460
    - flags: bottom simplicial
    - normal:  -0.001025   0.9999 -0.01495
    - offset: -0.07558387
    - vertices: p25(v98) p80(v71) p684(v2)
    - neighboring facets: f357 f459 f531
- f461
    - flags: bottom simplicial tested seen
    - normal:   0.07987   0.1146  -0.9902
    - offset: -0.01081202
    - center: 0.06187253333333333 0.05362446666666667 0.0002791710133333337 
    - vertices: p85(v99) p410(v72) p23(v3)
    - neighboring facets: f671 f462 f463
    - ridges:
- f462
    - flags: top simplicial tested
    - normal:   0.09288   0.2215  -0.9707
    - offset: -0.01782891
    - center: 0.05728723333333333 0.05981413333333333 0.0007616320066666657 
    - vertices: p85(v99) p547(v44) p23(v3)
    - neighboring facets: f425 f461 f465
- f463
    - flags: top simplicial tested seen
    - normal:    0.1991    0.197    -0.96
    - offset: -0.0230981
    - center: 0.07961086666666667 0.03813303333333334 0.0002791710133333303 
    - vertices: p85(v99) p410(v72) p717(v18)
    - neighboring facets: f670 f464 f461
    - ridges:
- f464
    - flags: bottom simplicial tested
    - normal:    0.4926   0.4563  -0.7411
    - offset: -0.05672142
    - center: 0.09640363333333334 0.02913746666666667 0.005479252006666665 
    - vertices: p85(v99) p41(v35) p717(v18)
    - neighboring facets: f261 f463 f465
- f465
    - flags: bottom simplicial tested
    - normal:    0.5348   0.5549  -0.6373
    - offset: -0.06516651
    - center: 0.08183923333333333 0.04541246666666666 0.005961713000000008 
    - vertices: p85(v99) p547(v44) p41(v35)
    - neighboring facets: f204 f464 f462
- f466
    - flags: top simplicial
    - normal:   0.01785  0.02061   0.9996
    - offset: -0.08668854
    - center: 0.08638439999999999 0.02505303333333334 0.08466206666666667 
    - vertices: p8(v100) p791(v48) p206(v27)
    - neighboring facets: f223 f654 f535
- f485
    - flags: top simplicial
    - normal:   -0.5371  -0.8088  -0.2395
    - offset: -0.07832487
    - vertices: p465(v103) p631(v41) p66(v32)
    - neighboring facets: f320 f610 f607
- f488
    - flags: top simplicial
    - normal:    0.9881  -0.1397 -0.06381
    - offset: -0.1313714
    - vertices: p946(v104) p702(v57) p237(v1)
    - neighboring facets: f393 f490 f489
- f489
    - flags: top simplicial
    - normal:    0.9366  -0.2463  -0.2492
    - offset:  -0.115881
    - vertices: p946(v104) p314(v83) p702(v57)
    - neighboring facets: f389 f488 f491
- f490
    - flags: bottom simplicial
    - normal:    0.9771  0.07272  -0.1997
    - offset:  -0.120138
    - vertices: p946(v104) p215(v82) p237(v1)
    - neighboring facets: f384 f488 f491
- f491
    - flags: bottom simplicial
    - normal:    0.9738  0.01117  -0.2273
    - offset: -0.1189587
    - vertices: p946(v104) p314(v83) p215(v82)
    - neighboring facets: f390 f490 f489
- f492
    - flags: bottom simplicial
    - normal:    0.4704  -0.8819  0.03016
    - offset: -0.09023948
    - vertices: p171(v105) p3(v85) p893(v36)
    - neighboring facets: f509 f544 f497
- f496
    - flags: top simplicial
    - normal:  0.009997  -0.9995   0.0309
    - offset: -0.05268415
    - vertices: p171(v105) p310(v87) p781(v9)
    - neighboring facets: f406 f552 f500
- f497
    - flags: top simplicial
    - normal:    0.1254  -0.9921 -0.0009329
    - offset: -0.06067156
    - vertices: p171(v105) p3(v85) p240(v37)
    - neighboring facets: f510 f500 f492
- f500
    - flags: bottom simplicial
    - normal:   0.02286  -0.9996  0.01555
    - offset: -0.05268448
    - vertices: p171(v105) p310(v87) p240(v37)
    - neighboring facets: f404 f497 f496
- f504
    - flags: top simplicial
    - normal:    0.8078  -0.5157  -0.2855
    - offset: -0.1013698
    - vertices: p17(v106) p702(v57) p518(v10)
    - neighboring facets: f389 f505 f513
- f505
    - flags: bottom simplicial
    - normal:    0.6759  -0.6241  -0.3919
    - offset: -0.08495264
    - vertices: p17(v106) p272(v88) p518(v10)
    - neighboring facets: f408 f504 f511
- f508
    - flags: top simplicial
    - normal:     0.565  -0.7793   -0.271
    - offset: -0.08025122
    - vertices: p170(v107) p272(v88) p240(v37)
    - neighboring facets: f412 f510 f511
- f509
    - flags: top simplicial
    - normal:    0.5189  -0.8468  -0.1173
    - offset: -0.08500495
    - vertices: p170(v107) p3(v85) p893(v36)
    - neighboring facets: f492 f512 f510
- f510
    - flags: bottom simplicial
    - normal:     0.512  -0.8454  -0.1523
    - offset: -0.08233562
    - vertices: p170(v107) p3(v85) p240(v37)
    - neighboring facets: f497 f508 f509
- f511
    - flags: top simplicial
    - normal:    0.7181  -0.6388  -0.2763
    - offset: -0.09338278
    - vertices: p170(v107) p17(v106) p272(v88)
    - neighboring facets: f505 f508 f513
- f512
    - flags: bottom simplicial
    - normal:    0.7594  -0.6187  -0.2014
    - offset: -0.1014761
    - vertices: p170(v107) p702(v57) p893(v36)
    - neighboring facets: f545 f509 f513
- f513
    - flags: bottom simplicial
    - normal:    0.7576  -0.6012  -0.2541
    - offset: -0.09793598
    - vertices: p170(v107) p17(v106) p702(v57)
    - neighboring facets: f504 f512 f511
- f516
    - flags: top simplicial
    - normal:   -0.5951   0.3281  -0.7336
    - offset: -0.06515071
    - vertices: p91(v108) p430(v42) p989(v40)
    - neighboring facets: f330 f517 f571
- f517
    - flags: bottom simplicial
    - normal:   -0.6692   0.1155  -0.7341
    - offset: -0.07293259
    - vertices: p91(v108) p190(v68) p989(v40)
    - neighboring facets: f322 f516 f566
- f520
    - flags: bottom simplicial
    - normal:    0.4462   0.8867   0.1214
    - offset: -0.09801366
    - vertices: p980(v109) p524(v26) p963(v14)
    - neighboring facets: f219 f527 f521
- f521
    - flags: bottom simplicial
    - normal:    0.4535   0.8875  0.08173
    - offset: -0.09566056
    - vertices: p980(v109) p24(v96) p524(v26)
    - neighboring facets: f450 f520 f526
- f524
    - flags: top simplicial
    - normal:     0.676   0.7336 -0.07065
    - offset: -0.1035814
    - vertices: p582(v110) p966(v97) p520(v45)
    - neighboring facets: f456 f529 f525
- f525
    - flags: bottom simplicial
    - normal:    0.5288   0.8481  0.03352
    - offset: -0.09838355
    - vertices: p582(v110) p966(v97) p24(v96)
    - neighboring facets: f454 f526 f524
- f526
    - flags: top simplicial
    - normal:    0.5453   0.8275   0.1337
    - offset: -0.1068436
    - vertices: p582(v110) p980(v109) p24(v96)
    - neighboring facets: f521 f525 f527
- f527
    - flags: bottom simplicial
    - normal:    0.5759   0.7857    0.226
    - offset: -0.1155571
    - vertices: p582(v110) p980(v109) p963(v14)
    - neighboring facets: f520 f528 f526
- f528
    - flags: top simplicial
    - normal:    0.6508    0.621   0.4367
    - offset: -0.1333052
    - vertices: p582(v110) p206(v27) p963(v14)
    - neighboring facets: f223 f527 f529
- f529
    - flags: top simplicial
    - normal:    0.7448   0.5955    0.301
    - offset: -0.1334457
    - vertices: p582(v110) p520(v45) p206(v27)
    - neighboring facets: f209 f528 f524
- f530
    - flags: top simplicial
    - normal:   0.01011   0.9995  -0.0285
    - offset: -0.07566622
    - vertices: p210(v111) p80(v71) p889(v43)
    - neighboring facets: f358 f532 f531
- f531
    - flags: top simplicial
    - normal:   0.01122   0.9997  -0.0205
    - offset: -0.07597305
    - vertices: p210(v111) p25(v98) p80(v71)
    - neighboring facets: f460 f530 f533
- f532
    - flags: top simplicial
    - normal:    0.3193   0.9474  0.02176
    - offset: -0.08984182
    - vertices: p210(v111) p889(v43) p421(v8)
    - neighboring facets: f331 f533 f530
- f533
    - flags: bottom simplicial
    - normal:    0.3022    0.953  0.01959
    - offset: -0.08928429
    - vertices: p210(v111) p25(v98) p421(v8)
    - neighboring facets: f459 f532 f531
- f534
    - flags: top simplicial seen
    - normal:   0.01692  0.02342   0.9996
    - offset: -0.08670276
    - center: 0.03781293 0.032869 0.08532873333333334 
    - vertices: p709(v112) p140(v79) p791(v48)
    - neighboring facets: f372 f535 f675
    - ridges:
- f535
    - flags: bottom simplicial seen
    - normal:   0.01701    0.023   0.9996
    - offset: -0.08669566
    - center: 0.0482232 0.0252812 0.08532873333333332 
    - vertices: p709(v112) p8(v100) p791(v48)
    - neighboring facets: f466 f534 f674
    - ridges:
- f544
    - flags: bottom simplicial
    - normal:    0.5254  -0.7979   0.2955
    - offset: -0.1123627
    - vertices: p126(v115) p171(v105) p893(v36)
    - neighboring facets: f492 f545 f578
- f545
    - flags: top simplicial
    - normal:    0.8398  -0.5421 -0.03099
    - offset: -0.1205211
    - vertices: p126(v115) p702(v57) p893(v36)
    - neighboring facets: f512 f544 f546
- f546
    - flags: top simplicial
    - normal:    0.8903  -0.4554 -0.0007299
    - offset: -0.1274585
    - vertices: p126(v115) p341(v58) p702(v57)
    - neighboring facets: f395 f545 f551
- f547
    - flags: top simplicial
    - normal:    0.8478  0.01222   0.5302
    - offset: -0.1537119
    - vertices: p126(v115) p206(v27) p237(v1)
    - neighboring facets: f104 f550 f576
- f550
    - flags: bottom simplicial
    - normal:    0.9595  -0.1614    0.231
    - offset: -0.1481695
    - vertices: p126(v115) p164(v84) p237(v1)
    - neighboring facets: f393 f547 f551
- f551
    - flags: top simplicial
    - normal:    0.9551  -0.2464   0.1644
    - offset: -0.1442603
    - vertices: p126(v115) p164(v84) p341(v58)
    - neighboring facets: f395 f546 f550
- f552
    - flags: top simplicial
    - normal:  -0.003095   -0.995  0.09946
    - offset: -0.05667936
    - vertices: p921(v116) p171(v105) p781(v9)
    - neighboring facets: f496 f586 f579
- f566
    - flags: top simplicial
    - normal:   -0.5488  -0.1477  -0.8228
    - offset: -0.05872931
    - vertices: p321(v117) p91(v108) p190(v68)
    - neighboring facets: f517 f567 f571
- f567
    - flags: top simplicial
    - normal:   -0.5934  -0.5894  -0.5482
    - offset: -0.07084681
    - vertices: p321(v117) p190(v68) p631(v41)
    - neighboring facets: f320 f568 f566
- f568
    - flags: bottom simplicial
    - normal:   -0.1543   -0.542  -0.8261
    - offset: -0.02358672
    - vertices: p321(v117) p765(v67) p631(v41)
    - neighboring facets: f437 f567 f569
- f569
    - flags: top simplicial
    - normal:  -0.01393 -0.06763  -0.9976
    - offset: -0.001050491
    - vertices: p321(v117) p765(v67) p340(v12)
    - neighboring facets: f316 f570 f568
- f570
    - flags: bottom simplicial
    - normal:   -0.0531 -0.03459   -0.998
    - offset: -0.004636075
    - vertices: p321(v117) p430(v42) p340(v12)
    - neighboring facets: f189 f569 f571
- f571
    - flags: bottom simplicial
    - normal:   -0.1902 -0.01183  -0.9817
    - offset: -0.0186908
    - vertices: p321(v117) p91(v108) p430(v42)
    - neighboring facets: f516 f570 f566
- f576
    - flags: bottom simplicial
    - normal:    0.1116 -0.04764   0.9926
    - offset: -0.09671192
    - center: 0.1210113333333333 -0.01342183333333333 0.08318543333333334 
    - vertices: p556(v119) p126(v115) p206(v27)
    - neighboring facets: f547 f651 f578
- f578
    - flags: top simplicial
    - normal:    0.3048  -0.5163   0.8003
    - offset: -0.1177949
    - vertices: p556(v119) p126(v115) p171(v105)
    - neighboring facets: f544 f579 f576
- f579
    - flags: bottom simplicial
    - normal:   0.02229  -0.3509   0.9361
    - offset: -0.09379666
    - center: 0.0409689 -0.04475743333333335 0.08244193333333334 
    - vertices: p556(v119) p921(v116) p171(v105)
    - neighboring facets: f552 f578 f628
- f584
    - flags: top simplicial
    - normal:  -0.04958  -0.9986  0.01948
    - offset: -0.05443018
    - vertices: p715(v120) p655(v29) p442(v16)
    - neighboring facets: f440 f604 f585
- f585
    - flags: bottom simplicial
    - normal:  -0.01679  -0.9989  0.04319
    - offset: -0.05336484
    - vertices: p715(v120) p655(v29) p781(v9)
    - neighboring facets: f406 f586 f584
- f586
    - flags: top simplicial
    - normal:  -0.01648  -0.9985  0.05271
    - offset: -0.05393223
    - vertices: p715(v120) p921(v116) p781(v9)
    - neighboring facets: f552 f585 f634
- f604
    - flags: top simplicial
    - normal:     -0.17  -0.9854 -0.005419
    - offset: -0.06177392
    - vertices: p492(v123) p715(v120) p442(v16)
    - neighboring facets: f584 f608 f635
- f607
    - flags: bottom simplicial
    - normal:   -0.5186  -0.8236  -0.2296
    - offset: -0.07728829
    - vertices: p492(v123) p465(v103) p631(v41)
    - neighboring facets: f485 f609 f610
- f608
    - flags: bottom simplicial
    - normal:   -0.3324  -0.9288  -0.1636
    - offset: -0.06591809
    - vertices: p492(v123) p20(v94) p442(v16)
    - neighboring facets: f440 f604 f609
- f609
    - flags: top simplicial
    - normal:   -0.3729  -0.9072  -0.1949
    - offset: -0.06720942
    - vertices: p492(v123) p20(v94) p631(v41)
    - neighboring facets: f437 f607 f608
- f610
    - flags: top simplicial
    - normal:   -0.5375  -0.8127  -0.2251
    - offset: -0.07923739
    - vertices: p492(v123) p465(v103) p66(v32)
    - neighboring facets: f485 f622 f607
- f612
    - flags: top simplicial tested
    - normal:    -0.958 -0.04153   0.2837
    - offset: -0.1477521
    - center: -0.1330743333333333 -0.003608933333333334 0.07089996666666666 
    - vertices: p297(v124) p630(v92) p232(v30)
    - neighboring facets: f432 f613 f641
- f613
    - flags: top simplicial tested
    - normal:   -0.7307   0.1541   0.6651
    - offset: -0.1471764
    - center: -0.126671 0.01260506666666667 0.07920006666666668 
    - vertices: p297(v124) p232(v30) p57(v6)
    - neighboring facets: f237 f616 f612
- f616
    - flags: bottom simplicial tested
    - normal:  -0.01793  0.00378   0.9998
    - offset: -0.08622149
    - center: -0.08382587000000001 0.01876223333333333 0.08466206666666667 
    - vertices: p297(v124) p140(v79) p57(v6)
    - neighboring facets: f367 f613 f656
- f622
    - flags: top simplicial
    - normal:   -0.6597  -0.7461 -0.09053
    - offset: -0.09973146
    - vertices: p854(v125) p492(v123) p66(v32)
    - neighboring facets: f610 f645 f623
- f623
    - flags: bottom simplicial
    - normal:   -0.6512  -0.7556  -0.0711
    - offset: -0.1006114
    - vertices: p854(v125) p492(v123) p567(v121)
    - neighboring facets: f636 f643 f622
- f628
    - flags: top simplicial tested
    - normal:   0.01351  -0.2172    0.976
    - offset: -0.09133949
    - center: 0.008774516666666662 -0.03973156666666666 0.08461876666666666 
    - vertices: p646(v127) p556(v119) p921(v116)
    - neighboring facets: f579 f659 f650
- f634
    - flags: bottom simplicial
    - normal:  -0.08649  -0.9939  0.06843
    - offset: -0.06030037
    - vertices: p503(v128) p715(v120) p921(v116)
    - neighboring facets: f586 f660 f635
- f635
    - flags: bottom simplicial
    - normal:   -0.1616  -0.9864  0.02846
    - offset: -0.0633372
    - vertices: p503(v128) p492(v123) p715(v120)
    - neighboring facets: f604 f634 f636
- f636
    - flags: top simplicial
    - normal:   -0.3118  -0.8849   0.3461
    - offset: -0.09872837
    - center: -0.1077215333333333 -0.0423224 0.08000990000000001 
    - vertices: p503(v128) p492(v123) p567(v121)
    - neighboring facets: f623 f664 f635
- f640
    - flags: bottom simplicial
    - normal:    -0.942  -0.2922   0.1652
    - offset: -0.1413359
    - vertices: p352(v129) p630(v92) p611(v53)
    - neighboring facets: f428 f644 f641
- f641
    - flags: bottom simplicial
    - normal:   -0.9427  -0.2427   0.2288
    - offset: -0.1446484
    - vertices: p352(v129) p297(v124) p630(v92)
    - neighboring facets: f612 f640 f642
- f642
    - flags: top simplicial
    - normal:   -0.8847  -0.3328   0.3265
    - offset: -0.1469386
    - center: -0.1262106666666666 -0.0274082 0.08013639999999998 
    - vertices: p352(v129) p297(v124) p567(v121)
    - neighboring facets: f663 f643 f641
- f643
    - flags: bottom simplicial
    - normal:   -0.7302   -0.683 -0.01425
    - offset: -0.1123619
    - vertices: p352(v129) p854(v125) p567(v121)
    - neighboring facets: f623 f642 f645
- f644
    - flags: bottom simplicial
    - normal:   -0.7683  -0.6332 -0.09386
    - offset: -0.1099834
    - vertices: p352(v129) p611(v53) p66(v32)
    - neighboring facets: f428 f645 f640
- f645
    - flags: top simplicial
    - normal:   -0.6791  -0.7292 -0.08442
    - offset: -0.1020114
    - vertices: p352(v129) p854(v125) p66(v32)
    - neighboring facets: f622 f644 f643
- f650
    - flags: bottom simplicial tested seen
    - normal:   0.01818 -0.02882   0.9994
    - offset: -0.08689038
    - center: 0.04338121666666667 -0.02854653333333333 0.08532873333333334 
    - vertices: p900(v131) p646(v127) p556(v119)
    - neighboring facets: f628 f651 f676
    - ridges:
- f651
    - flags: bottom simplicial tested
    - normal:   0.02361 -0.01008   0.9997
    - offset: -0.08678988
    - center: 0.08697216666666667 -0.01015463333333333 0.08466206666666667 
    - vertices: p900(v131) p556(v119) p206(v27)
    - neighboring facets: f576 f654 f650
- f654
    - flags: top simplicial tested seen
    - normal:   0.01924 0.002159   0.9998
    - offset: -0.08649628
    - center: 0.06080323333333334 0.006447966666666667 0.08532873333333334 
    - vertices: p900(v131) p8(v100) p206(v27)
    - neighboring facets: f466 f651 f677
    - ridges:
- f656
    - flags: top simplicial tested seen
    - normal:   -0.0175 0.002794   0.9998
    - offset: -0.08618448
    - center: -0.05008263666666666 -0.002603566666666668 0.08532873333333334 
    - vertices: p289(v132) p297(v124) p140(v79)
    - neighboring facets: f616 f675 f662
    - ridges:
- f659
    - flags: top simplicial
    - normal:  0.008527  -0.1922   0.9813
    - offset: -0.09094985
    - vertices: p495(v133) p646(v127) p921(v116)
    - neighboring facets: f628 f660 f661
- f660
    - flags: bottom simplicial
    - normal:  -0.03986  -0.5405   0.8404
    - offset: -0.09961147
    - vertices: p495(v133) p503(v128) p921(v116)
    - neighboring facets: f634 f659 f661
- f661
    - flags: top simplicial
    - normal:  -0.007604  -0.1031   0.9946
    - offset: -0.08908223
    - center: -0.05710055 -0.0430535 0.08466206666666667 
    - vertices: p495(v133) p503(v128) p646(v127)
    - neighboring facets: f666 f659 f660
- f662
    - flags: bottom simplicial tested
    - normal:  -0.01919  -0.0179   0.9997
    - offset: -0.08674364
    - center: -0.08568176666666667 -0.02605036666666667 0.08466206666666667 
    - vertices: p911(v134) p289(v132) p297(v124)
    - neighboring facets: f656 f663 f665
- f663
    - flags: bottom simplicial tested
    - normal:  -0.05903 -0.05506   0.9967
    - offset: -0.09226295
    - center: -0.1210003333333333 -0.02923663333333333 0.08378423333333333 
    - vertices: p911(v134) p297(v124) p567(v121)
    - neighboring facets: f642 f664 f662
- f664
    - flags: top simplicial tested
    - normal:  -0.05184 -0.09323   0.9943
    - offset: -0.09256057
    - center: -0.1080718666666667 -0.03917303333333334 0.08378423333333332 
    - vertices: p911(v134) p503(v128) p567(v121)
    - neighboring facets: f636 f663 f666
- f665
    - flags: top simplicial tested seen
    - normal:  -0.01807 -0.03159   0.9993
    - offset: -0.08706145
    - center: -0.04357871666666666 -0.03170796666666666 0.08532873333333334 
    - vertices: p911(v134) p289(v132) p646(v127)
    - neighboring facets: f676 f666 f662
    - ridges:
- f666
    - flags: bottom simplicial tested
    - normal:  -0.01807 -0.03249   0.9993
    - offset: -0.08708985
    - center: -0.06824881666666667 -0.03856336666666666 0.08466206666666667 
    - vertices: p911(v134) p503(v128) p646(v127)
    - neighboring facets: f661 f665 f664
- f667
    - flags: top simplicial tricoplanar keepcentrum
    - owner of normal & centrum is facet f667
    - normal:        -0       -0       -1
    - offset: -4.64298e-06
    - center: 0.01599301428571428 0.03185542857142857 -4.64298e-06 
    - vertices: p410(v72) p563(v22) p340(v12)
    - neighboring facets: f189 f668 f669
- f668
    - flags: bottom simplicial tricoplanar
    - owner of normal & centrum is facet f667
    - normal:        -0       -0       -1
    - offset: -4.64298e-06
    - center: 0.01599301428571428 0.03185542857142857 -4.64298e-06 
    - vertices: p410(v72) p793(v54) p340(v12)
    - neighboring facets: f257 f667 f670
- f669
    - flags: top simplicial tricoplanar
    - owner of normal & centrum is facet f667
    - normal:        -0       -0       -1
    - offset: -4.64298e-06
    - center: 0.01599301428571428 0.03185542857142857 -4.64298e-06 
    - vertices: p410(v72) p558(v39) p563(v22)
    - neighboring facets: f413 f667 f671
- f670
    - flags: top simplicial tricoplanar
    - owner of normal & centrum is facet f667
    - normal:        -0       -0       -1
    - offset: -4.64298e-06
    - center: 0.01599301428571428 0.03185542857142857 -4.64298e-06 
    - vertices: p410(v72) p793(v54) p717(v18)
    - neighboring facets: f254 f463 f668
- f671
    - flags: bottom simplicial tricoplanar
    - owner of normal & centrum is facet f667
    - normal:        -0       -0       -1
    - offset: -4.64298e-06
    - center: 0.01599301428571428 0.03185542857142857 -4.64298e-06 
    - vertices: p410(v72) p558(v39) p23(v3)
    - neighboring facets: f423 f461 f669
- f674
    - flags: top simplicial tricoplanar keepcentrum
    - owner of normal & centrum is facet f674
    - normal:         0        0        1
    - offset: -0.0859954
    - center: 0.007331223333333334 -0.0007925166666666664 0.0859954 
    - vertices: p289(v132) p709(v112) p8(v100)
    - neighboring facets: f535 f677 f675
- f675
    - flags: bottom simplicial tricoplanar
    - owner of normal & centrum is facet f674
    - normal:         0        0        1
    - offset: -0.0859954
    - center: 0.007331223333333334 -0.0007925166666666664 0.0859954 
    - vertices: p289(v132) p709(v112) p140(v79)
    - neighboring facets: f534 f656 f674
- f676
    - flags: top simplicial tricoplanar
    - owner of normal & centrum is facet f674
    - normal:         0        0        1
    - offset: -0.0859954
    - center: 0.007331223333333334 -0.0007925166666666664 0.0859954 
    - vertices: p289(v132) p900(v131) p646(v127)
    - neighboring facets: f650 f665 f677
- f677
    - flags: bottom simplicial tricoplanar
    - owner of normal & centrum is facet f674
    - normal:         0        0        1
    - offset: -0.0859954
    - center: 0.007331223333333334 -0.0007925166666666664 0.0859954 
    - vertices: p289(v132) p900(v131) p8(v100)
    - neighboring facets: f654 f674 f676
